date,vaccine,people_vaccinated,people_fully_vaccinated,people_boosted_1,people_boosted_2,total_vaccinations
2020-12-27,Pfizer/BioNTech,1288,0,0,0,1288
2020-12-28,Pfizer/BioNTech,3589,0,0,0,3589
2020-12-29,Pfizer/BioNTech,7055,1,0,0,7056
2020-12-30,Pfizer/BioNTech,10570,1,0,0,10571
2020-12-31,Pfizer/BioNTech,11882,1,0,0,11883
2021-01-01,"Moderna, Pfizer/BioNTech",12151,1,0,0,12152
2021-01-02,"Moderna, Pfizer/BioNTech",13440,2,0,0,13442
2021-01-03,"Moderna, Pfizer/BioNTech",14367,2,0,0,14369
2021-01-04,"Moderna, Pfizer/BioNTech",17972,3,0,0,17975
2021-01-05,"Moderna, Pfizer/BioNTech",22483,4,0,0,22487
2021-01-06,"Moderna, Pfizer/BioNTech",28324,5,0,0,28329
2021-01-07,"Moderna, Pfizer/BioNTech",36321,5,0,0,36326
2021-01-08,"Moderna, Pfizer/BioNTech",46360,6,0,0,46366
2021-01-09,"Moderna, Pfizer/BioNTech",48387,8,0,0,48395
2021-01-10,"Indie/AstraZeneca, Pfizer/BioNTech",50162,10,0,0,50172
2021-01-11,"Moderna, Pfizer/BioNTech",60020,12,0,0,60032
2021-01-12,"Moderna, Pfizer/BioNTech",73472,14,0,0,73486
2021-01-13,"Indie/Bahrat Biotech, Moderna, Pfizer/BioNTech, Čína",87003,15,0,0,87018
2021-01-14,"Moderna, Pfizer/BioNTech",102241,19,0,0,102260
2021-01-15,"Moderna, Pfizer/BioNTech",116251,20,0,0,116271
2021-01-16,"Moderna, Pfizer/BioNTech",119649,24,0,0,119673
2021-01-17,"Moderna, Pfizer/BioNTech",122264,660,0,0,122924
2021-01-18,"Moderna, Pfizer/BioNTech",134737,2484,0,0,137221
2021-01-19,"Moderna, Pfizer/BioNTech",147329,5211,0,0,152540
2021-01-20,"Moderna, Pfizer/BioNTech",161014,7873,0,0,168887
2021-01-21,"Moderna, Pfizer/BioNTech",176660,9615,0,0,186275
2021-01-22,"Moderna, Pfizer/BioNTech",191531,10658,0,0,202189
2021-01-23,"Moderna, Pfizer/BioNTech",194845,11538,0,0,206383
2021-01-24,"Moderna, Pfizer/BioNTech",197098,12410,0,0,209508
2021-01-25,"Moderna, Pfizer/BioNTech",206748,15373,0,0,222121
2021-01-26,"Moderna, Pfizer/BioNTech",217273,19356,0,0,236629
2021-01-27,"Indie/Bahrat Biotech, Moderna, Pfizer/BioNTech, Čína",226298,23884,0,0,250182
2021-01-28,"Moderna, Pfizer/BioNTech",233401,30014,0,0,263415
2021-01-29,"Indie/AstraZeneca, Moderna, Pfizer/BioNTech",239611,37914,0,0,277525
2021-01-30,"Moderna, Pfizer/BioNTech",240351,39001,0,0,279352
2021-01-31,"Moderna, Pfizer/BioNTech",241069,40183,0,0,281252
2021-02-01,"Moderna, Pfizer/BioNTech",245050,48150,0,0,293200
2021-02-02,"Moderna, Pfizer/BioNTech",249203,58387,0,0,307590
2021-02-03,"Moderna, Pfizer/BioNTech",253623,69396,0,0,323019
2021-02-04,"Moderna, Pfizer/BioNTech",258516,82379,0,0,340895
2021-02-05,"Moderna, Pfizer/BioNTech",263985,93044,0,0,357029
2021-02-06,"Moderna, Oxford/AstraZeneca, Pfizer/BioNTech, Čína",264844,95408,0,0,360252
2021-02-07,"Moderna, Oxford/AstraZeneca, Pfizer/BioNTech",265695,97904,0,0,363599
2021-02-08,"Moderna, Oxford/AstraZeneca, Pfizer/BioNTech",269783,109317,0,0,379100
2021-02-09,"Moderna, Oxford/AstraZeneca, Pfizer/BioNTech",274888,121214,0,0,396102
2021-02-10,"Moderna, Oxford/AstraZeneca, Pfizer/BioNTech",280407,134458,0,0,414865
2021-02-11,"Indie/AstraZeneca, Moderna, Oxford/AstraZeneca, Pfizer/BioNTech",286743,150658,0,0,437401
2021-02-12,"Moderna, Oxford/AstraZeneca, Pfizer/BioNTech",293571,165387,0,0,458958
2021-02-13,"Moderna, Oxford/AstraZeneca, Pfizer/BioNTech",295189,168370,0,0,463559
2021-02-14,"Moderna, Oxford/AstraZeneca, Pfizer/BioNTech",296192,169754,0,0,465946
2021-02-15,"Moderna, Oxford/AstraZeneca, Pfizer/BioNTech",302584,179116,0,0,481700
2021-02-16,"Moderna, Oxford/AstraZeneca, Pfizer/BioNTech",311296,188181,0,0,499477
2021-02-17,"Moderna, Oxford/AstraZeneca, Pfizer/BioNTech",320991,196489,0,0,517480
2021-02-18,"Moderna, Oxford/AstraZeneca, Pfizer/BioNTech",333312,204571,0,0,537883
2021-02-19,"Moderna, Oxford/AstraZeneca, Pfizer/BioNTech",345173,211941,0,0,557114
2021-02-20,"Moderna, Oxford/AstraZeneca, Pfizer/BioNTech, Čína",347183,213125,0,0,560308
2021-02-21,"Moderna, Oxford/AstraZeneca, Pfizer/BioNTech",348321,214150,0,0,562471
2021-02-22,"Moderna, Oxford/AstraZeneca, Pfizer/BioNTech",358434,220186,0,0,578620
2021-02-23,"Moderna, Oxford/AstraZeneca, Pfizer/BioNTech",371394,227168,0,0,598562
2021-02-24,"Moderna, Oxford/AstraZeneca, Pfizer/BioNTech",385267,233203,0,0,618470
2021-02-25,"Moderna, Oxford/AstraZeneca, Pfizer/BioNTech",403233,238748,0,0,641981
2021-02-26,"Moderna, Oxford/AstraZeneca, Pfizer/BioNTech",419398,244103,0,0,663501
2021-02-27,"Moderna, Oxford/AstraZeneca, Pfizer/BioNTech",422404,244662,0,0,667066
2021-02-28,"Moderna, Oxford/AstraZeneca, Pfizer/BioNTech",424760,245213,0,0,669973
2021-03-01,"Moderna, Oxford/AstraZeneca, Pfizer/BioNTech",444346,248655,0,0,693001
2021-03-02,"Indie/AstraZeneca, Moderna, Oxford/AstraZeneca, Pfizer/BioNTech",471559,252207,0,0,723766
2021-03-03,"Moderna, Oxford/AstraZeneca, Pfizer/BioNTech",502494,256715,0,0,759209
2021-03-04,"Moderna, Oxford/AstraZeneca, Pfizer/BioNTech",535743,261395,0,0,797138
2021-03-05,"Johnson&Johnson, Moderna, Oxford/AstraZeneca, Pfizer/BioNTech",564578,266819,0,0,831397
2021-03-06,"Johnson&Johnson, Moderna, Oxford/AstraZeneca, Pfizer/BioNTech",576733,267686,0,0,844419
2021-03-07,"Johnson&Johnson, Moderna, Oxford/AstraZeneca, Pfizer/BioNTech, Čína",588271,268528,0,0,856799
2021-03-08,"Johnson&Johnson, Moderna, Oxford/AstraZeneca, Pfizer/BioNTech",617993,273387,0,0,891380
2021-03-09,"Johnson&Johnson, Moderna, Oxford/AstraZeneca, Pfizer/BioNTech",654334,279767,0,0,934101
2021-03-10,"Johnson&Johnson, Moderna, Oxford/AstraZeneca, Pfizer/BioNTech",695620,286726,0,0,982346
2021-03-11,"Indie/AstraZeneca, Johnson&Johnson, Moderna, Oxford/AstraZeneca, Pfizer/BioNTech",740435,295099,0,0,1035534
2021-03-12,"Johnson&Johnson, Moderna, Oxford/AstraZeneca, Pfizer/BioNTech, Čína",779147,303591,0,0,1082738
2021-03-13,"Johnson&Johnson, Moderna, Oxford/AstraZeneca, Pfizer/BioNTech",796241,304907,0,0,1101148
2021-03-14,"Johnson&Johnson, Moderna, Oxford/AstraZeneca, Pfizer/BioNTech",808354,306063,0,0,1114417
2021-03-15,"Johnson&Johnson, Moderna, Oxford/AstraZeneca, Pfizer/BioNTech",836721,314834,0,0,1151555
2021-03-16,"Johnson&Johnson, Moderna, Oxford/AstraZeneca, Pfizer/BioNTech",875577,325367,0,0,1200944
2021-03-17,"Moderna, Oxford/AstraZeneca, Pfizer/BioNTech",913020,335875,0,0,1248895
2021-03-18,"Johnson&Johnson, Moderna, Oxford/AstraZeneca, Pfizer/BioNTech",950994,348289,0,0,1299283
2021-03-19,"Johnson&Johnson, Moderna, Oxford/AstraZeneca, Pfizer/BioNTech",985474,361894,0,0,1347368
2021-03-20,"Johnson&Johnson, Moderna, Oxford/AstraZeneca, Pfizer/BioNTech",1000640,363921,0,0,1364561
2021-03-21,"Johnson&Johnson, Moderna, Oxford/AstraZeneca, Pfizer/BioNTech, Čína",1008088,365479,0,0,1373567
2021-03-22,"Indie/AstraZeneca, Johnson&Johnson, Moderna, Oxford/AstraZeneca, Pfizer/BioNTech",1032644,377964,0,0,1410608
2021-03-23,"Johnson&Johnson, Moderna, Oxford/AstraZeneca, Pfizer/BioNTech",1059293,391329,0,0,1450622
2021-03-24,"Indie/AstraZeneca, Johnson&Johnson, Moderna, Oxford/AstraZeneca, Pfizer/BioNTech, Čína",1086172,407063,0,0,1493235
2021-03-25,"Indie/AstraZeneca, Johnson&Johnson, Moderna, Oxford/AstraZeneca, Pfizer/BioNTech",1112494,424902,0,0,1537396
2021-03-26,"Indie/AstraZeneca, Johnson&Johnson, Moderna, Oxford/AstraZeneca, Pfizer/BioNTech",1137303,442398,0,0,1579701
2021-03-27,"Johnson&Johnson, Moderna, Oxford/AstraZeneca, Pfizer/BioNTech, Čína",1145763,447240,0,0,1593003
2021-03-28,"Moderna, Oxford/AstraZeneca, Pfizer/BioNTech, Čína",1151310,451387,0,0,1602697
2021-03-29,"Johnson&Johnson, Moderna, Oxford/AstraZeneca, Pfizer/BioNTech",1170448,472111,0,0,1642559
2021-03-30,"Johnson&Johnson, Moderna, Oxford/AstraZeneca, Pfizer/BioNTech",1195139,494283,0,0,1689422
2021-03-31,"Indie/AstraZeneca, Johnson&Johnson, Moderna, Oxford/AstraZeneca, Pfizer/BioNTech, Čína",1218282,521325,0,0,1739607
2021-04-01,"Indie/AstraZeneca, Johnson&Johnson, Moderna, Oxford/AstraZeneca, Pfizer/BioNTech",1243959,553354,0,0,1797313
2021-04-02,"Indie/AstraZeneca, Johnson&Johnson, Moderna, Oxford/AstraZeneca, Pfizer/BioNTech",1250944,566147,0,0,1817091
2021-04-03,"Johnson&Johnson, Moderna, Oxford/AstraZeneca, Pfizer/BioNTech",1254598,577076,0,0,1831674
2021-04-04,"Johnson&Johnson, Moderna, Oxford/AstraZeneca, Pfizer/BioNTech",1257145,585996,0,0,1843141
2021-04-05,"Indie/AstraZeneca, Johnson&Johnson, Moderna, Oxford/AstraZeneca, Pfizer/BioNTech",1259583,593191,0,0,1852774
2021-04-06,"Indie/AstraZeneca, Johnson&Johnson, Moderna, Oxford/AstraZeneca, Pfizer/BioNTech, Čína",1275783,622449,0,0,1898232
2021-04-07,"Johnson&Johnson, Moderna, Oxford/AstraZeneca, Pfizer/BioNTech",1299264,644672,0,0,1943936
2021-04-08,"Indie/AstraZeneca, Johnson&Johnson, Moderna, Oxford/AstraZeneca, Pfizer/BioNTech",1338037,675699,0,0,2013736
2021-04-09,"Indie/AstraZeneca, Johnson&Johnson, Moderna, Oxford/AstraZeneca, Pfizer/BioNTech, Čína",1377589,705878,0,0,2083467
2021-04-10,"Johnson&Johnson, Moderna, Oxford/AstraZeneca, Pfizer/BioNTech",1393156,721180,0,0,2114336
2021-04-11,"Indie/AstraZeneca, Johnson&Johnson, Moderna, Oxford/AstraZeneca, Pfizer/BioNTech",1402948,731231,0,0,2134179
2021-04-12,"Johnson&Johnson, Moderna, Oxford/AstraZeneca, Pfizer/BioNTech, Čína",1441224,756354,0,0,2197578
2021-04-13,"Indie/AstraZeneca, Moderna, Oxford/AstraZeneca, Pfizer/BioNTech",1477499,782380,0,0,2259879
2021-04-14,"Moderna, Oxford/AstraZeneca, Pfizer/BioNTech",1516349,809735,0,0,2326084
2021-04-15,"Moderna, Oxford/AstraZeneca, Pfizer/BioNTech",1564138,835491,0,0,2399629
2021-04-16,"Moderna, Oxford/AstraZeneca, Pfizer/BioNTech",1608820,861143,0,0,2469963
2021-04-17,"Indie/AstraZeneca, Moderna, Oxford/AstraZeneca, Pfizer/BioNTech",1625541,870162,0,0,2495703
2021-04-18,"Moderna, Oxford/AstraZeneca, Pfizer/BioNTech, Čína",1638542,875146,0,0,2513688
2021-04-19,"Johnson&Johnson, Moderna, Oxford/AstraZeneca, Pfizer/BioNTech",1682495,890563,0,0,2573058
2021-04-20,"Johnson&Johnson, Moderna, Oxford/AstraZeneca, Pfizer/BioNTech, Čína",1725047,906441,0,0,2631488
2021-04-21,"Moderna, Oxford/AstraZeneca, Pfizer/BioNTech",1772765,920799,0,0,2693564
2021-04-22,"Johnson&Johnson, Moderna, Oxford/AstraZeneca, Pfizer/BioNTech",1827253,938186,0,0,2765439
2021-04-23,"Johnson&Johnson, Moderna, Oxford/AstraZeneca, Pfizer/BioNTech, Čína",1877221,950247,0,0,2827468
2021-04-24,"Johnson&Johnson, Moderna, Oxford/AstraZeneca, Pfizer/BioNTech, Čína",1895090,955511,0,0,2850601
2021-04-25,"Johnson&Johnson, Moderna, Oxford/AstraZeneca, Pfizer/BioNTech",1909789,959511,0,0,2869300
2021-04-26,"Johnson&Johnson, Moderna, Oxford/AstraZeneca, Pfizer/BioNTech, Čína",1959354,967075,0,0,2926429
2021-04-27,"Johnson&Johnson, Moderna, Oxford/AstraZeneca, Pfizer/BioNTech, Čína",2008313,979312,0,0,2987625
2021-04-28,"Indie/AstraZeneca, Johnson&Johnson, Moderna, Oxford/AstraZeneca, Pfizer/BioNTech, Čína",2067054,993328,0,0,3060382
2021-04-29,"Indie/AstraZeneca, Johnson&Johnson, Moderna, Oxford/AstraZeneca, Pfizer/BioNTech",2132639,1009236,0,0,3141875
2021-04-30,"Indie/AstraZeneca, Johnson&Johnson, Moderna, Oxford/AstraZeneca, Pfizer/BioNTech, Čína",2194906,1019225,0,0,3214131
2021-05-01,"Indie/AstraZeneca, Johnson&Johnson, Moderna, Oxford/AstraZeneca, Pfizer/BioNTech",2214299,1022691,0,0,3236990
2021-05-02,"Johnson&Johnson, Moderna, Oxford/AstraZeneca, Pfizer/BioNTech",2233242,1024983,0,0,3258225
2021-05-03,"Johnson&Johnson, Moderna, Oxford/AstraZeneca, Pfizer/BioNTech",2300451,1030065,0,0,3330516
2021-05-04,"Johnson&Johnson, Moderna, Oxford/AstraZeneca, Pfizer/BioNTech",2366973,1038431,0,0,3405404
2021-05-05,"Johnson&Johnson, Moderna, Oxford/AstraZeneca, Pfizer/BioNTech",2440157,1047871,0,0,3488028
2021-05-06,"Johnson&Johnson, Moderna, Oxford/AstraZeneca, Pfizer/BioNTech, Čína",2520565,1058614,0,0,3579179
2021-05-07,"Indie/AstraZeneca, Johnson&Johnson, Moderna, Oxford/AstraZeneca, Pfizer/BioNTech",2597865,1068752,0,0,3666617
2021-05-08,"Johnson&Johnson, Moderna, Oxford/AstraZeneca, Pfizer/BioNTech",2627407,1070550,0,0,3697957
2021-05-09,"Johnson&Johnson, Moderna, Oxford/AstraZeneca, Pfizer/BioNTech",2651644,1071774,0,0,3723418
2021-05-10,"Johnson&Johnson, Moderna, Oxford/AstraZeneca, Pfizer/BioNTech",2724419,1079023,0,0,3803442
2021-05-11,"Johnson&Johnson, Moderna, Oxford/AstraZeneca, Pfizer/BioNTech",2800541,1087854,0,0,3888395
2021-05-12,"Johnson&Johnson, Moderna, Oxford/AstraZeneca, Pfizer/BioNTech, Čína",2880451,1096993,0,0,3977444
2021-05-13,"Johnson&Johnson, Moderna, Oxford/AstraZeneca, Pfizer/BioNTech, Čína",2964479,1106177,0,0,4070656
2021-05-14,"Indie/AstraZeneca, Johnson&Johnson, Moderna, Oxford/AstraZeneca, Pfizer/BioNTech, Čína",3044035,1114004,0,0,4158039
2021-05-15,"Indie/AstraZeneca, Johnson&Johnson, Moderna, Oxford/AstraZeneca, Pfizer/BioNTech",3076005,1116291,0,0,4192296
2021-05-16,"Johnson&Johnson, Moderna, Oxford/AstraZeneca, Pfizer/BioNTech",3101818,1117581,0,0,4219399
2021-05-17,"Indie/AstraZeneca, Johnson&Johnson, Moderna, Oxford/AstraZeneca, Pfizer/BioNTech, Čína",3174342,1124334,0,0,4298676
2021-05-18,"Indie/AstraZeneca, Johnson&Johnson, Moderna, Oxford/AstraZeneca, Pfizer/BioNTech, Čína",3246316,1137451,0,0,4383767
2021-05-19,"Indie/AstraZeneca, Johnson&Johnson, Moderna, Oxford/AstraZeneca, Pfizer/BioNTech, Čína",3323805,1152615,0,0,4476420
2021-05-20,"Indie/AstraZeneca, Johnson&Johnson, Moderna, Oxford/AstraZeneca, Pfizer/BioNTech",3399287,1179663,0,0,4578950
2021-05-21,"Johnson&Johnson, Moderna, Oxford/AstraZeneca, Pfizer/BioNTech",3468139,1207459,0,0,4675598
2021-05-22,"Johnson&Johnson, Moderna, Oxford/AstraZeneca, Pfizer/BioNTech",3500616,1218704,0,0,4719320
2021-05-23,"Johnson&Johnson, Moderna, Oxford/AstraZeneca, Pfizer/BioNTech, Čína",3523065,1227738,0,0,4750803
2021-05-24,"Johnson&Johnson, Moderna, Oxford/AstraZeneca, Pfizer/BioNTech, Čína",3570285,1261378,0,0,4831663
2021-05-25,"Indie/AstraZeneca, Johnson&Johnson, Moderna, Oxford/AstraZeneca, Pfizer/BioNTech",3622209,1297205,0,0,4919414
2021-05-26,"Johnson&Johnson, Moderna, Oxford/AstraZeneca, Pfizer/BioNTech, Čína",3689967,1334735,1,0,5024702
2021-05-27,"Indie/AstraZeneca, Johnson&Johnson, Moderna, Oxford/AstraZeneca, Pfizer/BioNTech",3751407,1382067,1,0,5133474
2021-05-28,"Indie/AstraZeneca, Johnson&Johnson, Moderna, Oxford/AstraZeneca, Pfizer/BioNTech",3813161,1428647,1,0,5241808
2021-05-29,"Indie/AstraZeneca, Johnson&Johnson, Moderna, Oxford/AstraZeneca, Pfizer/BioNTech",3842445,1445795,1,0,5288240
2021-05-30,"Johnson&Johnson, Moderna, Oxford/AstraZeneca, Pfizer/BioNTech, Čína",3864866,1460261,1,0,5325127
2021-05-31,"Indie/AstraZeneca, Johnson&Johnson, Moderna, Oxford/AstraZeneca, Pfizer/BioNTech",3920613,1507766,1,0,5428379
2021-06-01,"Indie/AstraZeneca, Johnson&Johnson, Moderna, Oxford/AstraZeneca, Pfizer/BioNTech",3979738,1556620,1,0,5536358
2021-06-02,"Indie/AstraZeneca, Johnson&Johnson, Moderna, Oxford/AstraZeneca, Pfizer/BioNTech, Čína",4042716,1610603,1,0,5653319
2021-06-03,"Indie/AstraZeneca, Johnson&Johnson, Moderna, Oxford/AstraZeneca, Pfizer/BioNTech",4100977,1670777,1,0,5771754
2021-06-04,"Indie/AstraZeneca, Johnson&Johnson, Moderna, Oxford/AstraZeneca, Pfizer/BioNTech",4164122,1728146,1,0,5892268
2021-06-05,"Indie/AstraZeneca, Johnson&Johnson, Moderna, Oxford/AstraZeneca, Pfizer/BioNTech, Čína",4198335,1747070,1,0,5945405
2021-06-06,"Johnson&Johnson, Moderna, Oxford/AstraZeneca, Pfizer/BioNTech, Čína",4225308,1762238,1,0,5987546
2021-06-07,"Johnson&Johnson, Moderna, Oxford/AstraZeneca, Pfizer/BioNTech, Čína",4289002,1817855,1,0,6106857
2021-06-08,"Indie/AstraZeneca, Johnson&Johnson, Moderna, Oxford/AstraZeneca, Pfizer/BioNTech, Čína",4353018,1872840,1,0,6225858
2021-06-09,"Indie/AstraZeneca, Johnson&Johnson, Moderna, Oxford/AstraZeneca, Pfizer/BioNTech, Čína",4412243,1937487,1,0,6349730
2021-06-10,"Indie/AstraZeneca, Johnson&Johnson, Moderna, Oxford/AstraZeneca, Pfizer/BioNTech, Čína",4466118,2008761,1,0,6474879
2021-06-11,"Indie/Bahrat Biotech, Johnson&Johnson, Moderna, Oxford/AstraZeneca, Pfizer/BioNTech, Čína",4518260,2078593,1,0,6596853
2021-06-12,"Indie/AstraZeneca, Johnson&Johnson, Moderna, Oxford/AstraZeneca, Pfizer/BioNTech, Čína",4550308,2099448,1,1,6649756
2021-06-13,"Johnson&Johnson, Moderna, Oxford/AstraZeneca, Pfizer/BioNTech, Čína",4574348,2117890,1,1,6692238
2021-06-14,"Johnson&Johnson, Moderna, Oxford/AstraZeneca, Pfizer/BioNTech, Čína",4617458,2192232,1,1,6809690
2021-06-15,"Indie/AstraZeneca, Johnson&Johnson, Moderna, Oxford/AstraZeneca, Pfizer/BioNTech, Čína",4662151,2264608,1,1,6926759
2021-06-16,"Indie/AstraZeneca, Johnson&Johnson, Moderna, Oxford/AstraZeneca, Pfizer/BioNTech, Čína",4704993,2342820,1,1,7047813
2021-06-17,"Indie/AstraZeneca, Johnson&Johnson, Moderna, Oxford/AstraZeneca, Pfizer/BioNTech, Čína",4744451,2425910,1,1,7170361
2021-06-18,"Johnson&Johnson, Moderna, Oxford/AstraZeneca, Pfizer/BioNTech, Čína",4786914,2506477,1,1,7293391
2021-06-19,"Indie/AstraZeneca, Johnson&Johnson, Moderna, Oxford/AstraZeneca, Pfizer/BioNTech, Čína",4808726,2535838,1,1,7344564
2021-06-20,"Johnson&Johnson, Moderna, Oxford/AstraZeneca, Pfizer/BioNTech, Čína",4826142,2559719,1,1,7385861
2021-06-21,"Johnson&Johnson, Moderna, Oxford/AstraZeneca, Pfizer/BioNTech, Čína",4858676,2638319,1,1,7496995
2021-06-22,"Indie/AstraZeneca, Johnson&Johnson, Moderna, Oxford/AstraZeneca, Pfizer/BioNTech, Čína",4891664,2720632,1,1,7612296
2021-06-23,"Indie/AstraZeneca, Johnson&Johnson, Moderna, Oxford/AstraZeneca, Pfizer/BioNTech, Čína",4923410,2805864,1,1,7729274
2021-06-24,"Indie/AstraZeneca, Johnson&Johnson, Moderna, Oxford/AstraZeneca, Pfizer/BioNTech, Čína",4953300,2895912,1,1,7849212
2021-06-25,"Johnson&Johnson, Moderna, Oxford/AstraZeneca, Pfizer/BioNTech, Čína",4984409,2982170,1,1,7966579
2021-06-26,"Johnson&Johnson, Moderna, Oxford/AstraZeneca, Pfizer/BioNTech, Čína",5000327,3017071,1,1,8017398
2021-06-27,"Johnson&Johnson, Moderna, Oxford/AstraZeneca, Pfizer/BioNTech, Čína",5014298,3043794,1,1,8058092
2021-06-28,"Indie/AstraZeneca, Johnson&Johnson, Moderna, Oxford/AstraZeneca, Pfizer/BioNTech, Čína",5042743,3129016,1,1,8171759
2021-06-29,"Johnson&Johnson, Moderna, Oxford/AstraZeneca, Pfizer/BioNTech, Čína",5072048,3215562,1,1,8287610
2021-06-30,"Johnson&Johnson, Moderna, Oxford/AstraZeneca, Pfizer/BioNTech",5099572,3306614,2,1,8406186
2021-07-01,"Johnson&Johnson, Moderna, Oxford/AstraZeneca, Pfizer/BioNTech, Čína",5123605,3396710,2,1,8520315
2021-07-02,"Indie/AstraZeneca, Johnson&Johnson, Moderna, Oxford/AstraZeneca, Pfizer/BioNTech, Čína",5150388,3482661,2,1,8633049
2021-07-03,"Indie/AstraZeneca, Johnson&Johnson, Moderna, Oxford/AstraZeneca, Pfizer/BioNTech, Čína",5157520,3514247,2,1,8671767
2021-07-04,"Johnson&Johnson, Moderna, Oxford/AstraZeneca, Pfizer/BioNTech",5165123,3536077,2,1,8701200
2021-07-05,"Indie/AstraZeneca, Johnson&Johnson, Moderna, Oxford/AstraZeneca, Pfizer/BioNTech, Čína",5172571,3561524,2,1,8734095
2021-07-06,"Indie/AstraZeneca, Johnson&Johnson, Moderna, Oxford/AstraZeneca, Pfizer/BioNTech, Čína",5178083,3589289,2,1,8767372
2021-07-07,"Indie/AstraZeneca, Johnson&Johnson, Moderna, Oxford/AstraZeneca, Pfizer/BioNTech, Čína",5203942,3668303,2,1,8872245
2021-07-08,"Johnson&Johnson, Moderna, Oxford/AstraZeneca, Pfizer/BioNTech, Čína",5230578,3738654,2,2,8969232
2021-07-09,"Indie/AstraZeneca, Indie/Bahrat Biotech, Johnson&Johnson, Moderna, Oxford/AstraZeneca, Pfizer/BioNTech, Čína",5258549,3808013,2,2,9066562
2021-07-10,"Indie/AstraZeneca, Johnson&Johnson, Moderna, Oxford/AstraZeneca, Pfizer/BioNTech, Čína",5267957,3836710,3,2,9104667
2021-07-11,"Johnson&Johnson, Moderna, Oxford/AstraZeneca, Pfizer/BioNTech, Čína",5276525,3859610,3,2,9136135
2021-07-12,"Johnson&Johnson, Moderna, Oxford/AstraZeneca, Pfizer/BioNTech, Čína",5304101,3928693,3,2,9232794
2021-07-13,"Johnson&Johnson, Moderna, Oxford/AstraZeneca, Pfizer/BioNTech, Čína",5330334,3998592,3,2,9328926
2021-07-14,"Indie/AstraZeneca, Johnson&Johnson, Moderna, Oxford/AstraZeneca, Pfizer/BioNTech",5356199,4070607,3,2,9426806
2021-07-15,"Indie/AstraZeneca, Johnson&Johnson, Moderna, Oxford/AstraZeneca, Pfizer/BioNTech, Čína",5385414,4136645,3,2,9522059
2021-07-16,"Indie/AstraZeneca, Johnson&Johnson, Moderna, Oxford/AstraZeneca, Pfizer/BioNTech, Čína",5413395,4209406,3,2,9622801
2021-07-17,"Johnson&Johnson, Moderna, Oxford/AstraZeneca, Pfizer/BioNTech, Čína",5422222,4240907,3,2,9663129
2021-07-18,"Indie/AstraZeneca, Johnson&Johnson, Moderna, Oxford/AstraZeneca, Pfizer/BioNTech, Čína",5430682,4266929,3,2,9697611
2021-07-19,"Johnson&Johnson, Moderna, Oxford/AstraZeneca, Pfizer/BioNTech, Čína",5454072,4333957,3,3,9788029
2021-07-20,"Johnson&Johnson, Moderna, Oxford/AstraZeneca, Pfizer/BioNTech, Čína",5475524,4401038,5,3,9876562
2021-07-21,"Indie/AstraZeneca, Johnson&Johnson, Moderna, Oxford/AstraZeneca, Pfizer/BioNTech, Čína",5499018,4464534,5,3,9963552
2021-07-22,"Indie/AstraZeneca, Johnson&Johnson, Moderna, Oxford/AstraZeneca, Pfizer/BioNTech, Čína",5521417,4523209,5,3,10044626
2021-07-23,"Johnson&Johnson, Moderna, Oxford/AstraZeneca, Pfizer/BioNTech, Čína",5544696,4578020,5,3,10122716
2021-07-24,"Indie/AstraZeneca, Johnson&Johnson, Moderna, Oxford/AstraZeneca, Pfizer/BioNTech, Čína",5552086,4605715,5,3,10157801
2021-07-25,"Johnson&Johnson, Moderna, Oxford/AstraZeneca, Pfizer/BioNTech, Čína",5558754,4627866,5,3,10186620
2021-07-26,"Indie/AstraZeneca, Johnson&Johnson, Moderna, Oxford/AstraZeneca, Pfizer/BioNTech",5582340,4676573,5,3,10258913
2021-07-27,"Johnson&Johnson, Moderna, Oxford/AstraZeneca, Pfizer/BioNTech, Čína",5605133,4723268,5,3,10328401
2021-07-28,"Johnson&Johnson, Moderna, Oxford/AstraZeneca, Pfizer/BioNTech",5626459,4769339,5,7,10395798
2021-07-29,"Johnson&Johnson, Moderna, Oxford/AstraZeneca, Pfizer/BioNTech",5647824,4811369,5,7,10459193
2021-07-30,"Indie/AstraZeneca, Johnson&Johnson, Moderna, Oxford/AstraZeneca, Pfizer/BioNTech, Čína",5671152,4853990,6,7,10525142
2021-07-31,"Indie/AstraZeneca, Johnson&Johnson, Moderna, Oxford/AstraZeneca, Pfizer/BioNTech, Čína",5680135,4873566,6,7,10553701
2021-08-01,"Johnson&Johnson, Moderna, Oxford/AstraZeneca, Pfizer/BioNTech, Čína",5686896,4889755,6,7,10576651
2021-08-02,"Johnson&Johnson, Moderna, Oxford/AstraZeneca, Pfizer/BioNTech",5705577,4927360,6,7,10632937
2021-08-03,"Johnson&Johnson, Moderna, Oxford/AstraZeneca, Pfizer/BioNTech, Čína",5723275,4965531,6,7,10688806
2021-08-04,"Johnson&Johnson, Moderna, Oxford/AstraZeneca, Pfizer/BioNTech, Čína",5739433,5002354,6,7,10741787
2021-08-05,"Indie/AstraZeneca, Johnson&Johnson, Moderna, Oxford/AstraZeneca, Pfizer/BioNTech",5755516,5042894,6,7,10798410
2021-08-06,"Indie/AstraZeneca, Johnson&Johnson, Moderna, Oxford/AstraZeneca, Pfizer/BioNTech",5772369,5086264,6,7,10858633
2021-08-07,"Johnson&Johnson, Moderna, Oxford/AstraZeneca, Pfizer/BioNTech, Čína",5778010,5104473,6,7,10882483
2021-08-08,"Johnson&Johnson, Moderna, Oxford/AstraZeneca, Pfizer/BioNTech, Čína",5782398,5120263,7,7,10902661
2021-08-09,"Indie/AstraZeneca, Johnson&Johnson, Moderna, Oxford/AstraZeneca, Pfizer/BioNTech, Čína",5795060,5165384,7,8,10960444
2021-08-10,"Indie/AstraZeneca, Johnson&Johnson, Moderna, Oxford/AstraZeneca, Pfizer/BioNTech, Čína",5806953,5205016,7,8,11011969
2021-08-11,"Indie/AstraZeneca, Johnson&Johnson, Moderna, Oxford/AstraZeneca, Pfizer/BioNTech, Čína",5818352,5248200,7,8,11066552
2021-08-12,"Indie/AstraZeneca, Johnson&Johnson, Moderna, Oxford/AstraZeneca, Pfizer/BioNTech",5829799,5285377,7,8,11115176
2021-08-13,"Johnson&Johnson, Moderna, Oxford/AstraZeneca, Pfizer/BioNTech, Čína",5840557,5325778,7,8,11166335
2021-08-14,"Indie/AstraZeneca, Johnson&Johnson, Moderna, Oxford/AstraZeneca, Pfizer/BioNTech",5843919,5336519,7,8,11180438
2021-08-15,"Johnson&Johnson, Moderna, Oxford/AstraZeneca, Pfizer/BioNTech",5846521,5346925,7,8,11193446
2021-08-16,"Indie/AstraZeneca, Johnson&Johnson, Moderna, Oxford/AstraZeneca, Pfizer/BioNTech, Čína",5856335,5381041,7,8,11237376
2021-08-17,"Indie/AstraZeneca, Johnson&Johnson, Moderna, Oxford/AstraZeneca, Pfizer/BioNTech",5865948,5408199,7,8,11274147
2021-08-18,"Indie/AstraZeneca, Johnson&Johnson, Moderna, Oxford/AstraZeneca, Pfizer/BioNTech, Čína",5875350,5447146,7,8,11322496
2021-08-19,"Johnson&Johnson, Moderna, Oxford/AstraZeneca, Pfizer/BioNTech, Čína",5885049,5485535,7,8,11370584
2021-08-20,"Indie/AstraZeneca, Johnson&Johnson, Moderna, Oxford/AstraZeneca, Pfizer/BioNTech, Čína",5896470,5525784,7,8,11422254
2021-08-21,"Indie/AstraZeneca, Johnson&Johnson, Moderna, Oxford/AstraZeneca, Pfizer/BioNTech",5899210,5538594,7,8,11437804
2021-08-22,"Johnson&Johnson, Moderna, Oxford/AstraZeneca, Pfizer/BioNTech, Čína",5901565,5550590,7,8,11452155
2021-08-23,"Indie/AstraZeneca, Johnson&Johnson, Moderna, Oxford/AstraZeneca, Pfizer/BioNTech, Čína",5912118,5589909,9,8,11502027
2021-08-24,"Johnson&Johnson, Moderna, Oxford/AstraZeneca, Pfizer/BioNTech",5922008,5623177,9,8,11545185
2021-08-25,"Indie/AstraZeneca, Johnson&Johnson, Moderna, Oxford/AstraZeneca, Pfizer/BioNTech, Čína",5930902,5651622,10,8,11582524
2021-08-26,"Indie/AstraZeneca, Johnson&Johnson, Moderna, Oxford/AstraZeneca, Pfizer/BioNTech, Čína",5939372,5677824,12,10,11617196
2021-08-27,"Indie/AstraZeneca, Johnson&Johnson, Moderna, Oxford/AstraZeneca, Pfizer/BioNTech",5949714,5703867,13,10,11653581
2021-08-28,"Johnson&Johnson, Moderna, Oxford/AstraZeneca, Pfizer/BioNTech, Čína",5952468,5710974,13,10,11663442
2021-08-29,"Johnson&Johnson, Moderna, Oxford/AstraZeneca, Pfizer/BioNTech, Čína",5954890,5717616,13,10,11672506
2021-08-30,"Johnson&Johnson, Moderna, Oxford/AstraZeneca, Pfizer/BioNTech",5963433,5739540,13,10,11702973
2021-08-31,"Indie/AstraZeneca, Johnson&Johnson, Moderna, Oxford/AstraZeneca, Pfizer/BioNTech, Čína",5971133,5757696,13,10,11728829
2021-09-01,"Johnson&Johnson, Moderna, Oxford/AstraZeneca, Pfizer/BioNTech, Čína",5977085,5771743,14,10,11748828
2021-09-02,"Indie/AstraZeneca, Johnson&Johnson, Moderna, Oxford/AstraZeneca, Pfizer/BioNTech, Čína",5983944,5786168,14,10,11770112
2021-09-03,"Johnson&Johnson, Moderna, Oxford/AstraZeneca, Pfizer/BioNTech, Čína",5993515,5801940,14,10,11795455
2021-09-04,"Indie/AstraZeneca, Johnson&Johnson, Moderna, Oxford/AstraZeneca, Pfizer/BioNTech",5995604,5805529,14,10,11801133
2021-09-05,"Johnson&Johnson, Moderna, Oxford/AstraZeneca, Pfizer/BioNTech, Čína",5997658,5808388,14,10,11806046
2021-09-06,"Indie/AstraZeneca, Johnson&Johnson, Moderna, Oxford/AstraZeneca, Pfizer/BioNTech, Čína",6003915,5820969,14,10,11824884
2021-09-07,"Indie/AstraZeneca, Johnson&Johnson, Moderna, Oxford/AstraZeneca, Pfizer/BioNTech, Čína",6008320,5832093,15,10,11840413
2021-09-08,"Johnson&Johnson, Moderna, Oxford/AstraZeneca, Pfizer/BioNTech, Čína",6014014,5841989,18,10,11856003
2021-09-09,"Indie/AstraZeneca, Johnson&Johnson, Moderna, Oxford/AstraZeneca, Pfizer/BioNTech, Čína",6020719,5852085,19,10,11872804
2021-09-10,"Johnson&Johnson, Moderna, Oxford/AstraZeneca, Pfizer/BioNTech, Čína",6028446,5864309,20,10,11892755
2021-09-11,"Indie/AstraZeneca, Johnson&Johnson, Moderna, Oxford/AstraZeneca, Pfizer/BioNTech, Čína",6030334,5866835,20,11,11897169
2021-09-12,"Indie/AstraZeneca, Johnson&Johnson, Moderna, Oxford/AstraZeneca, Pfizer/BioNTech",6031461,5868484,21,11,11899945
2021-09-13,"Johnson&Johnson, Moderna, Oxford/AstraZeneca, Pfizer/BioNTech, Čína",6036922,5878818,21,11,11915740
2021-09-14,"Indie/AstraZeneca, Johnson&Johnson, Moderna, Oxford/AstraZeneca, Pfizer/BioNTech, Čína",6042340,5887854,21,11,11930194
2021-09-15,"Indie/AstraZeneca, Johnson&Johnson, Moderna, Oxford/AstraZeneca, Pfizer/BioNTech",6047574,5896407,27,11,11943981
2021-09-16,"Johnson&Johnson, Moderna, Oxford/AstraZeneca, Pfizer/BioNTech, Čína",6052956,5904702,27,11,11957658
2021-09-17,"Indie/AstraZeneca, Johnson&Johnson, Moderna, Oxford/AstraZeneca, Pfizer/BioNTech, Čína",6059542,5914959,31,11,11974501
2021-09-18,"Indie/AstraZeneca, Johnson&Johnson, Moderna, Oxford/AstraZeneca, Pfizer/BioNTech, Čína",6061284,5917339,33,11,11978623
2021-09-19,"Johnson&Johnson, Moderna, Oxford/AstraZeneca, Pfizer/BioNTech",6062239,5918915,35,11,11981154
2021-09-20,"Indie/AstraZeneca, Johnson&Johnson, Moderna, Oxford/AstraZeneca, Pfizer/BioNTech",6066280,5927143,470,11,11993423
2021-09-21,"Johnson&Johnson, Moderna, Oxford/AstraZeneca, Pfizer/BioNTech",6070535,5934703,924,11,12005238
2021-09-22,"Johnson&Johnson, Moderna, Oxford/AstraZeneca, Pfizer/BioNTech, Čína",6074741,5940254,1380,11,12014995
2021-09-23,"Johnson&Johnson, Moderna, Oxford/AstraZeneca, Pfizer/BioNTech, Čína",6079713,5946689,2391,12,12026402
2021-09-24,"Indie/AstraZeneca, Johnson&Johnson, Moderna, Oxford/AstraZeneca, Pfizer/BioNTech",6085484,5956324,2886,12,12041808
2021-09-25,"Indie/AstraZeneca, Johnson&Johnson, Moderna, Oxford/AstraZeneca, Pfizer/BioNTech",6086992,5958332,2967,12,12045324
2021-09-26,"Johnson&Johnson, Moderna, Oxford/AstraZeneca, Pfizer/BioNTech, Čína",6087745,5959980,3038,12,12047725
2021-09-27,"Indie/AstraZeneca, Johnson&Johnson, Moderna, Oxford/AstraZeneca, Pfizer/BioNTech, Čína",6091648,5966525,3787,12,12058173
2021-09-28,"Johnson&Johnson, Moderna, Oxford/AstraZeneca, Pfizer/BioNTech, Čína",6092039,5967173,3849,12,12059212
2021-09-29,"Indie/AstraZeneca, Johnson&Johnson, Moderna, Oxford/AstraZeneca, Pfizer/BioNTech, Čína",6095825,5974651,4862,12,12070476
2021-09-30,"Johnson&Johnson, Moderna, Oxford/AstraZeneca, Pfizer/BioNTech",6100359,5982384,6021,12,12082743
2021-10-01,"Indie/AstraZeneca, Johnson&Johnson, Moderna, Oxford/AstraZeneca, Pfizer/BioNTech, Čína",6104690,5990393,7889,12,12095083
2021-10-02,"Johnson&Johnson, Moderna, Oxford/AstraZeneca, Pfizer/BioNTech, Čína",6105765,5991954,7996,12,12097719
2021-10-03,"Johnson&Johnson, Moderna, Oxford/AstraZeneca, Pfizer/BioNTech",6106494,5992833,8082,12,12099327
2021-10-04,"Johnson&Johnson, Moderna, Oxford/AstraZeneca, Pfizer/BioNTech, Čína",6109585,5998425,9811,12,12108010
2021-10-05,"Johnson&Johnson, Moderna, Oxford/AstraZeneca, Pfizer/BioNTech, Čína",6112760,6003534,11943,13,12116294
2021-10-06,"Johnson&Johnson, Moderna, Oxford/AstraZeneca, Pfizer/BioNTech, Čína",6116294,6008727,14564,13,12125021
2021-10-07,"Johnson&Johnson, Moderna, Oxford/AstraZeneca, Pfizer/BioNTech",6119588,6014002,16970,13,12133590
2021-10-08,"Johnson&Johnson, Moderna, Oxford/AstraZeneca, Pfizer/BioNTech, Čína",6124403,6020668,20899,13,12145071
2021-10-09,"Indie/AstraZeneca, Johnson&Johnson, Moderna, Oxford/AstraZeneca, Pfizer/BioNTech",6125652,6022346,21364,13,12147998
2021-10-10,"Johnson&Johnson, Moderna, Oxford/AstraZeneca, Pfizer/BioNTech",6126606,6023190,21605,13,12149796
2021-10-11,"Indie/AstraZeneca, Johnson&Johnson, Moderna, Oxford/AstraZeneca, Pfizer/BioNTech, Čína",6129542,6027628,24266,13,12157170
2021-10-12,"Johnson&Johnson, Moderna, Oxford/AstraZeneca, Pfizer/BioNTech, Čína",6132500,6031640,27715,13,12164140
2021-10-13,"Johnson&Johnson, Moderna, Oxford/AstraZeneca, Pfizer/BioNTech, Čína",6136048,6035854,32092,13,12171902
2021-10-14,"Johnson&Johnson, Moderna, Oxford/AstraZeneca, Pfizer/BioNTech",6139726,6040811,36859,13,12180537
2021-10-15,"Johnson&Johnson, Moderna, Oxford/AstraZeneca, Pfizer/BioNTech, Čína",6144980,6046981,41955,13,12191961
2021-10-16,"Johnson&Johnson, Moderna, Oxford/AstraZeneca, Pfizer/BioNTech",6146406,6048522,43040,13,12194928
2021-10-17,"Johnson&Johnson, Moderna, Oxford/AstraZeneca, Pfizer/BioNTech, Čína",6147744,6049586,43603,13,12197330
2021-10-18,"Johnson&Johnson, Moderna, Oxford/AstraZeneca, Pfizer/BioNTech, Čína",6151879,6053710,50776,13,12205589
2021-10-19,"Johnson&Johnson, Moderna, Oxford/AstraZeneca, Pfizer/BioNTech",6155478,6055831,61717,13,12211309
2021-10-20,"Indie/AstraZeneca, Johnson&Johnson, Moderna, Oxford/AstraZeneca, Pfizer/BioNTech, Čína",6160391,6060306,76711,13,12220697
2021-10-21,"Johnson&Johnson, Moderna, Oxford/AstraZeneca, Pfizer/BioNTech, Čína",6168173,6065922,94296,13,12234095
2021-10-22,"Indie/AstraZeneca, Johnson&Johnson, Moderna, Oxford/AstraZeneca, Pfizer/BioNTech",6178654,6072431,113134,13,12251085
2021-10-23,"Indie/AstraZeneca, Johnson&Johnson, Moderna, Oxford/AstraZeneca, Pfizer/BioNTech, Čína",6182344,6074651,116801,13,12256995
2021-10-24,"Indie/AstraZeneca, Johnson&Johnson, Moderna, Oxford/AstraZeneca, Pfizer/BioNTech",6185039,6076441,119299,13,12261480
2021-10-25,"Indie/AstraZeneca, Johnson&Johnson, Moderna, Oxford/AstraZeneca, Pfizer/BioNTech, Čína",6195563,6082276,139141,13,12277839
2021-10-26,"Johnson&Johnson, Moderna, Oxford/AstraZeneca, Pfizer/BioNTech, Čína",6207580,6088837,161646,13,12296417
2021-10-27,"Johnson&Johnson, Moderna, Oxford/AstraZeneca, Pfizer/BioNTech, Čína",6222203,6096258,188043,14,12318461
2021-10-28,"Johnson&Johnson, Moderna, Oxford/AstraZeneca, Pfizer/BioNTech",6225650,6097963,192296,14,12323613
2021-10-29,"Johnson&Johnson, Moderna, Oxford/AstraZeneca, Pfizer/BioNTech, Čína",6240100,6105966,211363,14,12346066
2021-10-30,"Johnson&Johnson, Moderna, Oxford/AstraZeneca, Pfizer/BioNTech",6244643,6108896,215213,14,12353539
2021-10-31,"Johnson&Johnson, Moderna, Oxford/AstraZeneca, Pfizer/BioNTech",6248415,6111379,218915,14,12359794
2021-11-01,"Johnson&Johnson, Moderna, Oxford/AstraZeneca, Pfizer/BioNTech",6263624,6119069,240827,14,12382693
2021-11-02,"Johnson&Johnson, Moderna, Oxford/AstraZeneca, Pfizer/BioNTech, Čína",6279074,6126635,266312,14,12405709
2021-11-03,"Johnson&Johnson, Moderna, Oxford/AstraZeneca, Pfizer/BioNTech, Čína",6296272,6133939,296568,14,12430211
2021-11-04,"Johnson&Johnson, Moderna, Oxford/AstraZeneca, Pfizer/BioNTech, Čína",6314623,6142123,327706,14,12456746
2021-11-05,"Johnson&Johnson, Moderna, Oxford/AstraZeneca, Pfizer/BioNTech",6337430,6153423,358656,14,12490853
2021-11-06,"Indie/AstraZeneca, Johnson&Johnson, Moderna, Oxford/AstraZeneca, Pfizer/BioNTech, Čína",6343952,6156493,365472,14,12500445
2021-11-07,"Johnson&Johnson, Moderna, Oxford/AstraZeneca, Pfizer/BioNTech",6347989,6158938,370134,15,12506927
2021-11-08,"Johnson&Johnson, Moderna, Oxford/AstraZeneca, Pfizer/BioNTech, Čína",6364265,6166581,395382,15,12530846
2021-11-09,"Johnson&Johnson, Moderna, Oxford/AstraZeneca, Pfizer/BioNTech",6379092,6173903,423567,15,12552995
2021-11-10,"Johnson&Johnson, Moderna, Oxford/AstraZeneca, Pfizer/BioNTech, Čína",6394845,6181302,452303,15,12576147
2021-11-11,"Johnson&Johnson, Moderna, Oxford/AstraZeneca, Pfizer/BioNTech, Čína",6410331,6190426,479967,16,12600757
2021-11-12,"Johnson&Johnson, Moderna, Oxford/AstraZeneca, Pfizer/BioNTech",6430146,6203239,507494,16,12633385
2021-11-13,"Johnson&Johnson, Moderna, Oxford/AstraZeneca, Pfizer/BioNTech",6435546,6207129,513242,16,12642675
2021-11-14,"Johnson&Johnson, Moderna, Oxford/AstraZeneca, Pfizer/BioNTech, Čína",6439456,6210148,516893,16,12649604
2021-11-15,"Johnson&Johnson, Moderna, Oxford/AstraZeneca, Pfizer/BioNTech, Čína",6454554,6220873,539454,16,12675427
2021-11-16,"Johnson&Johnson, Moderna, Oxford/AstraZeneca, Pfizer/BioNTech, Čína",6472085,6232871,566519,16,12704956
2021-11-17,"Johnson&Johnson, Moderna, Oxford/AstraZeneca, Pfizer/BioNTech, Čína",6476343,6236457,571040,16,12712800
2021-11-18,"Johnson&Johnson, Moderna, Oxford/AstraZeneca, Pfizer/BioNTech, Čína",6495759,6248165,596765,16,12743924
2021-11-19,"Johnson&Johnson, Moderna, Oxford/AstraZeneca, Pfizer/BioNTech",6520380,6265156,622219,16,12785536
2021-11-20,"Johnson&Johnson, Moderna, Oxford/AstraZeneca, Pfizer/BioNTech",6528961,6270152,627809,16,12799113
2021-11-21,"Johnson&Johnson, Moderna, Oxford/AstraZeneca, Pfizer/BioNTech",6535728,6273941,630809,16,12809669
2021-11-22,"Johnson&Johnson, Moderna, Oxford/AstraZeneca, Pfizer/BioNTech, Čína",6554244,6288081,653413,16,12842325
2021-11-23,"Johnson&Johnson, Moderna, Oxford/AstraZeneca, Pfizer/BioNTech, Čína",6573316,6301358,682085,16,12874674
2021-11-24,"Johnson&Johnson, Moderna, Oxford/AstraZeneca, Pfizer/BioNTech, Čína",6592330,6317227,711181,16,12909557
2021-11-25,"Johnson&Johnson, Moderna, Oxford/AstraZeneca, Pfizer/BioNTech",6611483,6332274,744655,16,12943757
2021-11-26,"Johnson&Johnson, Moderna, Oxford/AstraZeneca, Pfizer/BioNTech, Pfizer/BioNTech Kids",6633149,6351426,779466,17,12984575
2021-11-27,"Johnson&Johnson, Moderna, Oxford/AstraZeneca, Pfizer/BioNTech",6640632,6356997,787432,17,12997629
2021-11-28,"Johnson&Johnson, Moderna, Oxford/AstraZeneca, Pfizer/BioNTech",6643967,6360145,794437,17,13004112
2021-11-29,"Johnson&Johnson, Moderna, Oxford/AstraZeneca, Pfizer/BioNTech, Pfizer/BioNTech Kids, Čína",6659180,6373813,833497,18,13032993
2021-11-30,"Johnson&Johnson, Moderna, Oxford/AstraZeneca, Pfizer/BioNTech, Pfizer/BioNTech Kids",6672395,6385060,884768,19,13057455
2021-12-01,"Johnson&Johnson, Moderna, Oxford/AstraZeneca, Pfizer/BioNTech, Pfizer/BioNTech Kids, Čína",6686455,6397533,948948,20,13083988
2021-12-02,"Johnson&Johnson, Moderna, Oxford/AstraZeneca, Pfizer/BioNTech, Pfizer/BioNTech Kids, Čína",6697112,6410043,1022092,21,13107155
2021-12-03,"Indie/AstraZeneca, Johnson&Johnson, Moderna, Oxford/AstraZeneca, Pfizer/BioNTech",6706763,6425643,1097968,23,13132406
2021-12-04,"Indie/AstraZeneca, Johnson&Johnson, Moderna, Pfizer/BioNTech, Pfizer/BioNTech Kids",6709327,6429610,1124471,23,13138937
2021-12-05,"Johnson&Johnson, Moderna, Oxford/AstraZeneca, Pfizer/BioNTech, Pfizer/BioNTech Kids",6710689,6431957,1143531,23,13142646
2021-12-06,"Johnson&Johnson, Moderna, Oxford/AstraZeneca, Pfizer/BioNTech, Pfizer/BioNTech Kids, Čína",6718846,6443502,1210372,23,13162348
2021-12-07,"Johnson&Johnson, Moderna, Oxford/AstraZeneca, Pfizer/BioNTech, Pfizer/BioNTech Kids",6726742,6455523,1288421,23,13182265
2021-12-08,"Johnson&Johnson, Moderna, Oxford/AstraZeneca, Pfizer/BioNTech, Pfizer/BioNTech Kids, Čína",6734994,6461463,1370311,24,13196457
2021-12-09,"Johnson&Johnson, Moderna, Oxford/AstraZeneca, Pfizer/BioNTech, Pfizer/BioNTech Kids",6742120,6474298,1451309,24,13216418
2021-12-10,"Johnson&Johnson, Moderna, Oxford/AstraZeneca, Pfizer/BioNTech, Pfizer/BioNTech Kids",6749054,6492124,1527807,25,13241178
2021-12-11,"Johnson&Johnson, Moderna, Oxford/AstraZeneca, Pfizer/BioNTech, Pfizer/BioNTech Kids",6750711,6497395,1553852,25,13248106
2021-12-12,"Johnson&Johnson, Moderna, Oxford/AstraZeneca, Pfizer/BioNTech, Pfizer/BioNTech Kids",6752024,6501841,1569900,25,13253865
2021-12-13,"Johnson&Johnson, Moderna, Oxford/AstraZeneca, Pfizer/BioNTech, Pfizer/BioNTech Kids",6758383,6515168,1630562,26,13273551
2021-12-14,"Johnson&Johnson, Moderna, Oxford/AstraZeneca, Pfizer/BioNTech, Pfizer/BioNTech Kids",6764596,6528849,1703973,28,13293445
2021-12-15,"Johnson&Johnson, Moderna, Oxford/AstraZeneca, Pfizer/BioNTech, Pfizer/BioNTech Kids, Čína",6770807,6542458,1777727,29,13313265
2021-12-16,"Indie/Bahrat Biotech, Johnson&Johnson, Moderna, Oxford/AstraZeneca, Pfizer/BioNTech, Pfizer/BioNTech Kids, Čína",6777749,6557306,1852581,29,13335055
2021-12-17,"Johnson&Johnson, Moderna, Oxford/AstraZeneca, Pfizer/BioNTech, Pfizer/BioNTech Kids",6786116,6574593,1926705,29,13360709
2021-12-18,"Johnson&Johnson, Moderna, Oxford/AstraZeneca, Pfizer/BioNTech, Pfizer/BioNTech Kids",6788730,6580056,1952365,29,13368786
2021-12-19,"Johnson&Johnson, Moderna, Pfizer/BioNTech, Pfizer/BioNTech Kids",6790505,6582566,1970520,29,13373071
2021-12-20,"Johnson&Johnson, Moderna, Oxford/AstraZeneca, Pfizer/BioNTech, Pfizer/BioNTech Kids, Čína",6796365,6596637,2035805,29,13393002
2021-12-21,"Johnson&Johnson, Moderna, Oxford/AstraZeneca, Pfizer/BioNTech, Pfizer/BioNTech Kids, Čína",6803028,6608661,2105219,30,13411689
2021-12-22,"Indie/AstraZeneca, Johnson&Johnson, Moderna, Oxford/AstraZeneca, Pfizer/BioNTech, Pfizer/BioNTech Kids",6808074,6621725,2163089,30,13429799
2021-12-23,"Johnson&Johnson, Moderna, Oxford/AstraZeneca, Pfizer/BioNTech, Pfizer/BioNTech Kids",6810951,6627342,2190653,30,13438293
2021-12-24,"Johnson&Johnson, Moderna, Oxford/AstraZeneca, Pfizer/BioNTech",6810998,6627452,2191083,30,13438450
2021-12-25,"Moderna, Pfizer/BioNTech, Pfizer/BioNTech Kids",6811001,6627470,2191107,30,13438471
2021-12-26,"Moderna, Pfizer/BioNTech, Pfizer/BioNTech Kids",6811104,6627674,2192106,30,13438778
2021-12-27,"Johnson&Johnson, Moderna, Pfizer/BioNTech, Pfizer/BioNTech Kids",6814971,6637424,2241691,30,13452395
2021-12-28,"Johnson&Johnson, Moderna, Oxford/AstraZeneca, Pfizer/BioNTech, Pfizer/BioNTech Kids",6820215,6645430,2300199,30,13465645
2021-12-29,"Johnson&Johnson, Moderna, Oxford/AstraZeneca, Pfizer/BioNTech, Pfizer/BioNTech Kids",6824497,6653159,2356890,30,13477656
2021-12-30,"Johnson&Johnson, Moderna, Pfizer/BioNTech, Pfizer/BioNTech Kids",6828801,6658599,2400595,30,13487400
2021-12-31,"Johnson&Johnson, Moderna, Pfizer/BioNTech, Pfizer/BioNTech Kids",6829312,6660030,2409647,30,13489342
2022-01-01,"Moderna, Pfizer/BioNTech, Pfizer/BioNTech Kids",6829320,6660048,2409683,30,13489368
2022-01-02,"Johnson&Johnson, Moderna, Oxford/AstraZeneca, Pfizer/BioNTech, Pfizer/BioNTech Kids",6830176,6661429,2422756,30,13491605
2022-01-03,"Johnson&Johnson, Moderna, Oxford/AstraZeneca, Pfizer/BioNTech, Pfizer/BioNTech Kids",6834314,6670342,2481988,30,13504656
2022-01-04,"Johnson&Johnson, Moderna, Oxford/AstraZeneca, Pfizer/BioNTech, Pfizer/BioNTech Kids",6839401,6678103,2558624,30,13517504
2022-01-05,"Johnson&Johnson, Moderna, Oxford/AstraZeneca, Pfizer/BioNTech, Pfizer/BioNTech Kids, Čína",6845227,6686087,2639448,30,13531314
2022-01-06,"Johnson&Johnson, Moderna, Oxford/AstraZeneca, Pfizer/BioNTech, Pfizer/BioNTech Kids",6851819,6694491,2726516,31,13546310
2022-01-07,"Johnson&Johnson, Moderna, Oxford/AstraZeneca, Pfizer/BioNTech, Pfizer/BioNTech Kids",6859708,6704848,2820448,31,13564556
2022-01-08,"Johnson&Johnson, Moderna, Oxford/AstraZeneca, Pfizer/BioNTech, Pfizer/BioNTech Kids",6862186,6707627,2849719,31,13569813
2022-01-09,"Indie/AstraZeneca, Johnson&Johnson, Moderna, Pfizer/BioNTech, Pfizer/BioNTech Kids",6863269,6709328,2866997,31,13572597
2022-01-10,"Johnson&Johnson, Moderna, Oxford/AstraZeneca, Pfizer/BioNTech, Pfizer/BioNTech Kids",6867781,6715524,2935959,32,13583305
2022-01-11,"Johnson&Johnson, Moderna, Oxford/AstraZeneca, Pfizer/BioNTech, Pfizer/BioNTech Kids",6873237,6722285,3011925,34,13595522
2022-01-12,"Johnson&Johnson, Moderna, Oxford/AstraZeneca, Pfizer/BioNTech, Pfizer/BioNTech Kids",6879198,6727931,3087660,34,13607129
2022-01-13,"Johnson&Johnson, Moderna, Oxford/AstraZeneca, Pfizer/BioNTech, Pfizer/BioNTech Kids",6885085,6732711,3162590,35,13617796
2022-01-14,"Johnson&Johnson, Moderna, Oxford/AstraZeneca, Pfizer/BioNTech, Pfizer/BioNTech Kids",6891389,6736344,3245632,36,13627733
2022-01-15,"Johnson&Johnson, Moderna, Oxford/AstraZeneca, Pfizer/BioNTech, Pfizer/BioNTech Kids",6892669,6737003,3268310,36,13629672
2022-01-16,"Johnson&Johnson, Moderna, Oxford/AstraZeneca, Pfizer/BioNTech, Pfizer/BioNTech Kids",6893359,6737441,3280105,36,13630800
2022-01-17,"Johnson&Johnson, Moderna, Oxford/AstraZeneca, Pfizer/BioNTech, Pfizer/BioNTech Kids",6896918,6741404,3326694,37,13638322
2022-01-18,"Johnson&Johnson, Moderna, Oxford/AstraZeneca, Pfizer/BioNTech, Pfizer/BioNTech Kids",6900774,6746363,3375762,39,13647137
2022-01-19,"Johnson&Johnson, Moderna, Oxford/AstraZeneca, Pfizer/BioNTech, Pfizer/BioNTech Kids, Čína",6904844,6750297,3420438,40,13655141
2022-01-20,"Johnson&Johnson, Moderna, Oxford/AstraZeneca, Pfizer/BioNTech, Pfizer/BioNTech Kids",6908444,6754759,3467334,41,13663203
2022-01-21,"Johnson&Johnson, Moderna, Oxford/AstraZeneca, Pfizer/BioNTech, Pfizer/BioNTech Kids, Čína",6912448,6757291,3522826,41,13669739
2022-01-22,"Johnson&Johnson, Moderna, Pfizer/BioNTech, Pfizer/BioNTech Kids, Čína",6913229,6757735,3532623,41,13670964
2022-01-23,"Johnson&Johnson, Moderna, Pfizer/BioNTech, Pfizer/BioNTech Kids",6913791,6758370,3537995,41,13672161
2022-01-24,"Johnson&Johnson, Moderna, Oxford/AstraZeneca, Pfizer/BioNTech, Pfizer/BioNTech Kids",6916071,6761809,3570461,41,13677880
2022-01-25,"Johnson&Johnson, Moderna, Oxford/AstraZeneca, Pfizer/BioNTech, Pfizer/BioNTech Kids",6918431,6765806,3601570,41,13684237
2022-01-26,"Johnson&Johnson, Moderna, Oxford/AstraZeneca, Pfizer/BioNTech, Pfizer/BioNTech Kids",6920817,6770377,3634283,41,13691194
2022-01-27,"Johnson&Johnson, Moderna, Oxford/AstraZeneca, Pfizer/BioNTech, Pfizer/BioNTech Kids",6923145,6775193,3667084,42,13698338
2022-01-28,"Johnson&Johnson, Moderna, Oxford/AstraZeneca, Pfizer/BioNTech, Pfizer/BioNTech Kids",6926065,6781362,3714655,42,13707427
2022-01-29,"Johnson&Johnson, Moderna, Oxford/AstraZeneca, Pfizer/BioNTech, Pfizer/BioNTech Kids",6926669,6783014,3724502,42,13709683
2022-01-30,"Johnson&Johnson, Moderna, Pfizer/BioNTech, Pfizer/BioNTech Kids",6926898,6783798,3728349,42,13710696
2022-01-31,"Johnson&Johnson, Moderna, Pfizer/BioNTech, Pfizer/BioNTech Kids",6928442,6787735,3753187,44,13716177
2022-02-01,"Johnson&Johnson, Moderna, Pfizer/BioNTech, Pfizer/BioNTech Kids",6930039,6791772,3773728,44,13721811
2022-02-02,"Johnson&Johnson, Moderna, Oxford/AstraZeneca, Pfizer/BioNTech, Pfizer/BioNTech Kids",6931607,6796292,3793963,45,13727899
2022-02-03,"Johnson&Johnson, Moderna, Pfizer/BioNTech, Pfizer/BioNTech Kids",6932985,6800777,3814624,45,13733762
2022-02-04,"Johnson&Johnson, Moderna, Oxford/AstraZeneca, Pfizer/BioNTech, Pfizer/BioNTech Kids",6934591,6805894,3844380,45,13740485
2022-02-05,"Johnson&Johnson, Moderna, Pfizer/BioNTech, Pfizer/BioNTech Kids",6934765,6806506,3849287,45,13741271
2022-02-06,"Johnson&Johnson, Moderna, Pfizer/BioNTech, Pfizer/BioNTech Kids",6934861,6806826,3851173,45,13741687
2022-02-07,"Indie/AstraZeneca, Johnson&Johnson, Moderna, Pfizer/BioNTech, Pfizer/BioNTech Kids",6935567,6810040,3863762,45,13745607
2022-02-08,"Johnson&Johnson, Moderna, Pfizer/BioNTech, Pfizer/BioNTech Kids",6936363,6813237,3875874,45,13749600
2022-02-09,"Johnson&Johnson, Moderna, Oxford/AstraZeneca, Pfizer/BioNTech, Pfizer/BioNTech Kids",6937186,6816612,3887850,45,13753798
2022-02-10,"Johnson&Johnson, Moderna, Pfizer/BioNTech, Pfizer/BioNTech Kids",6937999,6819748,3900001,45,13757747
2022-02-11,"Johnson&Johnson, Moderna, Pfizer/BioNTech, Pfizer/BioNTech Kids",6938954,6823670,3918936,45,13762624
2022-02-12,"Johnson&Johnson, Moderna, Pfizer/BioNTech, Pfizer/BioNTech Kids",6939068,6824094,3921300,45,13763162
2022-02-13,"Johnson&Johnson, Moderna, Pfizer/BioNTech, Pfizer/BioNTech Kids",6939106,6824532,3922732,45,13763638
2022-02-14,"Johnson&Johnson, Moderna, Pfizer/BioNTech, Pfizer/BioNTech Kids",6939568,6826648,3930823,45,13766216
2022-02-15,"Johnson&Johnson, Moderna, Oxford/AstraZeneca, Pfizer/BioNTech, Pfizer/BioNTech Kids",6940122,6828859,3938201,45,13768981
2022-02-16,"Johnson&Johnson, Moderna, Pfizer/BioNTech, Pfizer/BioNTech Kids",6940719,6830961,3946196,45,13771680
2022-02-17,"Johnson&Johnson, Moderna, Pfizer/BioNTech, Pfizer/BioNTech Kids",6941317,6833309,3954563,46,13774626
2022-02-18,"Johnson&Johnson, Moderna, Oxford/AstraZeneca, Pfizer/BioNTech, Pfizer/BioNTech Kids",6941962,6836367,3968373,46,13778329
2022-02-19,"Johnson&Johnson, Moderna, Pfizer/BioNTech, Pfizer/BioNTech Kids",6942043,6836651,3970328,46,13778694
2022-02-20,"Johnson&Johnson, Moderna, Oxford/AstraZeneca, Pfizer/BioNTech, Pfizer/BioNTech Kids",6942084,6836801,3971068,47,13778885
2022-02-21,"Johnson&Johnson, Moderna, Oxford/AstraZeneca, Pfizer/BioNTech, Pfizer/BioNTech Kids",6942451,6838505,3976971,47,13780956
2022-02-22,"Johnson&Johnson, Moderna, Oxford/AstraZeneca, Pfizer/BioNTech, Pfizer/BioNTech Kids",6942845,6840207,3982570,47,13783052
2022-02-23,"Johnson&Johnson, Moderna, Pfizer/BioNTech, Pfizer/BioNTech Kids",6943304,6841850,3988349,47,13785154
2022-02-24,"Johnson&Johnson, Moderna, Pfizer/BioNTech, Pfizer/BioNTech Kids",6943713,6843482,3994447,47,13787195
2022-02-25,"Johnson&Johnson, Moderna, Pfizer/BioNTech, Pfizer/BioNTech Kids",6944296,6845571,4005570,47,13789867
2022-02-26,"Johnson&Johnson, Moderna, Pfizer/BioNTech, Pfizer/BioNTech Kids",6944356,6845732,4007208,47,13790088
2022-02-27,"Johnson&Johnson, Moderna, Pfizer/BioNTech, Pfizer/BioNTech Kids",6944387,6845809,4007828,47,13790196
2022-02-28,"Johnson&Johnson, Moderna, Pfizer/BioNTech, Pfizer/BioNTech Kids",6944634,6846788,4012557,47,13791422
2022-03-01,"Johnson&Johnson, Moderna, Pfizer/BioNTech, Pfizer/BioNTech Kids",6944943,6847573,4015536,47,13792516
2022-03-02,"Johnson&Johnson, Moderna, Novavax, Pfizer/BioNTech, Pfizer/BioNTech Kids",6945316,6848482,4019332,47,13793798
2022-03-03,"Johnson&Johnson, Moderna, Novavax, Pfizer/BioNTech, Pfizer/BioNTech Kids",6945653,6849425,4023038,47,13795078
2022-03-04,"Johnson&Johnson, Moderna, Novavax, Pfizer/BioNTech, Pfizer/BioNTech Kids",6946288,6850647,4030257,48,13796935
2022-03-05,"Johnson&Johnson, Moderna, Novavax, Pfizer/BioNTech, Pfizer/BioNTech Kids",6946369,6850740,4030875,48,13797109
2022-03-06,"Moderna, Novavax, Oxford/AstraZeneca, Pfizer/BioNTech, Pfizer/BioNTech Kids",6946382,6850758,4031072,48,13797140
2022-03-07,"Johnson&Johnson, Moderna, Novavax, Pfizer/BioNTech, Pfizer/BioNTech Kids",6946717,6851317,4033812,48,13798034
2022-03-08,"Johnson&Johnson, Moderna, Novavax, Oxford/AstraZeneca, Pfizer/BioNTech, Pfizer/BioNTech Kids",6947052,6851860,4036346,48,13798912
2022-03-09,"Johnson&Johnson, Moderna, Novavax, Pfizer/BioNTech, Pfizer/BioNTech Kids",6947441,6852457,4039645,48,13799898
2022-03-10,"Johnson&Johnson, Moderna, Novavax, Pfizer/BioNTech, Pfizer/BioNTech Kids",6947854,6853134,4042748,48,13800988
2022-03-11,"Johnson&Johnson, Moderna, Novavax, Pfizer/BioNTech, Pfizer/BioNTech Kids",6948605,6854045,4049090,48,13802650
2022-03-12,"Johnson&Johnson, Moderna, Novavax, Pfizer/BioNTech, Pfizer/BioNTech Kids",6948677,6854150,4049985,48,13802827
2022-03-13,"Johnson&Johnson, Moderna, Novavax, Pfizer/BioNTech, Pfizer/BioNTech Kids",6948690,6854173,4050172,48,13802863
2022-03-14,"Johnson&Johnson, Moderna, Novavax, Pfizer/BioNTech, Pfizer/BioNTech Kids",6948957,6854559,4052936,48,13803516
2022-03-15,"Johnson&Johnson, Moderna, Novavax, Pfizer/BioNTech, Pfizer/BioNTech Kids",6949241,6854996,4055557,48,13804237
2022-03-16,"Johnson&Johnson, Moderna, Novavax, Oxford/AstraZeneca, Pfizer/BioNTech, Pfizer/BioNTech Kids",6949561,6855541,4058478,48,13805102
2022-03-17,"Johnson&Johnson, Moderna, Novavax, Oxford/AstraZeneca, Pfizer/BioNTech, Pfizer/BioNTech Kids",6949856,6855973,4061573,48,13805829
2022-03-18,"Johnson&Johnson, Moderna, Novavax, Pfizer/BioNTech, Pfizer/BioNTech Kids",6950553,6856771,4068295,48,13807324
2022-03-19,"Moderna, Novavax, Pfizer/BioNTech, Pfizer/BioNTech Kids",6950609,6856816,4068742,48,13807425
2022-03-20,"Moderna, Novavax, Pfizer/BioNTech, Pfizer/BioNTech Kids",6950627,6856829,4068922,48,13807456
2022-03-21,"Johnson&Johnson, Moderna, Novavax, Pfizer/BioNTech, Pfizer/BioNTech Kids",6950816,6857156,4071389,48,13807972
2022-03-22,"Johnson&Johnson, Moderna, Novavax, Pfizer/BioNTech, Pfizer/BioNTech Kids",6951062,6857559,4073648,48,13808621
2022-03-23,"Johnson&Johnson, Moderna, Novavax, Pfizer/BioNTech, Pfizer/BioNTech Kids",6951400,6857999,4076481,48,13809399
2022-03-24,"Johnson&Johnson, Moderna, Novavax, Pfizer/BioNTech, Pfizer/BioNTech Kids",6951712,6858472,4079640,49,13810184
2022-03-25,"Johnson&Johnson, Moderna, Novavax, Pfizer/BioNTech, Pfizer/BioNTech Kids",6952209,6859285,4086224,49,13811494
2022-03-26,"Johnson&Johnson, Moderna, Novavax, Pfizer/BioNTech, Pfizer/BioNTech Kids",6952262,6859364,4086618,49,13811626
2022-03-27,"Moderna, Novavax, Pfizer/BioNTech, Pfizer/BioNTech Kids",6952278,6859381,4086733,49,13811659
2022-03-28,"Johnson&Johnson, Moderna, Novavax, Pfizer/BioNTech, Pfizer/BioNTech Kids",6952433,6859761,4089065,49,13812194
2022-03-29,"Johnson&Johnson, Moderna, Novavax, Pfizer/BioNTech, Pfizer/BioNTech Kids",6952696,6860167,4091363,49,13812863
2022-03-30,"Johnson&Johnson, Moderna, Novavax, Pfizer/BioNTech, Pfizer/BioNTech Kids",6953003,6860660,4094195,49,13813663
2022-03-31,"Johnson&Johnson, Moderna, Novavax, Pfizer/BioNTech, Pfizer/BioNTech Kids",6953300,6861153,4097496,49,13814453
2022-04-01,"Johnson&Johnson, Moderna, Novavax, Pfizer/BioNTech, Pfizer/BioNTech Kids",6953908,6861913,4103398,49,13815821
2022-04-02,"Moderna, Novavax, Pfizer/BioNTech, Pfizer/BioNTech Kids",6953965,6861998,4104213,49,13815963
2022-04-03,"Moderna, Novavax, Pfizer/BioNTech, Pfizer/BioNTech Kids",6953978,6862027,4104382,49,13816005
2022-04-04,"Johnson&Johnson, Moderna, Novavax, Pfizer/BioNTech, Pfizer/BioNTech Kids",6954158,6862310,4106218,49,13816468
2022-04-05,"Johnson&Johnson, Moderna, Novavax, Pfizer/BioNTech, Pfizer/BioNTech Kids",6954349,6862548,4107832,49,13816897
2022-04-06,"Johnson&Johnson, Moderna, Novavax, Pfizer/BioNTech, Pfizer/BioNTech Kids",6954568,6862894,4110575,49,13817462
2022-04-07,"Johnson&Johnson, Moderna, Novavax, Pfizer/BioNTech, Pfizer/BioNTech Kids",6954792,6863314,4113412,49,13818106
2022-04-08,"Johnson&Johnson, Moderna, Novavax, Pfizer/BioNTech, Pfizer/BioNTech Kids",6955247,6864038,4119451,49,13819285
2022-04-09,"Johnson&Johnson, Moderna, Novavax, Pfizer/BioNTech, Pfizer/BioNTech Kids",6955307,6864110,4119976,49,13819417
2022-04-10,"Moderna, Novavax, Pfizer/BioNTech, Pfizer/BioNTech Kids",6955321,6864120,4120097,49,13819441
2022-04-11,"Johnson&Johnson, Moderna, Novavax, Pfizer/BioNTech, Pfizer/BioNTech Kids",6955484,6864352,4121951,49,13819836
2022-04-12,"Johnson&Johnson, Moderna, Novavax, Pfizer/BioNTech, Pfizer/BioNTech Kids",6955730,6864653,4123864,51,13820383
2022-04-13,"Johnson&Johnson, Moderna, Novavax, Pfizer/BioNTech, Pfizer/BioNTech Kids",6955971,6865007,4126989,51,13820978
2022-04-14,"Johnson&Johnson, Moderna, Novavax, Pfizer/BioNTech, Pfizer/BioNTech Kids",6956234,6865394,4130718,51,13821628
2022-04-15,"Moderna, Novavax, Pfizer/BioNTech, Pfizer/BioNTech Kids",6956250,6865425,4130864,51,13821675
2022-04-16,"Johnson&Johnson, Moderna, Novavax, Pfizer/BioNTech, Pfizer/BioNTech Kids",6956270,6865460,4131081,51,13821730
2022-04-17,"Moderna, Novavax, Pfizer/BioNTech",6956271,6865461,4131132,51,13821732
2022-04-18,"Johnson&Johnson, Moderna, Novavax, Pfizer/BioNTech, Pfizer/BioNTech Kids",6956287,6865480,4131142,51,13821767
2022-04-19,"Johnson&Johnson, Moderna, Novavax, Pfizer/BioNTech, Pfizer/BioNTech Kids",6956427,6865819,4132928,51,13822246
2022-04-20,"Johnson&Johnson, Moderna, Novavax, Pfizer/BioNTech, Pfizer/BioNTech Kids, Čína",6956649,6866209,4135435,51,13822858
2022-04-21,"Johnson&Johnson, Moderna, Novavax, Pfizer/BioNTech, Pfizer/BioNTech Kids",6956867,6866633,4137848,51,13823500
2022-04-22,"Johnson&Johnson, Moderna, Novavax, Pfizer/BioNTech, Pfizer/BioNTech Kids",6957333,6867461,4143446,51,13824794
2022-04-23,"Moderna, Novavax, Pfizer/BioNTech, Pfizer/BioNTech Kids",6957364,6867540,4144235,51,13824904
2022-04-24,"Moderna, Novavax, Pfizer/BioNTech, Pfizer/BioNTech Kids",6957369,6867551,4144364,51,13824920
2022-04-25,"Johnson&Johnson, Moderna, Novavax, Pfizer/BioNTech, Pfizer/BioNTech Kids",6957525,6867761,4146208,51,13825286
2022-04-26,"Johnson&Johnson, Moderna, Novavax, Pfizer/BioNTech, Pfizer/BioNTech Kids",6957665,6868025,4147776,51,13825690
2022-04-27,"Johnson&Johnson, Moderna, Novavax, Pfizer/BioNTech, Pfizer/BioNTech Kids",6957934,6868358,4150223,51,13826292
2022-04-28,"Johnson&Johnson, Moderna, Novavax, Pfizer/BioNTech, Pfizer/BioNTech Kids",6958128,6868648,4152644,51,13826776
2022-04-29,"Johnson&Johnson, Moderna, Novavax, Pfizer/BioNTech, Pfizer/BioNTech Kids",6958568,6869238,4157424,51,13827806
2022-04-30,"Moderna, Novavax, Pfizer/BioNTech, Pfizer/BioNTech Kids",6958614,6869305,4158001,51,13827919
2022-05-01,"Moderna, Novavax, Oxford/AstraZeneca, Pfizer/BioNTech, Pfizer/BioNTech Kids",6958619,6869315,4158098,51,13827934
2022-05-02,"Johnson&Johnson, Moderna, Novavax, Pfizer/BioNTech, Pfizer/BioNTech Kids",6958759,6869497,4159382,51,13828256
2022-05-03,"Johnson&Johnson, Moderna, Novavax, Pfizer/BioNTech, Pfizer/BioNTech Kids",6958916,6869753,4160776,51,13828669
2022-05-04,"Johnson&Johnson, Moderna, Novavax, Pfizer/BioNTech, Pfizer/BioNTech Kids",6959122,6870028,4162905,51,13829150
2022-05-05,"Johnson&Johnson, Moderna, Novavax, Pfizer/BioNTech, Pfizer/BioNTech Kids",6959330,6870319,4165036,51,13829649
2022-05-06,"Johnson&Johnson, Moderna, Novavax, Pfizer/BioNTech, Pfizer/BioNTech Kids",6959708,6870661,4169984,52,13830369
2022-05-07,"Moderna, Novavax, Pfizer/BioNTech, Pfizer/BioNTech Kids",6959735,6870688,4170326,53,13830423
2022-05-08,"Moderna, Pfizer/BioNTech, Pfizer/BioNTech Kids",6959737,6870697,4170370,53,13830434
2022-05-09,"Johnson&Johnson, Moderna, Novavax, Pfizer/BioNTech, Pfizer/BioNTech Kids",6959845,6870787,4171658,53,13830632
2022-05-10,"Johnson&Johnson, Moderna, Novavax, Pfizer/BioNTech, Pfizer/BioNTech Kids",6960000,6871024,4173272,53,13831024
2022-05-11,"Johnson&Johnson, Moderna, Novavax, Oxford/AstraZeneca, Pfizer/BioNTech, Pfizer/BioNTech Kids",6960221,6871292,4175583,53,13831513
2022-05-12,"Johnson&Johnson, Moderna, Novavax, Pfizer/BioNTech, Pfizer/BioNTech Kids",6960431,6871572,4177713,53,13832003
2022-05-13,"Johnson&Johnson, Moderna, Novavax, Pfizer/BioNTech, Pfizer/BioNTech Kids",6960778,6872072,4181929,53,13832850
2022-05-14,"Johnson&Johnson, Moderna, Novavax, Pfizer/BioNTech, Pfizer/BioNTech Kids",6960819,6872112,4182516,53,13832931
2022-05-15,"Johnson&Johnson, Moderna, Novavax, Pfizer/BioNTech, Pfizer/BioNTech Kids",6960834,6872123,4182618,54,13832957
2022-05-16,"Johnson&Johnson, Moderna, Novavax, Pfizer/BioNTech, Pfizer/BioNTech Kids",6960944,6872243,4183955,54,13833187
2022-05-17,"Johnson&Johnson, Moderna, Novavax, Pfizer/BioNTech, Pfizer/BioNTech Kids",6961086,6872401,4185368,54,13833487
2022-05-18,"Indie/AstraZeneca, Johnson&Johnson, Moderna, Novavax, Pfizer/BioNTech, Pfizer/BioNTech Kids",6961322,6872734,4187386,55,13834056
2022-05-19,"Johnson&Johnson, Moderna, Novavax, Pfizer/BioNTech, Pfizer/BioNTech Kids",6961517,6872986,4189218,55,13834503
2022-05-20,"Johnson&Johnson, Moderna, Novavax, Pfizer/BioNTech, Pfizer/BioNTech Kids",6961822,6873540,4193231,58,13835362
2022-05-21,"Johnson&Johnson, Moderna, Novavax, Pfizer/BioNTech, Pfizer/BioNTech Kids",6961861,6873569,4193503,58,13835430
2022-05-22,"Johnson&Johnson, Moderna, Pfizer/BioNTech, Pfizer/BioNTech Kids",6961871,6873578,4193646,58,13835449
2022-05-23,"Johnson&Johnson, Moderna, Novavax, Pfizer/BioNTech, Pfizer/BioNTech Kids",6961993,6873733,4194969,58,13835726
2022-05-24,"Johnson&Johnson, Moderna, Novavax, Pfizer/BioNTech, Pfizer/BioNTech Kids",6962124,6873908,4196219,58,13836032
2022-05-25,"Indie/AstraZeneca, Johnson&Johnson, Moderna, Novavax, Oxford/AstraZeneca, Pfizer/BioNTech, Pfizer/BioNTech Kids",6962306,6874157,4198590,58,13836463
2022-05-26,"Johnson&Johnson, Moderna, Novavax, Pfizer/BioNTech, Pfizer/BioNTech Kids",6962459,6874383,4200250,58,13836842
2022-05-27,"Johnson&Johnson, Moderna, Novavax, Pfizer/BioNTech, Pfizer/BioNTech Kids",6962731,6874851,4204006,59,13837582
2022-05-28,"Moderna, Novavax, Pfizer/BioNTech, Pfizer/BioNTech Kids",6962769,6874900,4204396,59,13837669
2022-05-29,"Moderna, Novavax, Pfizer/BioNTech, Pfizer/BioNTech Kids",6962778,6874904,4204512,59,13837682
2022-05-30,"Johnson&Johnson, Moderna, Novavax, Oxford/AstraZeneca, Pfizer/BioNTech, Pfizer/BioNTech Kids",6962870,6875068,4205591,59,13837938
2022-05-31,"Johnson&Johnson, Moderna, Novavax, Pfizer/BioNTech, Pfizer/BioNTech Kids",6963019,6875268,4206848,60,13838287
2022-06-01,"Johnson&Johnson, Moderna, Novavax, Pfizer/BioNTech, Pfizer/BioNTech Kids",6963159,6875498,4208284,60,13838657
2022-06-02,"Moderna, Novavax, Pfizer/BioNTech, Pfizer/BioNTech Kids",6963289,6875743,4209624,60,13839032
2022-06-03,"Johnson&Johnson, Moderna, Novavax, Pfizer/BioNTech, Pfizer/BioNTech Kids",6963550,6876203,4212544,61,13839753
2022-06-04,"Johnson&Johnson, Moderna, Novavax, Pfizer/BioNTech, Pfizer/BioNTech Kids",6963584,6876243,4212949,61,13839827
2022-06-05,"Moderna, Novavax, Pfizer/BioNTech, Pfizer/BioNTech Kids",6963591,6876249,4213055,61,13839840
2022-06-06,"Johnson&Johnson, Moderna, Novavax, Pfizer/BioNTech, Pfizer/BioNTech Kids",6963685,6876393,4214174,62,13840078
2022-06-07,"Johnson&Johnson, Moderna, Novavax, Pfizer/BioNTech, Pfizer/BioNTech Kids",6963772,6876552,4215033,62,13840324
2022-06-08,"Johnson&Johnson, Moderna, Novavax, Pfizer/BioNTech, Pfizer/BioNTech Kids",6963908,6876800,4216528,62,13840708
2022-06-09,"Johnson&Johnson, Moderna, Novavax, Pfizer/BioNTech, Pfizer/BioNTech Kids",6964009,6877002,4217734,62,13841011
2022-06-10,"Johnson&Johnson, Moderna, Novavax, Pfizer/BioNTech, Pfizer/BioNTech Kids",6964194,6877343,4220018,63,13841537
2022-06-11,"Moderna, Novavax, Pfizer/BioNTech, Pfizer/BioNTech Kids",6964208,6877382,4220196,63,13841590
2022-06-12,"Moderna, Novavax, Pfizer/BioNTech, Pfizer/BioNTech Kids",6964214,6877405,4220278,63,13841619
2022-06-13,"Johnson&Johnson, Moderna, Novavax, Oxford/AstraZeneca, Pfizer/BioNTech, Pfizer/BioNTech Kids",6964279,6877530,4221126,64,13841809
2022-06-14,"Johnson&Johnson, Moderna, Novavax, Pfizer/BioNTech, Pfizer/BioNTech Kids",6964359,6877678,4221928,65,13842037
2022-06-15,"Johnson&Johnson, Moderna, Novavax, Pfizer/BioNTech, Pfizer/BioNTech Kids",6964443,6877873,4223090,67,13842316
2022-06-16,"Johnson&Johnson, Moderna, Novavax, Pfizer/BioNTech, Pfizer/BioNTech Kids",6964509,6878050,4224049,67,13842559
2022-06-17,"Johnson&Johnson, Moderna, Novavax, Pfizer/BioNTech, Pfizer/BioNTech Kids, Čína",6964663,6878338,4226216,67,13843001
2022-06-18,"Moderna, Novavax, Pfizer/BioNTech, Pfizer/BioNTech Kids",6964675,6878377,4226326,67,13843052
2022-06-19,"Moderna, Pfizer/BioNTech, Pfizer/BioNTech Kids",6964679,6878385,4226385,67,13843064
2022-06-20,"Johnson&Johnson, Moderna, Novavax, Pfizer/BioNTech, Pfizer/BioNTech Kids",6964746,6878509,4227099,70,13843255
2022-06-21,"Johnson&Johnson, Moderna, Novavax, Pfizer/BioNTech, Pfizer/BioNTech Kids",6964809,6878635,4227877,71,13843444
2022-06-22,"Johnson&Johnson, Moderna, Novavax, Pfizer/BioNTech, Pfizer/BioNTech Kids",6964906,6878819,4229008,73,13843725
2022-06-23,"Johnson&Johnson, Moderna, Novavax, Pfizer/BioNTech, Pfizer/BioNTech Kids",6964966,6878987,4230001,73,13843953
2022-06-24,"Johnson&Johnson, Moderna, Novavax, Pfizer/BioNTech, Pfizer/BioNTech Kids",6965128,6879338,4231904,73,13844466
2022-06-25,"Moderna, Novavax, Pfizer/BioNTech, Pfizer/BioNTech Kids",6965147,6879391,4232254,73,13844538
2022-06-26,"Moderna, Pfizer/BioNTech, Pfizer/BioNTech Kids",6965149,6879402,4232321,73,13844551
2022-06-27,"Johnson&Johnson, Moderna, Novavax, Pfizer/BioNTech, Pfizer/BioNTech Kids",6965222,6879518,4233159,73,13844740
2022-06-28,"Johnson&Johnson, Moderna, Novavax, Pfizer/BioNTech, Pfizer/BioNTech Kids",6965298,6879637,4233982,73,13844935
2022-06-29,"Johnson&Johnson, Moderna, Novavax, Pfizer/BioNTech, Pfizer/BioNTech Kids",6965422,6879823,4235310,73,13845245
2022-06-30,"Johnson&Johnson, Moderna, Novavax, Pfizer/BioNTech, Pfizer/BioNTech Kids",6965522,6879980,4236492,74,13845502
2022-07-01,"Johnson&Johnson, Moderna, Novavax, Oxford/AstraZeneca, Pfizer/BioNTech, Pfizer/BioNTech Kids",6965705,6880230,4238557,76,13845935
2022-07-02,"Moderna, Novavax, Pfizer/BioNTech, Pfizer/BioNTech Kids",6965719,6880237,4238698,76,13845956
2022-07-03,"Moderna, Pfizer/BioNTech, Pfizer/BioNTech Kids",6965723,6880247,4238762,76,13845970
2022-07-04,"Johnson&Johnson, Moderna, Novavax, Pfizer/BioNTech, Pfizer/BioNTech Kids",6965809,6880315,4239554,76,13846124
2022-07-05,"Moderna, Novavax, Pfizer/BioNTech, Pfizer/BioNTech Kids",6965820,6880317,4239590,79,13846137
2022-07-06,"Moderna, Pfizer/BioNTech",6965828,6880325,4239628,79,13846153
2022-07-07,"Johnson&Johnson, Moderna, Novavax, Pfizer/BioNTech, Pfizer/BioNTech Kids",6965936,6880428,4240615,80,13846364
2022-07-08,"Indie/AstraZeneca, Johnson&Johnson, Moderna, Novavax, Oxford/AstraZeneca, Pfizer/BioNTech, Pfizer/BioNTech Kids",6966100,6880624,4242762,89,13846724
2022-07-09,"Johnson&Johnson, Moderna, Novavax, Pfizer/BioNTech, Pfizer/BioNTech Kids",6966110,6880633,4242882,89,13846743
2022-07-10,"Moderna, Pfizer/BioNTech, Pfizer/BioNTech Kids",6966114,6880643,4242970,89,13846757
2022-07-11,"Johnson&Johnson, Moderna, Novavax, Pfizer/BioNTech, Pfizer/BioNTech Kids",6966214,6880735,4244068,100,13846949
2022-07-12,"Johnson&Johnson, Moderna, Novavax, Pfizer/BioNTech, Pfizer/BioNTech Kids",6966317,6880831,4245137,103,13847148
2022-07-13,"Johnson&Johnson, Moderna, Novavax, Pfizer/BioNTech, Pfizer/BioNTech Kids",6966492,6880960,4247024,107,13847452
2022-07-14,"Johnson&Johnson, Moderna, Novavax, Pfizer/BioNTech, Pfizer/BioNTech Kids",6966626,6881058,4248346,112,13847684
2022-07-15,"Johnson&Johnson, Moderna, Novavax, Pfizer/BioNTech, Pfizer/BioNTech Kids",6966885,6881270,4251583,156,13848155
2022-07-16,"Johnson&Johnson, Moderna, Novavax, Pfizer/BioNTech, Pfizer/BioNTech Kids",6966922,6881302,4251986,158,13848224
2022-07-17,"Moderna, Pfizer/BioNTech, Pfizer/BioNTech Kids, Čína",6966928,6881309,4252083,158,13848237
2022-07-18,"Johnson&Johnson, Moderna, Novavax, Oxford/AstraZeneca, Pfizer/BioNTech, Pfizer/BioNTech Kids",6967066,6881412,4253128,2121,13848478
2022-07-19,"Johnson&Johnson, Moderna, Novavax, Pfizer/BioNTech, Pfizer/BioNTech Kids",6967162,6881481,4254148,5167,13848643
2022-07-20,"Johnson&Johnson, Moderna, Novavax, Pfizer/BioNTech, Pfizer/BioNTech Kids",6967264,6881591,4255898,8977,13848855
2022-07-21,"Johnson&Johnson, Moderna, Novavax, Pfizer/BioNTech, Pfizer/BioNTech Kids",6967383,6881675,4257252,13202,13849058
2022-07-22,"Johnson&Johnson, Moderna, Novavax, Oxford/AstraZeneca, Pfizer/BioNTech, Pfizer/BioNTech Kids",6967594,6881891,4260079,21016,13849485
2022-07-23,"Johnson&Johnson, Moderna, Novavax, Pfizer/BioNTech, Pfizer/BioNTech Kids",6967618,6881907,4260208,21378,13849525
2022-07-24,"Moderna, Pfizer/BioNTech, Pfizer/BioNTech Kids",6967623,6881917,4260272,21599,13849540
2022-07-25,"Johnson&Johnson, Moderna, Novavax, Pfizer/BioNTech, Pfizer/BioNTech Kids",6967717,6881998,4261264,25666,13849715
2022-07-26,"Johnson&Johnson, Moderna, Novavax, Pfizer/BioNTech, Pfizer/BioNTech Kids",6967825,6882073,4262449,31072,13849898
2022-07-27,"Johnson&Johnson, Moderna, Novavax, Pfizer/BioNTech, Pfizer/BioNTech Kids",6967953,6882162,4264189,37515,13850115
2022-07-28,"Johnson&Johnson, Moderna, Novavax, Pfizer/BioNTech, Pfizer/BioNTech Kids",6968072,6882291,4265707,43088,13850363
2022-07-29,"Johnson&Johnson, Moderna, Novavax, Pfizer/BioNTech, Pfizer/BioNTech Kids",6968314,6882505,4268280,49532,13850819
2022-07-30,"Johnson&Johnson, Moderna, Novavax, Pfizer/BioNTech, Pfizer/BioNTech Kids",6968330,6882520,4268471,50238,13850850
2022-07-31,"Johnson&Johnson, Moderna, Pfizer/BioNTech, Pfizer/BioNTech Kids",6968343,6882525,4268559,50349,13850868
2022-08-01,"Johnson&Johnson, Moderna, Novavax, Pfizer/BioNTech, Pfizer/BioNTech Kids",6968438,6882616,4269477,53035,13851054
2022-08-02,"Johnson&Johnson, Moderna, Novavax, Pfizer/BioNTech, Pfizer/BioNTech Kids",6968552,6882704,4270542,57286,13851256
2022-08-03,"Johnson&Johnson, Moderna, Novavax, Pfizer/BioNTech, Pfizer/BioNTech Kids",6968691,6882842,4271880,61834,13851533
2022-08-04,"Johnson&Johnson, Moderna, Novavax, Pfizer/BioNTech, Pfizer/BioNTech Kids",6968837,6883003,4273331,66971,13851840
2022-08-05,"Johnson&Johnson, Moderna, Novavax, Pfizer/BioNTech, Pfizer/BioNTech Kids",6969074,6883255,4275362,72597,13852329
2022-08-06,"Johnson&Johnson, Moderna, Novavax, Pfizer/BioNTech, Pfizer/BioNTech Kids",6969090,6883283,4275660,72825,13852373
2022-08-07,"Moderna, Pfizer/BioNTech, Pfizer/BioNTech Kids",6969094,6883287,4275726,72906,13852381
2022-08-08,"Johnson&Johnson, Moderna, Novavax, Pfizer/BioNTech, Pfizer/BioNTech Kids",6969195,6883400,4276504,75845,13852595
2022-08-09,"Johnson&Johnson, Moderna, Novavax, Pfizer/BioNTech, Pfizer/BioNTech Kids",6969304,6883484,4277593,80380,13852788
2022-08-10,"Johnson&Johnson, Moderna, Novavax, Pfizer/BioNTech, Pfizer/BioNTech Kids",6969428,6883592,4278742,85154,13853020
2022-08-11,"Johnson&Johnson, Moderna, Novavax, Pfizer/BioNTech, Pfizer/BioNTech Kids",6969535,6883725,4279899,90035,13853260
2022-08-12,"Johnson&Johnson, Moderna, Novavax, Pfizer/BioNTech, Pfizer/BioNTech Kids",6969680,6883937,4281708,95487,13853617
2022-08-13,"Johnson&Johnson, Moderna, Pfizer/BioNTech, Pfizer/BioNTech Kids",6969695,6883966,4281803,95675,13853661
2022-08-14,"Moderna, Pfizer/BioNTech, Pfizer/BioNTech Kids",6969698,6883970,4281854,95714,13853668
2022-08-15,"Johnson&Johnson, Moderna, Novavax, Pfizer/BioNTech, Pfizer/BioNTech Kids",6969790,6884089,4282653,98797,13853879
2022-08-16,"Johnson&Johnson, Moderna, Novavax, Pfizer/BioNTech, Pfizer/BioNTech Kids",6969887,6884198,4283580,103078,13854085
2022-08-17,"Johnson&Johnson, Moderna, Novavax, Pfizer/BioNTech, Pfizer/BioNTech Kids, Čína",6969975,6884325,4284609,108464,13854300
2022-08-18,"Johnson&Johnson, Moderna, Novavax, Pfizer/BioNTech, Pfizer/BioNTech Kids",6970083,6884468,4285793,114424,13854551
2022-08-19,"Johnson&Johnson, Moderna, Novavax, Pfizer/BioNTech, Pfizer/BioNTech Kids",6970259,6884686,4287626,121477,13854945
2022-08-20,"Moderna, Novavax, Oxford/AstraZeneca, Pfizer/BioNTech, Pfizer/BioNTech Kids",6970270,6884697,4287797,122373,13854967
2022-08-21,"Moderna, Pfizer/BioNTech, Pfizer/BioNTech Kids",6970273,6884707,4287848,122589,13854980
2022-08-22,"Johnson&Johnson, Moderna, Novavax, Oxford/AstraZeneca, Pfizer/BioNTech, Pfizer/BioNTech Kids",6970361,6884811,4288624,126408,13855172
2022-08-23,"Johnson&Johnson, Moderna, Novavax, Pfizer/BioNTech, Pfizer/BioNTech Kids",6970493,6884948,4289552,131115,13855441
2022-08-24,"Johnson&Johnson, Moderna, Novavax, Pfizer/BioNTech, Pfizer/BioNTech Kids",6970589,6885082,4290622,136551,13855671
2022-08-25,"Johnson&Johnson, Moderna, Novavax, Pfizer/BioNTech, Pfizer/BioNTech Kids",6970705,6885194,4291825,142727,13855899
2022-08-26,"Johnson&Johnson, Moderna, Novavax, Pfizer/BioNTech, Pfizer/BioNTech Kids",6970871,6885427,4293506,149450,13856298
2022-08-27,"Johnson&Johnson, Moderna, Novavax, Pfizer/BioNTech, Pfizer/BioNTech Kids",6970907,6885456,4293730,149796,13856363
2022-08-28,"Moderna, Novavax, Pfizer/BioNTech, Pfizer/BioNTech Kids",6970915,6885467,4293775,149881,13856382
2022-08-29,"Johnson&Johnson, Moderna, Novavax, Pfizer/BioNTech, Pfizer/BioNTech Kids",6970991,6885566,4294551,153367,13856557
2022-08-30,"Johnson&Johnson, Moderna, Novavax, Pfizer/BioNTech, Pfizer/BioNTech Kids",6971085,6885667,4295464,158350,13856752
2022-08-31,"Johnson&Johnson, Moderna, Novavax, Pfizer/BioNTech, Pfizer/BioNTech Kids",6971207,6885806,4296454,162944,13857013
2022-09-01,"Johnson&Johnson, Moderna, Novavax, Pfizer/BioNTech, Pfizer/BioNTech Kids",6971317,6885922,4297413,168669,13857239
2022-09-02,"Johnson&Johnson, Moderna, Novavax, Pfizer/BioNTech, Pfizer/BioNTech Kids",6971492,6886117,4298767,174881,13857609
2022-09-03,"Johnson&Johnson, Moderna, Novavax, Pfizer/BioNTech, Pfizer/BioNTech Kids",6971507,6886133,4298847,174989,13857640
2022-09-04,"Moderna, Pfizer/BioNTech, Pfizer/BioNTech Kids",6971512,6886134,4298879,175023,13857646
2022-09-05,"Johnson&Johnson, Moderna, Novavax, Pfizer/BioNTech, Pfizer/BioNTech Kids",6971589,6886232,4299611,178857,13857821
2022-09-06,"Johnson&Johnson, Moderna, Novavax, Pfizer/BioNTech, Pfizer/BioNTech Kids",6971665,6886324,4300337,183612,13857989
2022-09-07,"Johnson&Johnson, Moderna, Novavax, Oxford/AstraZeneca, Pfizer/BioNTech, Pfizer/BioNTech Kids, Pfizer/BioNTech original + BA.1",6971745,6886414,4301235,189392,13858159
2022-09-08,"Johnson&Johnson, Moderna, Novavax, Pfizer/BioNTech, Pfizer/BioNTech Kids, Pfizer/BioNTech original + BA.1",6971836,6886510,4302234,195357,13858346
2022-09-09,"Johnson&Johnson, Moderna, Novavax, Pfizer/BioNTech, Pfizer/BioNTech Kids, Pfizer/BioNTech original + BA.1, Pfizer/BioNTech original + BA.4/5",6971985,6886655,4303404,201083,13858640
2022-09-10,"Moderna, Novavax, Pfizer/BioNTech, Pfizer/BioNTech Kids, Pfizer/BioNTech original + BA.1",6971996,6886670,4303490,201229,13858666
2022-09-11,"Moderna, Pfizer/BioNTech, Pfizer/BioNTech Kids, Pfizer/BioNTech original + BA.1",6972004,6886673,4303513,201267,13858677
2022-09-12,"Johnson&Johnson, Moderna, Moderna bivalent BA.1, Novavax, Pfizer/BioNTech, Pfizer/BioNTech Kids, Pfizer/BioNTech original + BA.1, Pfizer/BioNTech original + BA.4/5",6972100,6886770,4304117,204644,13858870
2022-09-13,"Johnson&Johnson, Moderna, Novavax, Pfizer/BioNTech, Pfizer/BioNTech Kids, Pfizer/BioNTech original + BA.1",6972188,6886863,4304839,209886,13859051
2022-09-14,"Johnson&Johnson, Moderna, Novavax, Pfizer/BioNTech, Pfizer/BioNTech Kids, Pfizer/BioNTech original + BA.1, Pfizer/BioNTech original + BA.4/5",6972283,6886973,4305667,216128,13859256
2022-09-15,"Johnson&Johnson, Moderna, Novavax, Oxford/AstraZeneca, Pfizer/BioNTech, Pfizer/BioNTech Kids, Pfizer/BioNTech original + BA.1, Pfizer/BioNTech original + BA.4/5",6972386,6887069,4306668,223504,13859455
2022-09-16,"Johnson&Johnson, Moderna, Moderna bivalent BA.1, Novavax, Pfizer/BioNTech, Pfizer/BioNTech Kids, Pfizer/BioNTech original + BA.1, Pfizer/BioNTech original + BA.4/5",6972536,6887248,4308043,232748,13859784
2022-09-17,"Johnson&Johnson, Moderna, Pfizer/BioNTech, Pfizer/BioNTech Kids, Pfizer/BioNTech original + BA.1",6972544,6887268,4308235,233584,13859812
2022-09-18,"Johnson&Johnson, Moderna, Novavax, Pfizer/BioNTech, Pfizer/BioNTech Kids, Pfizer/BioNTech original + BA.1, Pfizer/BioNTech original + BA.4/5",6972549,6887277,4308312,233816,13859826
2022-09-19,"Johnson&Johnson, Moderna, Moderna bivalent BA.1, Novavax, Pfizer/BioNTech, Pfizer/BioNTech Kids, Pfizer/BioNTech original + BA.1, Pfizer/BioNTech original + BA.4/5",6972613,6887338,4308953,239381,13859951
2022-09-20,"Johnson&Johnson, Moderna, Novavax, Pfizer/BioNTech, Pfizer/BioNTech Kids, Pfizer/BioNTech original + BA.1, Pfizer/BioNTech original + BA.4/5",6972704,6887412,4309869,247521,13860116
2022-09-21,"Moderna, Moderna bivalent BA.1, Novavax, Oxford/AstraZeneca, Pfizer/BioNTech, Pfizer/BioNTech Kids, Pfizer/BioNTech original + BA.1, Pfizer/BioNTech original + BA.4/5",6972789,6887512,4310919,257063,13860301
2022-09-22,"Johnson&Johnson, Moderna, Moderna bivalent BA.1, Novavax, Pfizer/BioNTech, Pfizer/BioNTech Kids, Pfizer/BioNTech original + BA.1, Pfizer/BioNTech original + BA.4/5",6972852,6887603,4311819,266478,13860455
2022-09-23,"Johnson&Johnson, Moderna, Moderna bivalent BA.1, Novavax, Pfizer/BioNTech, Pfizer/BioNTech Kids, Pfizer/BioNTech original + BA.1, Pfizer/BioNTech original + BA.4/5",6972975,6887755,4313036,277182,13860730
2022-09-24,"Moderna, Moderna bivalent BA.1, Novavax, Pfizer/BioNTech, Pfizer/BioNTech Kids, Pfizer/BioNTech original + BA.1, Pfizer/BioNTech original + BA.4/5",6972980,6887771,4313128,277559,13860751
2022-09-25,"Moderna, Pfizer/BioNTech, Pfizer/BioNTech original + BA.1, Pfizer/BioNTech original + BA.4/5",6972982,6887772,4313153,277704,13860754
2022-09-26,"Johnson&Johnson, Moderna, Moderna bivalent BA.1, Novavax, Pfizer/BioNTech, Pfizer/BioNTech Kids, Pfizer/BioNTech original + BA.1, Pfizer/BioNTech original + BA.4/5",6973015,6887841,4313850,284266,13860856
2022-09-27,"Johnson&Johnson, Moderna, Moderna bivalent BA.1, Novavax, Oxford/AstraZeneca, Pfizer/BioNTech, Pfizer/BioNTech Kids, Pfizer/BioNTech original + BA.1, Pfizer/BioNTech original + BA.4/5",6973094,6887946,4314718,293027,13861040
2022-09-28,"Moderna, Pfizer/BioNTech, Pfizer/BioNTech Kids, Pfizer/BioNTech original + BA.1, Pfizer/BioNTech original + BA.4/5",6973097,6887947,4314731,293094,13861044
2022-09-29,"Johnson&Johnson, Moderna, Moderna bivalent BA.1, Novavax, Pfizer/BioNTech, Pfizer/BioNTech Kids, Pfizer/BioNTech original + BA.1, Pfizer/BioNTech original + BA.4/5",6973158,6888039,4315677,302355,13861197
2022-09-30,"Johnson&Johnson, Moderna, Moderna bivalent BA.1, Novavax, Pfizer/BioNTech, Pfizer/BioNTech Kids, Pfizer/BioNTech original + BA.1, Pfizer/BioNTech original + BA.4/5",6973286,6888204,4317066,313844,13861490
2022-10-01,"Moderna, Moderna bivalent BA.1, Pfizer/BioNTech, Pfizer/BioNTech Kids, Pfizer/BioNTech original + BA.1, Pfizer/BioNTech original + BA.4/5",6973294,6888215,4317160,314402,13861509
2022-10-02,"Moderna bivalent BA.1, Novavax, Pfizer/BioNTech, Pfizer/BioNTech original + BA.4/5",6973297,6888216,4317236,314939,13861513
2022-10-03,"Johnson&Johnson, Moderna, Moderna bivalent BA.1, Novavax, Pfizer/BioNTech, Pfizer/BioNTech Kids, Pfizer/BioNTech original + BA.1, Pfizer/BioNTech original + BA.4/5",6973386,6888302,4318004,322880,13861688
2022-10-04,"Johnson&Johnson, Moderna, Moderna bivalent BA.1, Novavax, Pfizer/BioNTech, Pfizer/BioNTech Kids, Pfizer/BioNTech original + BA.1, Pfizer/BioNTech original + BA.4/5",6973467,6888398,4318846,333021,13861865
2022-10-05,"Johnson&Johnson, Moderna, Moderna bivalent BA.1, Novavax, Pfizer/BioNTech, Pfizer/BioNTech Kids, Pfizer/BioNTech original + BA.1, Pfizer/BioNTech original + BA.4/5",6973532,6888489,4319886,344888,13862021
2022-10-06,"Johnson&Johnson, Moderna, Moderna bivalent BA.1, Novavax, Pfizer/BioNTech, Pfizer/BioNTech Kids, Pfizer/BioNTech original + BA.1, Pfizer/BioNTech original + BA.4/5",6973624,6888622,4321075,358226,13862246
2022-10-07,"Johnson&Johnson, Moderna, Moderna bivalent BA.1, Novavax, Pfizer/BioNTech, Pfizer/BioNTech Kids, Pfizer/BioNTech original + BA.1, Pfizer/BioNTech original + BA.4/5",6973764,6888783,4322695,375162,13862547
2022-10-08,"Moderna bivalent BA.1, Novavax, Pfizer/BioNTech, Pfizer/BioNTech Kids, Pfizer/BioNTech original + BA.1, Pfizer/BioNTech original + BA.4/5",6973780,6888790,4322830,376112,13862570
2022-10-09,"Moderna bivalent BA.1, Pfizer/BioNTech, Pfizer/BioNTech original + BA.1, Pfizer/BioNTech original + BA.4/5",6973780,6888791,4322859,376266,13862571
2022-10-10,"Johnson&Johnson, Moderna, Moderna bivalent BA.1, Novavax, Pfizer/BioNTech, Pfizer/BioNTech Kids, Pfizer/BioNTech original + BA.1, Pfizer/BioNTech original + BA.4/5",6973820,6888861,4323623,385514,13862681
2022-10-11,"Johnson&Johnson, Moderna, Moderna bivalent BA.1, Novavax, Pfizer/BioNTech, Pfizer/BioNTech Kids, Pfizer/BioNTech original + BA.1, Pfizer/BioNTech original + BA.4/5",6973886,6888962,4324705,398198,13862848
2022-10-12,"Moderna, Moderna bivalent BA.1, Novavax, Pfizer/BioNTech, Pfizer/BioNTech Kids, Pfizer/BioNTech original + BA.1, Pfizer/BioNTech original + BA.4/5",6973979,6889058,4325971,411981,13863037
2022-10-13,"Johnson&Johnson, Moderna, Moderna bivalent BA.1, Novavax, Pfizer/BioNTech, Pfizer/BioNTech Kids, Pfizer/BioNTech original + BA.1, Pfizer/BioNTech original + BA.4/5",6974063,6889155,4327298,426904,13863218
2022-10-14,"Johnson&Johnson, Moderna, Moderna bivalent BA.1, Novavax, Pfizer/BioNTech, Pfizer/BioNTech Kids, Pfizer/BioNTech original + BA.1, Pfizer/BioNTech original + BA.4/5",6974196,6889299,4329249,445643,13863495
2022-10-15,"Moderna bivalent BA.1, Pfizer/BioNTech, Pfizer/BioNTech Kids, Pfizer/BioNTech original + BA.1, Pfizer/BioNTech original + BA.4/5",6974211,6889310,4329410,446883,13863521
2022-10-16,"Moderna, Moderna bivalent BA.1, Novavax, Pfizer/BioNTech, Pfizer/BioNTech Kids, Pfizer/BioNTech original + BA.1, Pfizer/BioNTech original + BA.4/5",6974212,6889313,4329439,447057,13863525
2022-10-17,"Johnson&Johnson, Moderna, Moderna bivalent BA.1, Novavax, Pfizer/BioNTech, Pfizer/BioNTech Kids, Pfizer/BioNTech original + BA.1, Pfizer/BioNTech original + BA.4/5",6974263,6889366,4330287,455770,13863629
2022-10-18,"Johnson&Johnson, Moderna, Moderna bivalent BA.1, Novavax, Pfizer/BioNTech, Pfizer/BioNTech Kids, Pfizer/BioNTech original + BA.1, Pfizer/BioNTech original + BA.4/5",6974326,6889428,4331408,468299,13863754
2022-10-19,"Johnson&Johnson, Moderna, Moderna bivalent BA.1, Novavax, Pfizer/BioNTech, Pfizer/BioNTech Kids, Pfizer/BioNTech original + BA.1, Pfizer/BioNTech original + BA.4/5",6974377,6889485,4332635,481783,13863862
2022-10-20,"Johnson&Johnson, Moderna, Moderna bivalent BA.1, Novavax, Pfizer/BioNTech, Pfizer/BioNTech Kids, Pfizer/BioNTech original + BA.1, Pfizer/BioNTech original + BA.4/5",6974445,6889552,4333955,497145,13863997
2022-10-21,"Johnson&Johnson, Moderna, Moderna bivalent BA.1, Novavax, Pfizer/BioNTech, Pfizer/BioNTech Kids, Pfizer/BioNTech original + BA.1, Pfizer/BioNTech original + BA.4/5",6974564,6889660,4335785,515911,13864224
2022-10-22,"Johnson&Johnson, Moderna, Moderna bivalent BA.1, Novavax, Pfizer/BioNTech, Pfizer/BioNTech Kids, Pfizer/BioNTech original + BA.1, Pfizer/BioNTech original + BA.4/5",6974581,6889675,4335929,517437,13864256
2022-10-23,"Moderna, Moderna bivalent BA.1, Novavax, Pfizer/BioNTech, Pfizer/BioNTech Kids, Pfizer/BioNTech original + BA.1, Pfizer/BioNTech original + BA.4/5",6974583,6889679,4335956,517600,13864262
2022-10-24,"Johnson&Johnson, Moderna, Moderna bivalent BA.1, Novavax, Pfizer/BioNTech, Pfizer/BioNTech Kids, Pfizer/BioNTech original + BA.1, Pfizer/BioNTech original + BA.4/5",6974613,6889730,4336714,526317,13864343
2022-10-25,"Johnson&Johnson, Moderna, Moderna bivalent BA.1, Novavax, Pfizer/BioNTech, Pfizer/BioNTech Kids, Pfizer/BioNTech original + BA.1, Pfizer/BioNTech original + BA.4/5",6974677,6889807,4337691,538164,13864484
2022-10-26,"Johnson&Johnson, Moderna, Moderna bivalent BA.1, Novavax, Pfizer/BioNTech, Pfizer/BioNTech Kids, Pfizer/BioNTech original + BA.1, Pfizer/BioNTech original + BA.4/5",6974731,6889863,4338776,550517,13864594
2022-10-27,"Johnson&Johnson, Moderna, Moderna bivalent BA.1, Novavax, Pfizer/BioNTech, Pfizer/BioNTech Kids, Pfizer/BioNTech original + BA.1, Pfizer/BioNTech original + BA.4/5",6974765,6889949,4340021,563901,13864714
2022-10-28,"Moderna, Pfizer/BioNTech, Pfizer/BioNTech original + BA.1, Pfizer/BioNTech original + BA.4/5",6974765,6889953,4340059,564360,13864718
2022-10-29,"Johnson&Johnson, Moderna, Moderna bivalent BA.1, Novavax, Pfizer/BioNTech, Pfizer/BioNTech Kids, Pfizer/BioNTech original + BA.1, Pfizer/BioNTech original + BA.4/5",6974771,6889968,4340188,565269,13864739
2022-10-30,"Moderna, Moderna bivalent BA.1, Pfizer/BioNTech, Pfizer/BioNTech Kids, Pfizer/BioNTech original + BA.4/5",6974773,6889971,4340208,565701,13864744
2022-10-31,"Johnson&Johnson, Moderna, Moderna bivalent BA.1, Novavax, Pfizer/BioNTech, Pfizer/BioNTech Kids, Pfizer/BioNTech original + BA.1, Pfizer/BioNTech original + BA.4/5",6974826,6890058,4340840,572619,13864884
2022-11-01,"Johnson&Johnson, Moderna, Moderna bivalent BA.1, Novavax, Pfizer/BioNTech, Pfizer/BioNTech Kids, Pfizer/BioNTech original + BA.1, Pfizer/BioNTech original + BA.4/5",6974871,6890111,4341640,582733,13864982
2022-11-02,"Johnson&Johnson, Moderna, Moderna bivalent BA.1, Novavax, Pfizer/BioNTech, Pfizer/BioNTech Kids, Pfizer/BioNTech original + BA.1, Pfizer/BioNTech original + BA.4/5",6974905,6890186,4342491,593468,13865091
2022-11-03,"Johnson&Johnson, Moderna, Moderna bivalent BA.1, Novavax, Pfizer/BioNTech, Pfizer/BioNTech Kids, Pfizer/BioNTech original + BA.1, Pfizer/BioNTech original + BA.4/5",6974945,6890267,4343375,605150,13865212
2022-11-04,"Johnson&Johnson, Moderna, Moderna bivalent BA.1, Novavax, Pfizer/BioNTech, Pfizer/BioNTech Kids, Pfizer/BioNTech original + BA.1, Pfizer/BioNTech original + BA.4/5",6975065,6890415,4344738,620408,13865480
2022-11-05,"Moderna bivalent BA.1, Novavax, Pfizer/BioNTech, Pfizer/BioNTech Kids, Pfizer/BioNTech original + BA.1, Pfizer/BioNTech original + BA.4/5",6975073,6890426,4344833,621235,13865499
2022-11-06,"Moderna bivalent BA.1, Novavax, Pfizer/BioNTech, Pfizer/BioNTech original + BA.1, Pfizer/BioNTech original + BA.4/5",6975075,6890426,4344859,621365,13865501
2022-11-07,"Johnson&Johnson, Moderna, Moderna bivalent BA.1, Novavax, Pfizer/BioNTech, Pfizer/BioNTech Kids, Pfizer/BioNTech original + BA.1, Pfizer/BioNTech original + BA.4/5",6975112,6890484,4345413,628060,13865596
2022-11-08,"Johnson&Johnson, Moderna, Moderna bivalent BA.1, Novavax, Pfizer/BioNTech, Pfizer/BioNTech Kids, Pfizer/BioNTech original + BA.1, Pfizer/BioNTech original + BA.4/5",6975159,6890548,4346089,637543,13865707
2022-11-09,"Johnson&Johnson, Moderna, Moderna bivalent BA.1, Novavax, Pfizer/BioNTech, Pfizer/BioNTech Kids, Pfizer/BioNTech original + BA.1, Pfizer/BioNTech original + BA.4/5",6975201,6890597,4346819,646189,13865798
2022-11-10,"Johnson&Johnson, Moderna, Moderna bivalent BA.1, Novavax, Pfizer/BioNTech, Pfizer/BioNTech Kids, Pfizer/BioNTech original + BA.1, Pfizer/BioNTech original + BA.4/5",6975257,6890658,4347539,655268,13865915
2022-11-11,"Johnson&Johnson, Moderna, Moderna bivalent BA.1, Novavax, Pfizer/BioNTech, Pfizer/BioNTech Kids, Pfizer/BioNTech original + BA.1, Pfizer/BioNTech original + BA.4/5",6975341,6890783,4348491,666199,13866124
2022-11-12,"Johnson&Johnson, Moderna bivalent BA.1, Novavax, Pfizer/BioNTech, Pfizer/BioNTech Kids, Pfizer/BioNTech original + BA.4/5",6975347,6890790,4348528,666437,13866137
2022-11-13,"Moderna, Novavax, Pfizer/BioNTech original + BA.4/5",6975347,6890792,4348549,666536,13866139
2022-11-14,"Johnson&Johnson, Moderna, Moderna bivalent BA.1, Novavax, Pfizer/BioNTech, Pfizer/BioNTech Kids, Pfizer/BioNTech original + BA.1, Pfizer/BioNTech original + BA.4/5",6975385,6890844,4348916,671498,13866229
2022-11-15,"Johnson&Johnson, Moderna, Moderna bivalent BA.1, Novavax, Pfizer/BioNTech, Pfizer/BioNTech Kids, Pfizer/BioNTech original + BA.1, Pfizer/BioNTech original + BA.4/5",6975437,6890906,4349501,678975,13866343
2022-11-16,"Johnson&Johnson, Moderna, Moderna bivalent BA.1, Novavax, Pfizer/BioNTech, Pfizer/BioNTech Kids, Pfizer/BioNTech original + BA.1, Pfizer/BioNTech original + BA.4/5",6975486,6890982,4350146,687057,13866468
2022-11-17,"Moderna, Moderna bivalent BA.1, Pfizer/BioNTech, Pfizer/BioNTech original + BA.1, Pfizer/BioNTech original + BA.4/5",6975487,6890983,4350162,687260,13866470
2022-11-18,"Johnson&Johnson, Moderna, Moderna bivalent BA.1, Novavax, Pfizer/BioNTech, Pfizer/BioNTech Kids, Pfizer/BioNTech original + BA.1, Pfizer/BioNTech original + BA.4/5",6975540,6891030,4350711,693546,13866570
2022-11-19,"Johnson&Johnson, Moderna bivalent BA.1, Novavax, Pfizer/BioNTech, Pfizer/BioNTech Kids, Pfizer/BioNTech original + BA.4/5",6975542,6891033,4350741,693857,13866575
2022-11-20,"Moderna bivalent BA.1, Pfizer/BioNTech, Pfizer/BioNTech original + BA.1, Pfizer/BioNTech original + BA.4/5",6975545,6891034,4350768,694147,13866579
2022-11-21,"Johnson&Johnson, Moderna, Moderna bivalent BA.1, Novavax, Pfizer/BioNTech, Pfizer/BioNTech Kids, Pfizer/BioNTech original + BA.1, Pfizer/BioNTech original + BA.4/5",6975581,6891083,4351068,698236,13866664
2022-11-22,"Johnson&Johnson, Moderna, Moderna bivalent BA.1, Novavax, Pfizer/BioNTech, Pfizer/BioNTech Kids, Pfizer/BioNTech original + BA.1, Pfizer/BioNTech original + BA.4/5",6975623,6891155,4351497,703991,13866778
2022-11-23,"Johnson&Johnson, Moderna, Moderna bivalent BA.1, Novavax, Pfizer/BioNTech, Pfizer/BioNTech Kids, Pfizer/BioNTech original + BA.1, Pfizer/BioNTech original + BA.4/5",6975653,6891193,4351975,709604,13866846
2022-11-24,"Johnson&Johnson, Moderna, Moderna bivalent BA.1, Novavax, Pfizer/BioNTech, Pfizer/BioNTech Kids, Pfizer/BioNTech original + BA.1, Pfizer/BioNTech original + BA.4/5",6975699,6891235,4352477,716094,13866934
2022-11-25,"Johnson&Johnson, Moderna, Moderna bivalent BA.1, Novavax, Pfizer/BioNTech, Pfizer/BioNTech Kids, Pfizer/BioNTech original + BA.1, Pfizer/BioNTech original + BA.4/5",6975777,6891337,4353088,724028,13867114
2022-11-26,"Moderna, Moderna bivalent BA.1, Pfizer/BioNTech, Pfizer/BioNTech Kids, Pfizer/BioNTech original + BA.4/5",6975779,6891349,4353142,724189,13867128
2022-11-27,"Pfizer/BioNTech, Pfizer/BioNTech Kids, Pfizer/BioNTech original + BA.4/5",6975779,6891350,4353162,724267,13867129
2022-11-28,"Johnson&Johnson, Moderna, Moderna bivalent BA.1, Novavax, Pfizer/BioNTech, Pfizer/BioNTech Kids, Pfizer/BioNTech original + BA.1, Pfizer/BioNTech original + BA.4/5",6975793,6891379,4353398,727144,13867172
2022-11-29,"Johnson&Johnson, Moderna, Moderna bivalent BA.1, Novavax, Pfizer/BioNTech, Pfizer/BioNTech Kids, Pfizer/BioNTech original + BA.1, Pfizer/BioNTech original + BA.4/5",6975818,6891425,4353744,731320,13867243
