date,vaccine,people_vaccinated,people_fully_vaccinated,people_boosted_1,people_boosted_2,total_vaccinations
2020-12-27,Pfizer/BioNTech,1284,0,0,0,1284
2020-12-28,Pfizer/BioNTech,3581,0,0,0,3581
2020-12-29,Pfizer/BioNTech,7042,1,0,0,7043
2020-12-30,Pfizer/BioNTech,10552,1,0,0,10553
2020-12-31,Pfizer/BioNTech,11861,1,0,0,11862
2021-01-01,"Moderna, Pfizer/BioNTech",12126,1,0,0,12127
2021-01-02,"Moderna, Pfizer/BioNTech",13409,2,0,0,13411
2021-01-03,"Moderna, Pfizer/BioNTech",14336,2,0,0,14338
2021-01-04,"Moderna, Pfizer/BioNTech",17932,3,0,0,17935
2021-01-05,"Moderna, Pfizer/BioNTech",22435,4,0,0,22439
2021-01-06,"Moderna, Pfizer/BioNTech",28269,5,0,0,28274
2021-01-07,"Moderna, Pfizer/BioNTech",36250,5,0,0,36255
2021-01-08,"Moderna, Pfizer/BioNTech",46237,6,0,0,46243
2021-01-09,"Moderna, Pfizer/BioNTech",48263,7,0,0,48270
2021-01-10,"Indie/AstraZeneca, Pfizer/BioNTech",50038,9,0,0,50047
2021-01-11,"Moderna, Pfizer/BioNTech",59880,11,0,0,59891
2021-01-12,"Moderna, Pfizer/BioNTech",73313,13,0,0,73326
2021-01-13,"Indie/Bahrat Biotech, Moderna, Pfizer/BioNTech, Čína",86831,14,0,0,86845
2021-01-14,"Moderna, Pfizer/BioNTech",102059,18,0,0,102077
2021-01-15,"Moderna, Pfizer/BioNTech, Čína",116031,19,0,0,116050
2021-01-16,"Moderna, Pfizer/BioNTech",119426,23,0,0,119449
2021-01-17,"Moderna, Pfizer/BioNTech",122034,657,0,0,122691
2021-01-18,"Moderna, Pfizer/BioNTech",134485,2476,0,0,136961
2021-01-19,"Moderna, Pfizer/BioNTech",147062,5200,0,0,152262
2021-01-20,"Moderna, Pfizer/BioNTech",160722,7857,0,0,168579
2021-01-21,"Moderna, Pfizer/BioNTech",176350,9598,0,0,185948
2021-01-22,"Moderna, Pfizer/BioNTech",191198,10636,0,0,201834
2021-01-23,"Moderna, Pfizer/BioNTech",194507,11511,0,0,206018
2021-01-24,"Moderna, Pfizer/BioNTech",196756,12383,0,0,209139
2021-01-25,"Moderna, Pfizer/BioNTech",206389,15337,0,0,221726
2021-01-26,"Moderna, Pfizer/BioNTech",216893,19314,0,0,236207
2021-01-27,"Indie/Bahrat Biotech, Moderna, Pfizer/BioNTech, Čína",225902,23840,0,0,249742
2021-01-28,"Moderna, Pfizer/BioNTech",232990,29953,0,0,262943
2021-01-29,"Indie/AstraZeneca, Moderna, Pfizer/BioNTech, Čína",239195,37843,0,0,277038
2021-01-30,"Moderna, Pfizer/BioNTech",239934,38931,0,0,278865
2021-01-31,"Moderna, Pfizer/BioNTech",240652,40113,0,0,280765
2021-02-01,"Moderna, Pfizer/BioNTech",244624,48072,0,0,292696
2021-02-02,"Moderna, Pfizer/BioNTech",248776,58290,0,0,307066
2021-02-03,"Moderna, Pfizer/BioNTech",253195,69290,0,0,322485
2021-02-04,"Moderna, Pfizer/BioNTech",258083,82260,0,0,340343
2021-02-05,"Moderna, Pfizer/BioNTech",263541,92910,0,0,356451
2021-02-06,"Moderna, Oxford/AstraZeneca, Pfizer/BioNTech, Čína",264396,95271,0,0,359667
2021-02-07,"Moderna, Oxford/AstraZeneca, Pfizer/BioNTech",265244,97761,0,0,363005
2021-02-08,"Moderna, Oxford/AstraZeneca, Pfizer/BioNTech",269328,109154,0,0,378482
2021-02-09,"Moderna, Oxford/AstraZeneca, Pfizer/BioNTech",274428,121035,0,0,395463
2021-02-10,"Moderna, Oxford/AstraZeneca, Pfizer/BioNTech",279939,134258,0,0,414197
2021-02-11,"Indie/AstraZeneca, Moderna, Oxford/AstraZeneca, Pfizer/BioNTech",286269,150440,0,0,436709
2021-02-12,"Indie/AstraZeneca, Moderna, Oxford/AstraZeneca, Pfizer/BioNTech",293096,165101,0,0,458197
2021-02-13,"Moderna, Oxford/AstraZeneca, Pfizer/BioNTech",294713,168081,0,0,462794
2021-02-14,"Moderna, Oxford/AstraZeneca, Pfizer/BioNTech",295717,169462,0,0,465179
2021-02-15,"Moderna, Oxford/AstraZeneca, Pfizer/BioNTech",302105,178806,0,0,480911
2021-02-16,"Moderna, Oxford/AstraZeneca, Pfizer/BioNTech",310805,187851,0,0,498656
2021-02-17,"Moderna, Oxford/AstraZeneca, Pfizer/BioNTech",320488,196148,0,0,516636
2021-02-18,"Moderna, Oxford/AstraZeneca, Pfizer/BioNTech",332793,204221,0,0,537014
2021-02-19,"Moderna, Oxford/AstraZeneca, Pfizer/BioNTech",344642,211585,0,0,556227
2021-02-20,"Moderna, Oxford/AstraZeneca, Pfizer/BioNTech, Čína",346651,212765,0,0,559416
2021-02-21,"Moderna, Oxford/AstraZeneca, Pfizer/BioNTech",347787,213788,0,0,561575
2021-02-22,"Moderna, Oxford/AstraZeneca, Pfizer/BioNTech",357891,219816,0,0,577707
2021-02-23,"Moderna, Oxford/AstraZeneca, Pfizer/BioNTech",370839,226790,0,0,597629
2021-02-24,"Moderna, Oxford/AstraZeneca, Pfizer/BioNTech",384702,232816,0,0,617518
2021-02-25,"Moderna, Oxford/AstraZeneca, Pfizer/BioNTech",402650,238352,0,0,641002
2021-02-26,"Moderna, Oxford/AstraZeneca, Pfizer/BioNTech",418797,243704,0,0,662501
2021-02-27,"Moderna, Oxford/AstraZeneca, Pfizer/BioNTech",421799,244262,0,0,666061
2021-02-28,"Moderna, Oxford/AstraZeneca, Pfizer/BioNTech",424151,244810,0,0,668961
2021-03-01,"Moderna, Oxford/AstraZeneca, Pfizer/BioNTech",443705,248249,0,0,691954
2021-03-02,"Indie/AstraZeneca, Moderna, Oxford/AstraZeneca, Pfizer/BioNTech",470892,251799,0,0,722691
2021-03-03,"Moderna, Oxford/AstraZeneca, Pfizer/BioNTech",501788,256299,0,0,758087
2021-03-04,"Moderna, Oxford/AstraZeneca, Pfizer/BioNTech",534994,260975,0,0,795969
2021-03-05,"Johnson&Johnson, Moderna, Oxford/AstraZeneca, Pfizer/BioNTech",563806,266382,0,0,830188
2021-03-06,"Johnson&Johnson, Moderna, Oxford/AstraZeneca, Pfizer/BioNTech",575958,267248,0,0,843206
2021-03-07,"Johnson&Johnson, Moderna, Oxford/AstraZeneca, Pfizer/BioNTech",587477,268089,0,0,855566
2021-03-08,"Johnson&Johnson, Moderna, Oxford/AstraZeneca, Pfizer/BioNTech",617158,272944,0,0,890102
2021-03-09,"Johnson&Johnson, Moderna, Oxford/AstraZeneca, Pfizer/BioNTech",653460,279314,0,0,932774
2021-03-10,"Johnson&Johnson, Moderna, Oxford/AstraZeneca, Pfizer/BioNTech",694694,286268,0,0,980962
2021-03-11,"Indie/AstraZeneca, Johnson&Johnson, Moderna, Oxford/AstraZeneca, Pfizer/BioNTech",739449,294627,0,0,1034076
2021-03-12,"Johnson&Johnson, Moderna, Oxford/AstraZeneca, Pfizer/BioNTech, Čína",778116,303110,0,0,1081226
2021-03-13,"Johnson&Johnson, Moderna, Oxford/AstraZeneca, Pfizer/BioNTech",795187,304425,0,0,1099612
2021-03-14,"Johnson&Johnson, Moderna, Oxford/AstraZeneca, Pfizer/BioNTech",807288,305580,0,0,1112868
2021-03-15,"Johnson&Johnson, Moderna, Oxford/AstraZeneca, Pfizer/BioNTech",835628,314340,0,0,1149968
2021-03-16,"Johnson&Johnson, Moderna, Oxford/AstraZeneca, Pfizer/BioNTech",874440,324864,0,0,1199304
2021-03-17,"Moderna, Oxford/AstraZeneca, Pfizer/BioNTech",911845,335364,0,0,1247209
2021-03-18,"Indie/Bahrat Biotech, Johnson&Johnson, Moderna, Oxford/AstraZeneca, Pfizer/BioNTech",949773,347767,0,0,1297540
2021-03-19,"Johnson&Johnson, Moderna, Oxford/AstraZeneca, Pfizer/BioNTech",984219,361358,0,0,1345577
2021-03-20,"Indie/AstraZeneca, Johnson&Johnson, Moderna, Oxford/AstraZeneca, Pfizer/BioNTech",999378,363385,0,0,1362763
2021-03-21,"Indie, Johnson&Johnson, Moderna, Oxford/AstraZeneca, Pfizer/BioNTech, Čína",1006825,364942,0,0,1371767
2021-03-22,"Indie/AstraZeneca, Johnson&Johnson, Moderna, Oxford/AstraZeneca, Pfizer/BioNTech",1031357,377412,0,0,1408769
2021-03-23,"Johnson&Johnson, Moderna, Oxford/AstraZeneca, Pfizer/BioNTech",1057975,390769,0,0,1448744
2021-03-24,"Indie/AstraZeneca, Johnson&Johnson, Moderna, Oxford/AstraZeneca, Pfizer/BioNTech, Čína",1084825,406484,0,0,1491309
2021-03-25,"Indie/AstraZeneca, Johnson&Johnson, Moderna, Oxford/AstraZeneca, Pfizer/BioNTech",1111132,424303,0,0,1535435
2021-03-26,"Indie/AstraZeneca, Johnson&Johnson, Moderna, Oxford/AstraZeneca, Pfizer/BioNTech",1135914,441783,0,0,1577697
2021-03-27,"Johnson&Johnson, Moderna, Oxford/AstraZeneca, Pfizer/BioNTech, Čína",1144361,446623,0,0,1590984
2021-03-28,"Moderna, Oxford/AstraZeneca, Pfizer/BioNTech, Čína",1149903,450760,0,0,1600663
2021-03-29,"Johnson&Johnson, Moderna, Oxford/AstraZeneca, Pfizer/BioNTech",1169022,471459,0,0,1640481
2021-03-30,"Johnson&Johnson, Moderna, Oxford/AstraZeneca, Pfizer/BioNTech",1193693,493610,0,0,1687303
2021-03-31,"Indie/AstraZeneca, Johnson&Johnson, Moderna, Oxford/AstraZeneca, Pfizer/BioNTech, Čína",1216810,520624,0,0,1737434
2021-04-01,"Indie/AstraZeneca, Johnson&Johnson, Moderna, Oxford/AstraZeneca, Pfizer/BioNTech",1242471,552614,0,0,1795085
2021-04-02,"Indie/AstraZeneca, Johnson&Johnson, Moderna, Oxford/AstraZeneca, Pfizer/BioNTech",1249453,565396,0,0,1814849
2021-04-03,"Johnson&Johnson, Moderna, Oxford/AstraZeneca, Pfizer/BioNTech",1253104,576313,0,0,1829417
2021-04-04,"Johnson&Johnson, Moderna, Oxford/AstraZeneca, Pfizer/BioNTech",1255646,585225,0,0,1840871
2021-04-05,"Indie/AstraZeneca, Johnson&Johnson, Moderna, Oxford/AstraZeneca, Pfizer/BioNTech",1258082,592417,0,0,1850499
2021-04-06,"Indie/AstraZeneca, Johnson&Johnson, Moderna, Oxford/AstraZeneca, Pfizer/BioNTech, Čína",1274268,621658,0,0,1895926
2021-04-07,"Johnson&Johnson, Moderna, Oxford/AstraZeneca, Pfizer/BioNTech, Čína",1297723,643858,0,0,1941581
2021-04-08,"Indie/AstraZeneca, Johnson&Johnson, Moderna, Oxford/AstraZeneca, Pfizer/BioNTech",1336450,674848,0,0,2011298
2021-04-09,"Indie/AstraZeneca, Johnson&Johnson, Moderna, Oxford/AstraZeneca, Pfizer/BioNTech, Čína",1375962,704996,0,0,2080958
2021-04-10,"Johnson&Johnson, Moderna, Oxford/AstraZeneca, Pfizer/BioNTech",1391519,720281,0,0,2111800
2021-04-11,"Indie/AstraZeneca, Johnson&Johnson, Moderna, Oxford/AstraZeneca, Pfizer/BioNTech",1401298,730323,0,0,2131621
2021-04-12,"Johnson&Johnson, Moderna, Oxford/AstraZeneca, Pfizer/BioNTech",1439526,755426,0,0,2194952
2021-04-13,"Indie/AstraZeneca, Moderna, Oxford/AstraZeneca, Pfizer/BioNTech",1475763,781422,0,0,2257185
2021-04-14,"Moderna, Oxford/AstraZeneca, Pfizer/BioNTech",1514581,808751,0,0,2323332
2021-04-15,"Moderna, Oxford/AstraZeneca, Pfizer/BioNTech",1562305,834489,0,0,2396794
2021-04-16,"Moderna, Oxford/AstraZeneca, Pfizer/BioNTech",1606942,860120,0,0,2467062
2021-04-17,"Indie, Indie/AstraZeneca, Moderna, Oxford/AstraZeneca, Pfizer/BioNTech",1623641,869126,0,0,2492767
2021-04-18,"Moderna, Oxford/AstraZeneca, Pfizer/BioNTech, Čína",1636628,874102,0,0,2510730
2021-04-19,"Johnson&Johnson, Moderna, Oxford/AstraZeneca, Pfizer/BioNTech",1680528,889502,0,0,2570030
2021-04-20,"Johnson&Johnson, Moderna, Oxford/AstraZeneca, Pfizer/BioNTech, Čína",1723052,905367,0,0,2628419
2021-04-21,"Indie, Moderna, Oxford/AstraZeneca, Pfizer/BioNTech",1770722,919711,0,0,2690433
2021-04-22,"Johnson&Johnson, Moderna, Oxford/AstraZeneca, Pfizer/BioNTech",1825145,937085,0,0,2762230
2021-04-23,"Johnson&Johnson, Moderna, Oxford/AstraZeneca, Pfizer/BioNTech, Čína",1875072,949135,0,0,2824207
2021-04-24,"Indie/AstraZeneca, Johnson&Johnson, Moderna, Oxford/AstraZeneca, Pfizer/BioNTech, Sputnik, Čína",1892924,954398,0,0,2847322
2021-04-25,"Johnson&Johnson, Moderna, Oxford/AstraZeneca, Pfizer/BioNTech",1907609,958397,0,0,2866006
2021-04-26,"Indie, Johnson&Johnson, Moderna, Oxford/AstraZeneca, Pfizer/BioNTech, Čína",1957136,965955,0,0,2923091
2021-04-27,"Johnson&Johnson, Moderna, Oxford/AstraZeneca, Pfizer/BioNTech, Sputnik, Čína",2006050,978180,0,0,2984230
2021-04-28,"Indie/AstraZeneca, Johnson&Johnson, Moderna, Oxford/AstraZeneca, Pfizer/BioNTech, Čína",2064735,992186,0,0,3056921
2021-04-29,"Indie/AstraZeneca, Johnson&Johnson, Moderna, Oxford/AstraZeneca, Pfizer/BioNTech",2130290,1008082,0,0,3138372
2021-04-30,"Indie/AstraZeneca, Johnson&Johnson, Moderna, Oxford/AstraZeneca, Pfizer/BioNTech, Čína",2192530,1018065,0,0,3210595
2021-05-01,"Indie/AstraZeneca, Johnson&Johnson, Moderna, Oxford/AstraZeneca, Pfizer/BioNTech, Sputnik, Čína",2211916,1021533,0,0,3233449
2021-05-02,"Johnson&Johnson, Moderna, Oxford/AstraZeneca, Pfizer/BioNTech",2230842,1023823,0,0,3254665
2021-05-03,"Johnson&Johnson, Moderna, Oxford/AstraZeneca, Pfizer/BioNTech",2298012,1028905,0,0,3326917
2021-05-04,"Johnson&Johnson, Moderna, Oxford/AstraZeneca, Pfizer/BioNTech",2364491,1037265,0,0,3401756
2021-05-05,"Johnson&Johnson, Moderna, Oxford/AstraZeneca, Pfizer/BioNTech",2437625,1046689,0,0,3484314
2021-05-06,"Johnson&Johnson, Moderna, Oxford/AstraZeneca, Pfizer/BioNTech",2517990,1057413,0,0,3575403
2021-05-07,"Indie/AstraZeneca, Johnson&Johnson, Moderna, Oxford/AstraZeneca, Pfizer/BioNTech, Čína",2595261,1067541,0,0,3662802
2021-05-08,"Johnson&Johnson, Moderna, Oxford/AstraZeneca, Pfizer/BioNTech",2624783,1069336,0,0,3694119
2021-05-09,"Johnson&Johnson, Moderna, Oxford/AstraZeneca, Pfizer/BioNTech",2649005,1070556,0,0,3719561
2021-05-10,"Johnson&Johnson, Moderna, Oxford/AstraZeneca, Pfizer/BioNTech",2721739,1077787,0,0,3799526
2021-05-11,"Johnson&Johnson, Moderna, Oxford/AstraZeneca, Pfizer/BioNTech",2797816,1086610,0,0,3884426
2021-05-12,"Johnson&Johnson, Moderna, Oxford/AstraZeneca, Pfizer/BioNTech, Sputnik, Čína",2877702,1095737,0,0,3973439
2021-05-13,"Indie/AstraZeneca, Johnson&Johnson, Moderna, Oxford/AstraZeneca, Pfizer/BioNTech, Čína",2961704,1104913,0,0,4066617
2021-05-14,"Indie/AstraZeneca, Johnson&Johnson, Moderna, Oxford/AstraZeneca, Pfizer/BioNTech, Čína",3041224,1112723,0,0,4153947
2021-05-15,"Indie/AstraZeneca, Johnson&Johnson, Moderna, Oxford/AstraZeneca, Pfizer/BioNTech",3073190,1115009,0,0,4188199
2021-05-16,"Johnson&Johnson, Moderna, Oxford/AstraZeneca, Pfizer/BioNTech, Sputnik",3098995,1116300,0,0,4215295
2021-05-17,"Indie, Indie/AstraZeneca, Johnson&Johnson, Moderna, Oxford/AstraZeneca, Pfizer/BioNTech, Čína",3171507,1123051,0,0,4294558
2021-05-18,"Indie/AstraZeneca, Johnson&Johnson, Moderna, Oxford/AstraZeneca, Pfizer/BioNTech, Čína",3243464,1136152,0,0,4379616
2021-05-19,"Indie/AstraZeneca, Johnson&Johnson, Moderna, Oxford/AstraZeneca, Pfizer/BioNTech, Čína",3320921,1151300,0,0,4472221
2021-05-20,"Indie/AstraZeneca, Johnson&Johnson, Moderna, Oxford/AstraZeneca, Pfizer/BioNTech",3396383,1178311,0,0,4574694
2021-05-21,"Johnson&Johnson, Moderna, Oxford/AstraZeneca, Pfizer/BioNTech",3465221,1206080,0,0,4671301
2021-05-22,"Johnson&Johnson, Moderna, Oxford/AstraZeneca, Pfizer/BioNTech, Čína",3497687,1217317,0,0,4715004
2021-05-23,"Johnson&Johnson, Moderna, Oxford/AstraZeneca, Pfizer/BioNTech, Čína",3520131,1226335,0,0,4746466
2021-05-24,"Indie, Indie/AstraZeneca, Johnson&Johnson, Moderna, Oxford/AstraZeneca, Pfizer/BioNTech, Čína",3567340,1259934,0,0,4827274
2021-05-25,"Indie/AstraZeneca, Johnson&Johnson, Moderna, Oxford/AstraZeneca, Pfizer/BioNTech",3619244,1295702,0,0,4914946
2021-05-26,"Indie, Johnson&Johnson, Moderna, Oxford/AstraZeneca, Pfizer/BioNTech, Čína",3686987,1333207,1,0,5020194
2021-05-27,"Indie/AstraZeneca, Johnson&Johnson, Moderna, Oxford/AstraZeneca, Pfizer/BioNTech",3748395,1380470,1,0,5128865
2021-05-28,"Indie/AstraZeneca, Johnson&Johnson, Moderna, Oxford/AstraZeneca, Pfizer/BioNTech",3810133,1427006,1,0,5237139
2021-05-29,"Indie/AstraZeneca, Johnson&Johnson, Moderna, Oxford/AstraZeneca, Pfizer/BioNTech, Čína",3839414,1444141,1,0,5283555
2021-05-30,"Johnson&Johnson, Moderna, Oxford/AstraZeneca, Pfizer/BioNTech, Čína",3861830,1458593,1,0,5320423
2021-05-31,"Indie/AstraZeneca, Johnson&Johnson, Moderna, Oxford/AstraZeneca, Pfizer/BioNTech, Sputnik",3917555,1506038,1,0,5423593
2021-06-01,"Indie/AstraZeneca, Johnson&Johnson, Moderna, Oxford/AstraZeneca, Pfizer/BioNTech, Sputnik, Čína",3976657,1554852,1,0,5531509
2021-06-02,"Indie/AstraZeneca, Johnson&Johnson, Moderna, Oxford/AstraZeneca, Pfizer/BioNTech, Sputnik, Čína",4039624,1608787,1,0,5648411
2021-06-03,"Indie/AstraZeneca, Johnson&Johnson, Moderna, Oxford/AstraZeneca, Pfizer/BioNTech, Čína",4097871,1668879,1,0,5766750
2021-06-04,"Indie/AstraZeneca, Johnson&Johnson, Moderna, Oxford/AstraZeneca, Pfizer/BioNTech",4160997,1726208,1,0,5887205
2021-06-05,"Indie/AstraZeneca, Johnson&Johnson, Moderna, Oxford/AstraZeneca, Pfizer/BioNTech, Čína",4195197,1745113,1,0,5940310
2021-06-06,"Johnson&Johnson, Moderna, Oxford/AstraZeneca, Pfizer/BioNTech, Čína",4222159,1760266,1,0,5982425
2021-06-07,"Indie, Johnson&Johnson, Moderna, Oxford/AstraZeneca, Pfizer/BioNTech, Čína",4285837,1815839,1,0,6101676
2021-06-08,"Indie/AstraZeneca, Johnson&Johnson, Moderna, Oxford/AstraZeneca, Pfizer/BioNTech, Čína",4349843,1870784,1,0,6220627
2021-06-09,"Indie, Indie/AstraZeneca, Johnson&Johnson, Moderna, Oxford/AstraZeneca, Pfizer/BioNTech, Čína",4409046,1935368,1,0,6344414
2021-06-10,"Indie, Indie/AstraZeneca, Johnson&Johnson, Moderna, Oxford/AstraZeneca, Pfizer/BioNTech, Čína",4462892,2006582,1,0,6469474
2021-06-11,"Indie/Bahrat Biotech, Johnson&Johnson, Moderna, Oxford/AstraZeneca, Pfizer/BioNTech, Čína",4515009,2076365,1,0,6591374
2021-06-12,"Indie/AstraZeneca, Johnson&Johnson, Moderna, Oxford/AstraZeneca, Pfizer/BioNTech, Čína",4547054,2097202,2,0,6644256
2021-06-13,"Johnson&Johnson, Moderna, Oxford/AstraZeneca, Pfizer/BioNTech, Čína",4571081,2115625,2,0,6686706
2021-06-14,"Johnson&Johnson, Moderna, Oxford/AstraZeneca, Pfizer/BioNTech, Čína",4614173,2189915,2,0,6804088
2021-06-15,"Indie/AstraZeneca, Johnson&Johnson, Moderna, Oxford/AstraZeneca, Pfizer/BioNTech, Čína",4658851,2262232,2,0,6921083
2021-06-16,"Indie/AstraZeneca, Johnson&Johnson, Moderna, Oxford/AstraZeneca, Pfizer/BioNTech, Čína",4701671,2340389,2,0,7042060
2021-06-17,"Indie/AstraZeneca, Johnson&Johnson, Moderna, Oxford/AstraZeneca, Pfizer/BioNTech, Čína",4741114,2423429,2,0,7164543
2021-06-18,"Indie, Johnson&Johnson, Moderna, Oxford/AstraZeneca, Pfizer/BioNTech, Čína",4783556,2503962,2,0,7287518
2021-06-19,"Indie/AstraZeneca, Johnson&Johnson, Moderna, Oxford/AstraZeneca, Pfizer/BioNTech, Čína",4805351,2533304,2,0,7338655
2021-06-20,"Johnson&Johnson, Moderna, Oxford/AstraZeneca, Pfizer/BioNTech, Čína",4822766,2557169,2,0,7379935
2021-06-21,"Johnson&Johnson, Moderna, Oxford/AstraZeneca, Pfizer/BioNTech, Čína",4855293,2635731,2,0,7491024
2021-06-22,"Indie/AstraZeneca, Johnson&Johnson, Moderna, Oxford/AstraZeneca, Pfizer/BioNTech, Čína",4888272,2717998,2,0,7606270
2021-06-23,"Indie/AstraZeneca, Johnson&Johnson, Moderna, Oxford/AstraZeneca, Pfizer/BioNTech, Čína",4920006,2803200,2,0,7723206
2021-06-24,"Indie/AstraZeneca, Johnson&Johnson, Moderna, Oxford/AstraZeneca, Pfizer/BioNTech, Čína",4949883,2893223,2,0,7843106
2021-06-25,"Johnson&Johnson, Moderna, Oxford/AstraZeneca, Pfizer/BioNTech, Sputnik, Čína",4980977,2979439,2,0,7960416
2021-06-26,"Indie, Johnson&Johnson, Moderna, Oxford/AstraZeneca, Pfizer/BioNTech, Čína",4996881,3014335,2,0,8011216
2021-06-27,"Johnson&Johnson, Moderna, Oxford/AstraZeneca, Pfizer/BioNTech, Čína",5010852,3041052,2,0,8051904
2021-06-28,"Indie/AstraZeneca, Johnson&Johnson, Moderna, Oxford/AstraZeneca, Pfizer/BioNTech, Čína",5039288,3126258,2,0,8165546
2021-06-29,"Indie, Johnson&Johnson, Moderna, Oxford/AstraZeneca, Pfizer/BioNTech, Čína",5068584,3212783,2,0,8281367
2021-06-30,"Indie, Johnson&Johnson, Moderna, Oxford/AstraZeneca, Pfizer/BioNTech",5096103,3303795,3,0,8399898
2021-07-01,"Johnson&Johnson, Moderna, Oxford/AstraZeneca, Pfizer/BioNTech, Čína",5120128,3393859,3,0,8513987
2021-07-02,"Indie/AstraZeneca, Johnson&Johnson, Moderna, Oxford/AstraZeneca, Pfizer/BioNTech, Čína",5146902,3479789,3,0,8626691
2021-07-03,"Indie, Indie/AstraZeneca, Johnson&Johnson, Moderna, Oxford/AstraZeneca, Pfizer/BioNTech, Čína",5154030,3511360,3,0,8665390
2021-07-04,"Johnson&Johnson, Moderna, Oxford/AstraZeneca, Pfizer/BioNTech",5161629,3533184,3,0,8694813
2021-07-05,"Indie, Indie/AstraZeneca, Johnson&Johnson, Moderna, Oxford/AstraZeneca, Pfizer/BioNTech, Čína",5169079,3558627,3,0,8727706
2021-07-06,"Indie/AstraZeneca, Johnson&Johnson, Moderna, Oxford/AstraZeneca, Pfizer/BioNTech, Čína",5174591,3586391,3,0,8760982
2021-07-07,"Indie/AstraZeneca, Johnson&Johnson, Moderna, Oxford/AstraZeneca, Pfizer/BioNTech, Čína",5200430,3665385,3,0,8865815
2021-07-08,"Indie, Johnson&Johnson, Moderna, Oxford/AstraZeneca, Pfizer/BioNTech, Čína",5227063,3735698,3,0,8962761
2021-07-09,"Indie, Indie/AstraZeneca, Indie/Bahrat Biotech, Johnson&Johnson, Moderna, Oxford/AstraZeneca, Pfizer/BioNTech, Čína",5255029,3805027,3,0,9060056
2021-07-10,"Indie, Indie/AstraZeneca, Johnson&Johnson, Moderna, Oxford/AstraZeneca, Pfizer/BioNTech, Čína",5264435,3833717,4,0,9098152
2021-07-11,"Johnson&Johnson, Moderna, Oxford/AstraZeneca, Pfizer/BioNTech, Čína",5273000,3856611,4,0,9129611
2021-07-12,"Indie/AstraZeneca, Johnson&Johnson, Moderna, Oxford/AstraZeneca, Pfizer/BioNTech, Čína",5300565,3925668,4,0,9226233
2021-07-13,"Johnson&Johnson, Moderna, Oxford/AstraZeneca, Pfizer/BioNTech, Čína",5326791,3995546,4,0,9322337
2021-07-14,"Indie/AstraZeneca, Johnson&Johnson, Moderna, Oxford/AstraZeneca, Pfizer/BioNTech",5352644,4067529,4,0,9420173
2021-07-15,"Indie, Indie/AstraZeneca, Johnson&Johnson, Moderna, Oxford/AstraZeneca, Pfizer/BioNTech, Čína",5381851,4133550,4,0,9515401
2021-07-16,"Indie/AstraZeneca, Johnson&Johnson, Moderna, Oxford/AstraZeneca, Pfizer/BioNTech, Sputnik, Čína",5409824,4206292,4,0,9616116
2021-07-17,"Johnson&Johnson, Moderna, Oxford/AstraZeneca, Pfizer/BioNTech, Čína",5418647,4237782,4,0,9656429
2021-07-18,"Indie/AstraZeneca, Johnson&Johnson, Moderna, Oxford/AstraZeneca, Pfizer/BioNTech, Čína",5427104,4263798,4,0,9690902
2021-07-19,"Johnson&Johnson, Moderna, Oxford/AstraZeneca, Pfizer/BioNTech, Čína",5450481,4330805,4,0,9781286
2021-07-20,"Johnson&Johnson, Moderna, Oxford/AstraZeneca, Pfizer/BioNTech, Čína",5471926,4397863,6,0,9869789
2021-07-21,"Indie/AstraZeneca, Johnson&Johnson, Moderna, Oxford/AstraZeneca, Pfizer/BioNTech, Čína",5495403,4461339,6,0,9956742
2021-07-22,"Indie/AstraZeneca, Johnson&Johnson, Moderna, Oxford/AstraZeneca, Pfizer/BioNTech, Čína",5517787,4519985,6,0,10037772
2021-07-23,"Johnson&Johnson, Moderna, Oxford/AstraZeneca, Pfizer/BioNTech, Čína",5541048,4574775,6,0,10115823
2021-07-24,"Indie, Indie/AstraZeneca, Johnson&Johnson, Moderna, Oxford/AstraZeneca, Pfizer/BioNTech, Čína",5548435,4602474,6,0,10150909
2021-07-25,"Johnson&Johnson, Moderna, Oxford/AstraZeneca, Pfizer/BioNTech, Čína",5555104,4624621,6,0,10179725
2021-07-26,"Indie/AstraZeneca, Johnson&Johnson, Moderna, Oxford/AstraZeneca, Pfizer/BioNTech",5578678,4673309,6,0,10251987
2021-07-27,"Johnson&Johnson, Moderna, Oxford/AstraZeneca, Pfizer/BioNTech, Čína",5601449,4719986,6,0,10321435
2021-07-28,"Johnson&Johnson, Moderna, Oxford/AstraZeneca, Pfizer/BioNTech, Čína",5622767,4766040,6,0,10388807
2021-07-29,"Johnson&Johnson, Moderna, Oxford/AstraZeneca, Pfizer/BioNTech, Čína",5644131,4808060,6,0,10452191
2021-07-30,"Indie/AstraZeneca, Johnson&Johnson, Moderna, Oxford/AstraZeneca, Pfizer/BioNTech, Čína",5667442,4850664,7,0,10518106
2021-07-31,"Indie/AstraZeneca, Johnson&Johnson, Moderna, Oxford/AstraZeneca, Pfizer/BioNTech, Čína",5676421,4870235,7,0,10546656
2021-08-01,"Indie, Johnson&Johnson, Moderna, Oxford/AstraZeneca, Pfizer/BioNTech, Čína",5683180,4886419,7,0,10569599
2021-08-02,"Indie, Johnson&Johnson, Moderna, Oxford/AstraZeneca, Pfizer/BioNTech",5701859,4924015,7,0,10625874
2021-08-03,"Indie/Bahrat Biotech, Johnson&Johnson, Moderna, Oxford/AstraZeneca, Pfizer/BioNTech, Čína",5719552,4962182,7,0,10681734
2021-08-04,"Johnson&Johnson, Moderna, Oxford/AstraZeneca, Pfizer/BioNTech, Čína",5735707,4998990,7,0,10734697
2021-08-05,"Indie/AstraZeneca, Johnson&Johnson, Moderna, Oxford/AstraZeneca, Pfizer/BioNTech, Čína",5751778,5039515,7,0,10791293
2021-08-06,"Indie/AstraZeneca, Johnson&Johnson, Moderna, Oxford/AstraZeneca, Pfizer/BioNTech, Čína",5768628,5082869,7,0,10851497
2021-08-07,"Indie, Johnson&Johnson, Moderna, Oxford/AstraZeneca, Pfizer/BioNTech, Čína",5774266,5101068,7,0,10875334
2021-08-08,"Johnson&Johnson, Moderna, Oxford/AstraZeneca, Pfizer/BioNTech, Čína",5778659,5116853,8,0,10895512
2021-08-09,"Indie, Indie/AstraZeneca, Johnson&Johnson, Moderna, Oxford/AstraZeneca, Pfizer/BioNTech, Čína",5791315,5161961,8,0,10953276
2021-08-10,"Indie/AstraZeneca, Johnson&Johnson, Moderna, Oxford/AstraZeneca, Pfizer/BioNTech, Čína",5803206,5201583,8,0,11004789
2021-08-11,"Indie/AstraZeneca, Johnson&Johnson, Moderna, Oxford/AstraZeneca, Pfizer/BioNTech, Čína",5814602,5244756,8,0,11059358
2021-08-12,"Indie/AstraZeneca, Johnson&Johnson, Moderna, Oxford/AstraZeneca, Pfizer/BioNTech",5826042,5281926,8,0,11107968
2021-08-13,"Johnson&Johnson, Moderna, Oxford/AstraZeneca, Pfizer/BioNTech, Čína",5836796,5322312,8,0,11159108
2021-08-14,"Indie/AstraZeneca, Indie/Bahrat Biotech, Johnson&Johnson, Moderna, Oxford/AstraZeneca, Pfizer/BioNTech",5840152,5333055,8,0,11173207
2021-08-15,"Johnson&Johnson, Moderna, Oxford/AstraZeneca, Pfizer/BioNTech",5842751,5343458,8,0,11186209
2021-08-16,"Indie/AstraZeneca, Johnson&Johnson, Moderna, Oxford/AstraZeneca, Pfizer/BioNTech, Čína",5852563,5377572,8,0,11230135
2021-08-17,"Indie/AstraZeneca, Johnson&Johnson, Moderna, Oxford/AstraZeneca, Pfizer/BioNTech",5862173,5404722,8,0,11266895
2021-08-18,"Indie, Indie/AstraZeneca, Johnson&Johnson, Moderna, Oxford/AstraZeneca, Pfizer/BioNTech, Čína",5871568,5443651,8,0,11315219
2021-08-19,"Johnson&Johnson, Moderna, Oxford/AstraZeneca, Pfizer/BioNTech, Čína",5881259,5482029,8,0,11363288
2021-08-20,"Indie/AstraZeneca, Johnson&Johnson, Moderna, Oxford/AstraZeneca, Pfizer/BioNTech, Čína",5892669,5522269,8,0,11414938
2021-08-21,"Indie, Indie/AstraZeneca, Johnson&Johnson, Moderna, Oxford/AstraZeneca, Pfizer/BioNTech",5895406,5535079,8,0,11430485
2021-08-22,"Indie, Johnson&Johnson, Moderna, Oxford/AstraZeneca, Pfizer/BioNTech, Čína",5897761,5547074,8,0,11444835
2021-08-23,"Indie, Indie/AstraZeneca, Johnson&Johnson, Moderna, Oxford/AstraZeneca, Pfizer/BioNTech, Čína",5908304,5586385,10,0,11494689
2021-08-24,"Johnson&Johnson, Moderna, Oxford/AstraZeneca, Pfizer/BioNTech",5918190,5619646,10,0,11537836
2021-08-25,"Indie/AstraZeneca, Johnson&Johnson, Moderna, Oxford/AstraZeneca, Pfizer/BioNTech, Čína",5927073,5648087,11,0,11575160
2021-08-26,"Indie/AstraZeneca, Johnson&Johnson, Moderna, Oxford/AstraZeneca, Pfizer/BioNTech, Čína",5935534,5674286,13,0,11609820
2021-08-27,"Indie/AstraZeneca, Johnson&Johnson, Moderna, Oxford/AstraZeneca, Pfizer/BioNTech, Čína",5945871,5700328,14,0,11646199
2021-08-28,"Indie, Indie/AstraZeneca, Johnson&Johnson, Moderna, Oxford/AstraZeneca, Pfizer/BioNTech, Čína",5948624,5707438,14,0,11656062
2021-08-29,"Indie, Johnson&Johnson, Moderna, Oxford/AstraZeneca, Pfizer/BioNTech, Čína",5951041,5714076,14,0,11665117
2021-08-30,"Indie, Johnson&Johnson, Moderna, Oxford/AstraZeneca, Pfizer/BioNTech",5959581,5735999,14,0,11695580
2021-08-31,"Indie/AstraZeneca, Johnson&Johnson, Moderna, Oxford/AstraZeneca, Pfizer/BioNTech, Čína",5967276,5754154,14,0,11721430
2021-09-01,"Johnson&Johnson, Moderna, Oxford/AstraZeneca, Pfizer/BioNTech, Čína",5973223,5768195,15,0,11741418
2021-09-02,"Indie/AstraZeneca, Johnson&Johnson, Moderna, Oxford/AstraZeneca, Pfizer/BioNTech, Čína",5980078,5782622,15,0,11762700
2021-09-03,"Johnson&Johnson, Moderna, Oxford/AstraZeneca, Pfizer/BioNTech, Čína",5989643,5798393,15,0,11788036
2021-09-04,"Indie/AstraZeneca, Johnson&Johnson, Moderna, Oxford/AstraZeneca, Pfizer/BioNTech",5991731,5801985,15,0,11793716
2021-09-05,"Johnson&Johnson, Moderna, Oxford/AstraZeneca, Pfizer/BioNTech, Čína",5993786,5804846,15,0,11798632
2021-09-06,"Indie, Indie/AstraZeneca, Johnson&Johnson, Moderna, Oxford/AstraZeneca, Pfizer/BioNTech, Čína",6000036,5817422,15,0,11817458
2021-09-07,"Indie/AstraZeneca, Johnson&Johnson, Moderna, Oxford/AstraZeneca, Pfizer/BioNTech, Čína",6004441,5828548,16,0,11832989
2021-09-08,"Johnson&Johnson, Moderna, Oxford/AstraZeneca, Pfizer/BioNTech, Čína",6010133,5838441,19,0,11848574
2021-09-09,"Indie/AstraZeneca, Johnson&Johnson, Moderna, Oxford/AstraZeneca, Pfizer/BioNTech, Čína",6016831,5848534,21,0,11865365
2021-09-10,"Indie/AstraZeneca, Johnson&Johnson, Moderna, Oxford/AstraZeneca, Pfizer/BioNTech, Čína",6024551,5860759,22,0,11885310
2021-09-11,"Indie/AstraZeneca, Johnson&Johnson, Moderna, Oxford/AstraZeneca, Pfizer/BioNTech, Čína",6026438,5863285,22,0,11889723
2021-09-12,"Indie/AstraZeneca, Johnson&Johnson, Moderna, Oxford/AstraZeneca, Pfizer/BioNTech",6027563,5864933,23,0,11892496
2021-09-13,"Johnson&Johnson, Moderna, Oxford/AstraZeneca, Pfizer/BioNTech, Čína",6033018,5875263,23,0,11908281
2021-09-14,"Indie/AstraZeneca, Johnson&Johnson, Moderna, Oxford/AstraZeneca, Pfizer/BioNTech, Čína",6038434,5884300,23,0,11922734
2021-09-15,"Indie/AstraZeneca, Johnson&Johnson, Moderna, Oxford/AstraZeneca, Pfizer/BioNTech",6043668,5892851,29,0,11936519
2021-09-16,"Johnson&Johnson, Moderna, Oxford/AstraZeneca, Pfizer/BioNTech, Čína",6049042,5901141,29,0,11950183
2021-09-17,"Indie/AstraZeneca, Johnson&Johnson, Moderna, Oxford/AstraZeneca, Pfizer/BioNTech, Čína",6055619,5911393,32,0,11967012
2021-09-18,"Indie/AstraZeneca, Johnson&Johnson, Moderna, Oxford/AstraZeneca, Pfizer/BioNTech, Čína",6057363,5913773,34,0,11971136
2021-09-19,"Johnson&Johnson, Moderna, Oxford/AstraZeneca, Pfizer/BioNTech",6058316,5915347,36,0,11973663
2021-09-20,"Indie/AstraZeneca, Johnson&Johnson, Moderna, Oxford/AstraZeneca, Pfizer/BioNTech",6062350,5923568,468,0,11985918
2021-09-21,"Johnson&Johnson, Moderna, Oxford/AstraZeneca, Pfizer/BioNTech",6066602,5931123,920,0,11997725
2021-09-22,"Johnson&Johnson, Moderna, Oxford/AstraZeneca, Pfizer/BioNTech, Čína",6070803,5936674,1371,0,12007477
2021-09-23,"Johnson&Johnson, Moderna, Oxford/AstraZeneca, Pfizer/BioNTech, Čína",6075771,5943108,2384,0,12018879
2021-09-24,"Indie/AstraZeneca, Johnson&Johnson, Moderna, Oxford/AstraZeneca, Pfizer/BioNTech",6081534,5952743,2878,0,12034277
2021-09-25,"Indie, Indie/AstraZeneca, Johnson&Johnson, Moderna, Oxford/AstraZeneca, Pfizer/BioNTech, Čína",6083043,5954750,2955,0,12037793
2021-09-26,"Johnson&Johnson, Moderna, Oxford/AstraZeneca, Pfizer/BioNTech, Čína",6083795,5956395,3026,0,12040190
2021-09-27,"Indie, Indie/AstraZeneca, Johnson&Johnson, Moderna, Oxford/AstraZeneca, Pfizer/BioNTech, Čína",6087696,5962941,3769,0,12050637
2021-09-28,"Indie, Johnson&Johnson, Moderna, Oxford/AstraZeneca, Pfizer/BioNTech, Čína",6088089,5963591,3830,0,12051680
2021-09-29,"Indie/AstraZeneca, Johnson&Johnson, Moderna, Oxford/AstraZeneca, Pfizer/BioNTech, Čína",6091873,5971068,4841,0,12062941
2021-09-30,"Johnson&Johnson, Moderna, Oxford/AstraZeneca, Pfizer/BioNTech",6096402,5978794,5998,0,12075196
2021-10-01,"Indie/AstraZeneca, Johnson&Johnson, Moderna, Oxford/AstraZeneca, Pfizer/BioNTech, Čína",6100733,5986802,7861,0,12087535
2021-10-02,"Johnson&Johnson, Moderna, Oxford/AstraZeneca, Pfizer/BioNTech, Čína",6101809,5988362,7968,0,12090171
2021-10-03,"Johnson&Johnson, Moderna, Oxford/AstraZeneca, Pfizer/BioNTech",6102537,5989239,8052,0,12091776
2021-10-04,"Johnson&Johnson, Moderna, Oxford/AstraZeneca, Pfizer/BioNTech, Čína",6105630,5994831,9777,0,12100461
2021-10-05,"Johnson&Johnson, Moderna, Oxford/AstraZeneca, Pfizer/BioNTech, Sputnik, Čína",6108807,5999937,11898,0,12108744
2021-10-06,"Johnson&Johnson, Moderna, Oxford/AstraZeneca, Pfizer/BioNTech, Čína",6112338,6005127,14512,0,12117465
2021-10-07,"Johnson&Johnson, Moderna, Oxford/AstraZeneca, Pfizer/BioNTech",6115632,6010398,16913,0,12126030
2021-10-08,"Johnson&Johnson, Moderna, Oxford/AstraZeneca, Pfizer/BioNTech, Čína",6120445,6017060,20832,0,12137505
2021-10-09,"Indie/AstraZeneca, Johnson&Johnson, Moderna, Oxford/AstraZeneca, Pfizer/BioNTech",6121693,6018740,21293,0,12140433
2021-10-10,"Johnson&Johnson, Moderna, Oxford/AstraZeneca, Pfizer/BioNTech",6122649,6019585,21534,0,12142234
2021-10-11,"Indie/AstraZeneca, Johnson&Johnson, Moderna, Oxford/AstraZeneca, Pfizer/BioNTech, Čína",6125583,6024024,24182,0,12149607
2021-10-12,"Johnson&Johnson, Moderna, Oxford/AstraZeneca, Pfizer/BioNTech, Čína",6128535,6028033,27620,0,12156568
2021-10-13,"Johnson&Johnson, Moderna, Oxford/AstraZeneca, Pfizer/BioNTech, Čína",6132083,6032243,31982,0,12164326
2021-10-14,"Johnson&Johnson, Moderna, Oxford/AstraZeneca, Pfizer/BioNTech",6135764,6037195,36742,0,12172959
2021-10-15,"Indie, Johnson&Johnson, Moderna, Oxford/AstraZeneca, Pfizer/BioNTech, Čína",6141012,6043355,41826,0,12184367
2021-10-16,"Indie, Johnson&Johnson, Moderna, Oxford/AstraZeneca, Pfizer/BioNTech, Čína",6142434,6044894,42908,0,12187328
2021-10-17,"Johnson&Johnson, Moderna, Oxford/AstraZeneca, Pfizer/BioNTech, Čína",6143770,6045955,43470,0,12189725
2021-10-18,"Indie, Johnson&Johnson, Moderna, Oxford/AstraZeneca, Pfizer/BioNTech, Čína",6147898,6050076,50615,0,12197974
2021-10-19,"Johnson&Johnson, Moderna, Oxford/AstraZeneca, Pfizer/BioNTech",6151489,6052192,61521,0,12203681
2021-10-20,"Indie/AstraZeneca, Johnson&Johnson, Moderna, Oxford/AstraZeneca, Pfizer/BioNTech, Čína",6156396,6056664,76465,0,12213060
2021-10-21,"Johnson&Johnson, Moderna, Oxford/AstraZeneca, Pfizer/BioNTech, Čína",6164172,6062275,94004,0,12226447
2021-10-22,"Indie/AstraZeneca, Johnson&Johnson, Moderna, Oxford/AstraZeneca, Pfizer/BioNTech",6174646,6068780,112785,0,12243426
2021-10-23,"Indie/AstraZeneca, Johnson&Johnson, Moderna, Oxford/AstraZeneca, Pfizer/BioNTech, Čína",6178333,6071000,116439,0,12249333
2021-10-24,"Indie/AstraZeneca, Johnson&Johnson, Moderna, Oxford/AstraZeneca, Pfizer/BioNTech",6181024,6072787,118931,0,12253811
2021-10-25,"Indie/AstraZeneca, Johnson&Johnson, Moderna, Oxford/AstraZeneca, Pfizer/BioNTech, Čína",6191538,6078620,138736,0,12270158
2021-10-26,"Johnson&Johnson, Moderna, Oxford/AstraZeneca, Pfizer/BioNTech, Čína",6203543,6085175,161189,0,12288718
2021-10-27,"Johnson&Johnson, Moderna, Oxford/AstraZeneca, Pfizer/BioNTech, Čína",6218142,6092587,187546,0,12310729
2021-10-28,"Johnson&Johnson, Moderna, Oxford/AstraZeneca, Pfizer/BioNTech, Čína",6221591,6094293,191794,0,12315884
2021-10-29,"Indie, Johnson&Johnson, Moderna, Oxford/AstraZeneca, Pfizer/BioNTech, Čína",6236022,6102286,210813,0,12338308
2021-10-30,"Johnson&Johnson, Moderna, Oxford/AstraZeneca, Pfizer/BioNTech",6240561,6105211,214647,0,12345772
2021-10-31,"Johnson&Johnson, Moderna, Oxford/AstraZeneca, Pfizer/BioNTech",6244332,6107692,218346,0,12352024
2021-11-01,"Johnson&Johnson, Moderna, Oxford/AstraZeneca, Pfizer/BioNTech",6259536,6115380,240215,0,12374916
2021-11-02,"Johnson&Johnson, Moderna, Oxford/AstraZeneca, Pfizer/BioNTech, Čína",6274971,6122935,265659,0,12397906
2021-11-03,"Indie/AstraZeneca, Johnson&Johnson, Moderna, Oxford/AstraZeneca, Pfizer/BioNTech, Sputnik, Čína",6292154,6130236,295873,0,12422390
2021-11-04,"Johnson&Johnson, Moderna, Oxford/AstraZeneca, Pfizer/BioNTech, Čína",6310491,6138415,326965,0,12448906
2021-11-05,"Indie, Johnson&Johnson, Moderna, Oxford/AstraZeneca, Pfizer/BioNTech",6333277,6149708,357881,0,12482985
2021-11-06,"Indie/AstraZeneca, Johnson&Johnson, Moderna, Oxford/AstraZeneca, Pfizer/BioNTech, Čína",6339796,6152777,364689,0,12492573
2021-11-07,"Johnson&Johnson, Moderna, Oxford/AstraZeneca, Pfizer/BioNTech",6343823,6155218,369344,0,12499041
2021-11-08,"Johnson&Johnson, Moderna, Oxford/AstraZeneca, Pfizer/BioNTech, Čína",6360085,6162852,394555,0,12522937
2021-11-09,"Johnson&Johnson, Moderna, Oxford/AstraZeneca, Pfizer/BioNTech",6374897,6170165,422702,0,12545062
2021-11-10,"Johnson&Johnson, Moderna, Oxford/AstraZeneca, Pfizer/BioNTech, Čína",6390638,6177563,451397,0,12568201
2021-11-11,"Johnson&Johnson, Moderna, Oxford/AstraZeneca, Pfizer/BioNTech, Čína",6406114,6186679,479029,0,12592793
2021-11-12,"Johnson&Johnson, Moderna, Oxford/AstraZeneca, Pfizer/BioNTech",6425902,6199481,506523,0,12625383
2021-11-13,"Johnson&Johnson, Moderna, Oxford/AstraZeneca, Pfizer/BioNTech",6431297,6203369,512271,0,12634666
2021-11-14,"Johnson&Johnson, Moderna, Oxford/AstraZeneca, Pfizer/BioNTech, Čína",6435203,6206386,515919,0,12641589
2021-11-15,"Johnson&Johnson, Moderna, Oxford/AstraZeneca, Pfizer/BioNTech, Čína",6450286,6217102,538442,0,12667388
2021-11-16,"Johnson&Johnson, Moderna, Oxford/AstraZeneca, Pfizer/BioNTech, Čína",6467798,6229095,565480,0,12696893
2021-11-17,"Johnson&Johnson, Moderna, Oxford/AstraZeneca, Pfizer/BioNTech, Čína",6472054,6232679,569997,0,12704733
2021-11-18,"Johnson&Johnson, Moderna, Oxford/AstraZeneca, Pfizer/BioNTech, Čína",6491455,6244373,595699,0,12735828
2021-11-19,"Indie, Johnson&Johnson, Moderna, Oxford/AstraZeneca, Pfizer/BioNTech",6516055,6261352,621127,0,12777407
2021-11-20,"Indie/AstraZeneca, Johnson&Johnson, Moderna, Oxford/AstraZeneca, Pfizer/BioNTech",6524625,6266344,626711,0,12790969
2021-11-21,"Johnson&Johnson, Moderna, Oxford/AstraZeneca, Pfizer/BioNTech",6531386,6270129,629703,0,12801515
2021-11-22,"Johnson&Johnson, Moderna, Oxford/AstraZeneca, Pfizer/BioNTech, Čína",6549886,6284259,652269,0,12834145
2021-11-23,"Johnson&Johnson, Moderna, Oxford/AstraZeneca, Pfizer/BioNTech, Čína",6568924,6297520,680907,0,12866444
2021-11-24,"Johnson&Johnson, Moderna, Oxford/AstraZeneca, Pfizer/BioNTech, Čína",6587930,6313378,709960,0,12901308
2021-11-25,"Johnson&Johnson, Moderna, Oxford/AstraZeneca, Pfizer/BioNTech, Čína",6607053,6328420,743387,0,12935473
2021-11-26,"Indie, Johnson&Johnson, Moderna, Oxford/AstraZeneca, Pfizer/BioNTech, Pfizer/BioNTech Kids",6628697,6347557,778170,0,12976254
2021-11-27,"Johnson&Johnson, Moderna, Oxford/AstraZeneca, Pfizer/BioNTech, Pfizer/BioNTech Kids",6636161,6353117,786115,0,12989278
2021-11-28,"Johnson&Johnson, Moderna, Oxford/AstraZeneca, Pfizer/BioNTech",6639490,6356258,793107,0,12995748
2021-11-29,"Johnson&Johnson, Moderna, Oxford/AstraZeneca, Pfizer/BioNTech, Pfizer/BioNTech Kids, Čína",6654694,6369916,832078,0,13024610
2021-11-30,"Johnson&Johnson, Moderna, Oxford/AstraZeneca, Pfizer/BioNTech, Pfizer/BioNTech Kids",6667898,6381153,883284,0,13049051
2021-12-01,"Johnson&Johnson, Moderna, Oxford/AstraZeneca, Pfizer/BioNTech, Pfizer/BioNTech Kids, Čína",6681948,6393620,947371,0,13075568
2021-12-02,"Johnson&Johnson, Moderna, Oxford/AstraZeneca, Pfizer/BioNTech, Pfizer/BioNTech Kids, Čína",6692588,6406123,1020388,0,13098711
2021-12-03,"Indie/AstraZeneca, Johnson&Johnson, Moderna, Oxford/AstraZeneca, Pfizer/BioNTech, Pfizer/BioNTech Kids, Čína",6702220,6421713,1096180,0,13123933
2021-12-04,"Indie/AstraZeneca, Johnson&Johnson, Moderna, Pfizer/BioNTech, Pfizer/BioNTech Kids",6704783,6425678,1122659,0,13130461
2021-12-05,"Johnson&Johnson, Moderna, Oxford/AstraZeneca, Pfizer/BioNTech, Pfizer/BioNTech Kids",6706147,6428025,1141709,0,13134172
2021-12-06,"Johnson&Johnson, Moderna, Oxford/AstraZeneca, Pfizer/BioNTech, Pfizer/BioNTech Kids, Sputnik, Čína",6714293,6439565,1208471,0,13153858
2021-12-07,"Johnson&Johnson, Moderna, Oxford/AstraZeneca, Pfizer/BioNTech, Pfizer/BioNTech Kids",6722172,6451574,1286417,0,13173746
2021-12-08,"Johnson&Johnson, Moderna, Oxford/AstraZeneca, Pfizer/BioNTech, Pfizer/BioNTech Kids, Čína",6730419,6457511,1368224,0,13187930
2021-12-09,"Johnson&Johnson, Moderna, Oxford/AstraZeneca, Pfizer/BioNTech, Pfizer/BioNTech Kids",6737534,6470334,1449162,0,13207868
2021-12-10,"Johnson&Johnson, Moderna, Oxford/AstraZeneca, Pfizer/BioNTech, Pfizer/BioNTech Kids, Čína",6744454,6488147,1525582,0,13232601
2021-12-11,"Johnson&Johnson, Moderna, Oxford/AstraZeneca, Pfizer/BioNTech, Pfizer/BioNTech Kids",6746107,6493415,1551611,0,13239522
2021-12-12,"Johnson&Johnson, Moderna, Oxford/AstraZeneca, Pfizer/BioNTech, Pfizer/BioNTech Kids",6747414,6497857,1567650,0,13245271
2021-12-13,"Johnson&Johnson, Moderna, Oxford/AstraZeneca, Pfizer/BioNTech, Pfizer/BioNTech Kids",6753769,6511172,1628251,0,13264941
2021-12-14,"Johnson&Johnson, Moderna, Oxford/AstraZeneca, Pfizer/BioNTech, Pfizer/BioNTech Kids",6759979,6524841,1701596,0,13284820
2021-12-15,"Johnson&Johnson, Moderna, Oxford/AstraZeneca, Pfizer/BioNTech, Pfizer/BioNTech Kids, Čína",6766185,6538452,1775296,0,13304637
2021-12-16,"Indie/Bahrat Biotech, Johnson&Johnson, Moderna, Oxford/AstraZeneca, Pfizer/BioNTech, Pfizer/BioNTech Kids, Čína",6773119,6553291,1850079,0,13326410
2021-12-17,"Indie, Johnson&Johnson, Moderna, Oxford/AstraZeneca, Pfizer/BioNTech, Pfizer/BioNTech Kids",6781475,6570567,1924164,0,13352042
2021-12-18,"Johnson&Johnson, Moderna, Oxford/AstraZeneca, Pfizer/BioNTech, Pfizer/BioNTech Kids",6784085,6576024,1949815,0,13360109
2021-12-19,"Johnson&Johnson, Moderna, Pfizer/BioNTech, Pfizer/BioNTech Kids",6785859,6578532,1967953,0,13364391
2021-12-20,"Johnson&Johnson, Moderna, Oxford/AstraZeneca, Pfizer/BioNTech, Pfizer/BioNTech Kids, Čína",6791713,6592601,2033191,0,13384314
2021-12-21,"Johnson&Johnson, Moderna, Oxford/AstraZeneca, Pfizer/BioNTech, Pfizer/BioNTech Kids, Čína",6798372,6604623,2102562,0,13402995
2021-12-22,"Indie/AstraZeneca, Johnson&Johnson, Moderna, Oxford/AstraZeneca, Pfizer/BioNTech, Pfizer/BioNTech Kids",6803411,6617674,2160415,0,13421085
2021-12-23,"Johnson&Johnson, Moderna, Oxford/AstraZeneca, Pfizer/BioNTech, Pfizer/BioNTech Kids",6806282,6623291,2187961,0,13429573
2021-12-24,"Johnson&Johnson, Moderna, Oxford/AstraZeneca, Pfizer/BioNTech",6806330,6623403,2188392,0,13429733
2021-12-25,"Moderna, Pfizer/BioNTech, Pfizer/BioNTech Kids",6806333,6623421,2188416,0,13429754
2021-12-26,"Moderna, Pfizer/BioNTech, Pfizer/BioNTech Kids",6806436,6623625,2189411,0,13430061
2021-12-27,"Johnson&Johnson, Moderna, Pfizer/BioNTech, Pfizer/BioNTech Kids",6810297,6633376,2238977,0,13443673
2021-12-28,"Johnson&Johnson, Moderna, Oxford/AstraZeneca, Pfizer/BioNTech, Pfizer/BioNTech Kids",6815534,6641379,2297462,0,13456913
2021-12-29,"Johnson&Johnson, Moderna, Oxford/AstraZeneca, Pfizer/BioNTech, Pfizer/BioNTech Kids, Čína",6819807,6649109,2354141,0,13468916
2021-12-30,"Johnson&Johnson, Moderna, Pfizer/BioNTech, Pfizer/BioNTech Kids",6824105,6654547,2397826,0,13478652
2021-12-31,"Johnson&Johnson, Moderna, Pfizer/BioNTech, Pfizer/BioNTech Kids",6824613,6655977,2406872,0,13480590
2022-01-01,"Johnson&Johnson, Moderna, Pfizer/BioNTech, Pfizer/BioNTech Kids",6824622,6655996,2406909,0,13480618
2022-01-02,"Johnson&Johnson, Moderna, Oxford/AstraZeneca, Pfizer/BioNTech, Pfizer/BioNTech Kids",6825475,6657374,2419979,0,13482849
2022-01-03,"Johnson&Johnson, Moderna, Oxford/AstraZeneca, Pfizer/BioNTech, Pfizer/BioNTech Kids",6829610,6666285,2479192,0,13495895
2022-01-04,"Indie, Johnson&Johnson, Moderna, Oxford/AstraZeneca, Pfizer/BioNTech, Pfizer/BioNTech Kids",6834696,6674051,2555789,0,13508747
2022-01-05,"Johnson&Johnson, Moderna, Oxford/AstraZeneca, Pfizer/BioNTech, Pfizer/BioNTech Kids, Čína",6840521,6682031,2636588,0,13522552
2022-01-06,"Johnson&Johnson, Moderna, Oxford/AstraZeneca, Pfizer/BioNTech, Pfizer/BioNTech Kids",6847110,6690435,2723615,0,13537545
2022-01-07,"Johnson&Johnson, Moderna, Oxford/AstraZeneca, Pfizer/BioNTech, Pfizer/BioNTech Kids",6854996,6700791,2817506,0,13555787
2022-01-08,"Johnson&Johnson, Moderna, Oxford/AstraZeneca, Pfizer/BioNTech, Pfizer/BioNTech Kids",6857472,6703573,2846770,0,13561045
2022-01-09,"Indie/AstraZeneca, Johnson&Johnson, Moderna, Pfizer/BioNTech, Pfizer/BioNTech Kids",6858555,6705273,2864048,0,13563828
2022-01-10,"Johnson&Johnson, Moderna, Oxford/AstraZeneca, Pfizer/BioNTech, Pfizer/BioNTech Kids",6863062,6711470,2932996,0,13574532
2022-01-11,"Johnson&Johnson, Moderna, Oxford/AstraZeneca, Pfizer/BioNTech, Pfizer/BioNTech Kids",6868514,6718233,3008928,0,13586747
2022-01-12,"Johnson&Johnson, Moderna, Oxford/AstraZeneca, Pfizer/BioNTech, Pfizer/BioNTech Kids",6874477,6723882,3084634,0,13598359
2022-01-13,"Johnson&Johnson, Moderna, Oxford/AstraZeneca, Pfizer/BioNTech, Pfizer/BioNTech Kids",6880363,6728657,3159541,0,13609020
2022-01-14,"Johnson&Johnson, Moderna, Oxford/AstraZeneca, Pfizer/BioNTech, Pfizer/BioNTech Kids, Čína",6886655,6732286,3242566,0,13618941
2022-01-15,"Johnson&Johnson, Moderna, Oxford/AstraZeneca, Pfizer/BioNTech, Pfizer/BioNTech Kids, Sputnik",6887933,6732948,3265238,0,13620881
2022-01-16,"Johnson&Johnson, Moderna, Oxford/AstraZeneca, Pfizer/BioNTech, Pfizer/BioNTech Kids",6888621,6733387,3277032,0,13622008
2022-01-17,"Johnson&Johnson, Moderna, Oxford/AstraZeneca, Pfizer/BioNTech, Pfizer/BioNTech Kids",6892172,6737344,3323607,0,13629516
2022-01-18,"Johnson&Johnson, Moderna, Oxford/AstraZeneca, Pfizer/BioNTech, Pfizer/BioNTech Kids",6896023,6742302,3372656,0,13638325
2022-01-19,"Johnson&Johnson, Moderna, Oxford/AstraZeneca, Pfizer/BioNTech, Pfizer/BioNTech Kids, Čína",6900091,6746237,3417310,0,13646328
2022-01-20,"Johnson&Johnson, Moderna, Oxford/AstraZeneca, Pfizer/BioNTech, Pfizer/BioNTech Kids",6903684,6750696,3464189,0,13654380
2022-01-21,"Johnson&Johnson, Moderna, Oxford/AstraZeneca, Pfizer/BioNTech, Pfizer/BioNTech Kids, Čína",6907687,6753231,3519673,0,13660918
2022-01-22,"Johnson&Johnson, Moderna, Pfizer/BioNTech, Pfizer/BioNTech Kids, Čína",6908467,6753673,3529468,0,13662140
2022-01-23,"Johnson&Johnson, Moderna, Pfizer/BioNTech, Pfizer/BioNTech Kids, Sputnik",6909032,6754308,3534840,0,13663340
2022-01-24,"Johnson&Johnson, Moderna, Oxford/AstraZeneca, Pfizer/BioNTech, Pfizer/BioNTech Kids",6911305,6757747,3567300,0,13669052
2022-01-25,"Johnson&Johnson, Moderna, Oxford/AstraZeneca, Pfizer/BioNTech, Pfizer/BioNTech Kids",6913663,6761742,3598400,0,13675405
2022-01-26,"Johnson&Johnson, Moderna, Oxford/AstraZeneca, Pfizer/BioNTech, Pfizer/BioNTech Kids",6916045,6766313,3631108,0,13682358
2022-01-27,"Johnson&Johnson, Moderna, Oxford/AstraZeneca, Pfizer/BioNTech, Pfizer/BioNTech Kids",6918375,6771129,3663900,0,13689504
2022-01-28,"Johnson&Johnson, Moderna, Oxford/AstraZeneca, Pfizer/BioNTech, Pfizer/BioNTech Kids",6921284,6777289,3711469,0,13698573
2022-01-29,"Johnson&Johnson, Moderna, Oxford/AstraZeneca, Pfizer/BioNTech, Pfizer/BioNTech Kids, Čína",6921887,6778941,3721318,0,13700828
2022-01-30,"Johnson&Johnson, Moderna, Pfizer/BioNTech, Pfizer/BioNTech Kids",6922116,6779725,3725165,0,13701841
2022-01-31,"Johnson&Johnson, Moderna, Pfizer/BioNTech, Pfizer/BioNTech Kids",6923655,6783660,3749998,0,13707315
2022-02-01,"Johnson&Johnson, Moderna, Pfizer/BioNTech, Pfizer/BioNTech Kids",6925247,6787694,3770528,0,13712941
2022-02-02,"Johnson&Johnson, Moderna, Oxford/AstraZeneca, Pfizer/BioNTech, Pfizer/BioNTech Kids",6926814,6792213,3790767,0,13719027
2022-02-03,"Johnson&Johnson, Moderna, Pfizer/BioNTech, Pfizer/BioNTech Kids",6928189,6796700,3811421,0,13724889
2022-02-04,"Johnson&Johnson, Moderna, Oxford/AstraZeneca, Pfizer/BioNTech, Pfizer/BioNTech Kids",6929791,6801813,3841175,0,13731604
2022-02-05,"Johnson&Johnson, Moderna, Pfizer/BioNTech, Pfizer/BioNTech Kids",6929965,6802426,3846081,0,13732391
2022-02-06,"Johnson&Johnson, Moderna, Pfizer/BioNTech, Pfizer/BioNTech Kids",6930058,6802746,3847968,0,13732804
2022-02-07,"Indie/AstraZeneca, Johnson&Johnson, Moderna, Pfizer/BioNTech, Pfizer/BioNTech Kids",6930763,6805959,3860551,0,13736722
2022-02-08,"Johnson&Johnson, Moderna, Pfizer/BioNTech, Pfizer/BioNTech Kids",6931559,6809154,3872662,0,13740713
2022-02-09,"Johnson&Johnson, Moderna, Oxford/AstraZeneca, Pfizer/BioNTech, Pfizer/BioNTech Kids",6932377,6812527,3884636,0,13744904
2022-02-10,"Johnson&Johnson, Moderna, Pfizer/BioNTech, Pfizer/BioNTech Kids",6933187,6815660,3896784,0,13748847
2022-02-11,"Johnson&Johnson, Moderna, Pfizer/BioNTech, Pfizer/BioNTech Kids",6934142,6819580,3915712,0,13753722
2022-02-12,"Johnson&Johnson, Moderna, Pfizer/BioNTech, Pfizer/BioNTech Kids",6934256,6820004,3918077,0,13754260
2022-02-13,"Johnson&Johnson, Moderna, Pfizer/BioNTech, Pfizer/BioNTech Kids",6934294,6820443,3919510,0,13754737
2022-02-14,"Indie, Johnson&Johnson, Moderna, Pfizer/BioNTech, Pfizer/BioNTech Kids",6934754,6822560,3927601,0,13757314
2022-02-15,"Johnson&Johnson, Moderna, Oxford/AstraZeneca, Pfizer/BioNTech, Pfizer/BioNTech Kids",6935307,6824772,3934978,0,13760079
2022-02-16,"Johnson&Johnson, Moderna, Pfizer/BioNTech, Pfizer/BioNTech Kids",6935903,6826875,3942971,0,13762778
2022-02-17,"Johnson&Johnson, Moderna, Pfizer/BioNTech, Pfizer/BioNTech Kids",6936501,6829220,3951332,0,13765721
2022-02-18,"Johnson&Johnson, Moderna, Oxford/AstraZeneca, Pfizer/BioNTech, Pfizer/BioNTech Kids",6937143,6832275,3965140,0,13769418
2022-02-19,"Johnson&Johnson, Moderna, Pfizer/BioNTech, Pfizer/BioNTech Kids",6937223,6832559,3967095,0,13769782
2022-02-20,"Johnson&Johnson, Moderna, Oxford/AstraZeneca, Pfizer/BioNTech, Pfizer/BioNTech Kids",6937265,6832709,3967837,0,13769974
2022-02-21,"Johnson&Johnson, Moderna, Oxford/AstraZeneca, Pfizer/BioNTech, Pfizer/BioNTech Kids",6937631,6834411,3973739,0,13772042
2022-02-22,"Johnson&Johnson, Moderna, Oxford/AstraZeneca, Pfizer/BioNTech, Pfizer/BioNTech Kids, Čína",6938025,6836112,3979338,0,13774137
2022-02-23,"Johnson&Johnson, Moderna, Pfizer/BioNTech, Pfizer/BioNTech Kids",6938483,6837756,3985116,0,13776239
2022-02-24,"Johnson&Johnson, Moderna, Pfizer/BioNTech, Pfizer/BioNTech Kids, Sputnik",6938892,6839389,3991211,0,13778281
2022-02-25,"Johnson&Johnson, Moderna, Pfizer/BioNTech, Pfizer/BioNTech Kids, Čína",6939473,6841477,4002332,0,13780950
2022-02-26,"Johnson&Johnson, Moderna, Pfizer/BioNTech, Pfizer/BioNTech Kids",6939533,6841638,4003971,0,13781171
2022-02-27,"Johnson&Johnson, Moderna, Pfizer/BioNTech, Pfizer/BioNTech Kids",6939564,6841715,4004590,0,13781279
2022-02-28,"Johnson&Johnson, Moderna, Pfizer/BioNTech, Pfizer/BioNTech Kids",6939811,6842694,4009308,0,13782505
2022-03-01,"Johnson&Johnson, Moderna, Pfizer/BioNTech, Pfizer/BioNTech Kids",6940116,6843481,4012285,0,13783597
2022-03-02,"Indie, Johnson&Johnson, Moderna, Pfizer/BioNTech, Pfizer/BioNTech Kids",6940488,6844390,4016082,0,13784878
2022-03-03,"Indie, Johnson&Johnson, Moderna, Pfizer/BioNTech, Pfizer/BioNTech Kids",6940824,6845335,4019785,0,13786159
2022-03-04,"Indie, Johnson&Johnson, Moderna, Pfizer/BioNTech, Pfizer/BioNTech Kids",6941457,6846554,4027005,0,13788011
2022-03-05,"Indie, Johnson&Johnson, Moderna, Pfizer/BioNTech, Pfizer/BioNTech Kids",6941537,6846647,4027624,0,13788184
2022-03-06,"Indie, Moderna, Oxford/AstraZeneca, Pfizer/BioNTech, Pfizer/BioNTech Kids",6941550,6846665,4027824,0,13788215
2022-03-07,"Indie, Johnson&Johnson, Moderna, Pfizer/BioNTech, Pfizer/BioNTech Kids",6941885,6847224,4030564,0,13789109
2022-03-08,"Indie, Johnson&Johnson, Moderna, Oxford/AstraZeneca, Pfizer/BioNTech, Pfizer/BioNTech Kids, Čína",6942220,6847768,4033098,0,13789988
2022-03-09,"Indie, Johnson&Johnson, Moderna, Pfizer/BioNTech, Pfizer/BioNTech Kids",6942608,6848365,4036393,0,13790973
2022-03-10,"Indie, Johnson&Johnson, Moderna, Pfizer/BioNTech, Pfizer/BioNTech Kids",6943019,6849043,4039496,0,13792062
2022-03-11,"Indie, Johnson&Johnson, Moderna, Pfizer/BioNTech, Pfizer/BioNTech Kids, Čína",6943770,6849954,4045837,0,13793724
2022-03-12,"Indie, Johnson&Johnson, Moderna, Pfizer/BioNTech, Pfizer/BioNTech Kids",6943843,6850058,4046732,0,13793901
2022-03-13,"Indie, Johnson&Johnson, Moderna, Pfizer/BioNTech, Pfizer/BioNTech Kids",6943857,6850081,4046919,0,13793938
2022-03-14,"Indie, Johnson&Johnson, Moderna, Pfizer/BioNTech, Pfizer/BioNTech Kids",6944123,6850467,4049681,0,13794590
2022-03-15,"Indie, Johnson&Johnson, Moderna, Pfizer/BioNTech, Pfizer/BioNTech Kids",6944410,6850905,4052305,0,13795315
2022-03-16,"Indie, Johnson&Johnson, Moderna, Oxford/AstraZeneca, Pfizer/BioNTech, Pfizer/BioNTech Kids",6944731,6851450,4055225,0,13796181
2022-03-17,"Indie, Johnson&Johnson, Moderna, Oxford/AstraZeneca, Pfizer/BioNTech, Pfizer/BioNTech Kids",6945026,6851882,4058319,0,13796908
2022-03-18,"Indie, Johnson&Johnson, Moderna, Pfizer/BioNTech, Pfizer/BioNTech Kids",6945724,6852680,4065041,0,13798404
2022-03-19,"Indie, Moderna, Pfizer/BioNTech, Pfizer/BioNTech Kids",6945780,6852724,4065488,0,13798504
2022-03-20,"Indie, Moderna, Pfizer/BioNTech, Pfizer/BioNTech Kids",6945798,6852737,4065668,0,13798535
2022-03-21,"Indie, Johnson&Johnson, Moderna, Pfizer/BioNTech, Pfizer/BioNTech Kids",6945986,6853064,4068131,0,13799050
2022-03-22,"Indie, Johnson&Johnson, Moderna, Pfizer/BioNTech, Pfizer/BioNTech Kids",6946231,6853465,4070386,0,13799696
2022-03-23,"Indie, Johnson&Johnson, Moderna, Pfizer/BioNTech, Pfizer/BioNTech Kids",6946567,6853904,4073217,0,13800471
2022-03-24,"Indie, Johnson&Johnson, Moderna, Pfizer/BioNTech, Pfizer/BioNTech Kids",6946879,6854377,4076375,0,13801256
2022-03-25,"Indie, Johnson&Johnson, Moderna, Pfizer/BioNTech, Pfizer/BioNTech Kids",6947375,6855189,4082959,0,13802564
2022-03-26,"Indie, Johnson&Johnson, Moderna, Pfizer/BioNTech, Pfizer/BioNTech Kids",6947428,6855268,4083353,0,13802696
2022-03-27,"Indie, Moderna, Pfizer/BioNTech, Pfizer/BioNTech Kids",6947444,6855285,4083468,0,13802729
2022-03-28,"Indie, Johnson&Johnson, Moderna, Pfizer/BioNTech, Pfizer/BioNTech Kids",6947599,6855666,4085801,0,13803265
2022-03-29,"Indie, Johnson&Johnson, Moderna, Pfizer/BioNTech, Pfizer/BioNTech Kids",6947862,6856072,4088103,0,13803934
2022-03-30,"Indie, Johnson&Johnson, Moderna, Pfizer/BioNTech, Pfizer/BioNTech Kids",6948166,6856563,4090935,0,13804729
2022-03-31,"Indie, Johnson&Johnson, Moderna, Pfizer/BioNTech, Pfizer/BioNTech Kids",6948464,6857056,4094231,0,13805520
2022-04-01,"Indie, Johnson&Johnson, Moderna, Pfizer/BioNTech, Pfizer/BioNTech Kids",6949071,6857815,4100134,0,13806886
2022-04-02,"Indie, Moderna, Pfizer/BioNTech, Pfizer/BioNTech Kids",6949128,6857900,4100947,0,13807028
2022-04-03,"Indie, Moderna, Pfizer/BioNTech, Pfizer/BioNTech Kids",6949141,6857929,4101117,0,13807070
2022-04-04,"Indie, Johnson&Johnson, Moderna, Pfizer/BioNTech, Pfizer/BioNTech Kids",6949322,6858212,4102951,0,13807534
2022-04-05,"Indie, Johnson&Johnson, Moderna, Pfizer/BioNTech, Pfizer/BioNTech Kids",6949513,6858450,4104563,0,13807963
2022-04-06,"Indie, Johnson&Johnson, Moderna, Pfizer/BioNTech, Pfizer/BioNTech Kids",6949733,6858797,4107306,0,13808530
2022-04-07,"Indie, Johnson&Johnson, Moderna, Pfizer/BioNTech, Pfizer/BioNTech Kids",6949957,6859215,4110144,0,13809172
2022-04-08,"Indie, Johnson&Johnson, Moderna, Pfizer/BioNTech, Pfizer/BioNTech Kids",6950412,6859938,4116181,0,13810350
2022-04-09,"Indie, Johnson&Johnson, Moderna, Pfizer/BioNTech, Pfizer/BioNTech Kids",6950472,6860010,4116706,0,13810482
2022-04-10,"Indie, Moderna, Pfizer/BioNTech, Pfizer/BioNTech Kids",6950486,6860020,4116827,0,13810506
2022-04-11,"Indie, Johnson&Johnson, Moderna, Pfizer/BioNTech, Pfizer/BioNTech Kids",6950648,6860251,4118680,0,13810899
2022-04-12,"Indie, Johnson&Johnson, Moderna, Pfizer/BioNTech, Pfizer/BioNTech Kids",6950894,6860550,4120592,0,13811444
2022-04-13,"Indie, Johnson&Johnson, Moderna, Pfizer/BioNTech, Pfizer/BioNTech Kids",6951136,6860903,4123716,0,13812039
2022-04-14,"Indie, Johnson&Johnson, Moderna, Pfizer/BioNTech, Pfizer/BioNTech Kids",6951401,6861288,4127445,0,13812689
2022-04-15,"Indie, Moderna, Pfizer/BioNTech, Pfizer/BioNTech Kids",6951417,6861319,4127592,0,13812736
2022-04-16,"Indie, Johnson&Johnson, Moderna, Pfizer/BioNTech, Pfizer/BioNTech Kids",6951437,6861354,4127809,0,13812791
2022-04-17,"Indie, Moderna, Pfizer/BioNTech",6951438,6861355,4127860,0,13812793
2022-04-18,"Indie, Johnson&Johnson, Moderna, Oxford/AstraZeneca, Pfizer/BioNTech, Pfizer/BioNTech Kids",6951455,6861374,4127871,0,13812829
2022-04-19,"Indie, Johnson&Johnson, Moderna, Oxford/AstraZeneca, Pfizer/BioNTech, Pfizer/BioNTech Kids",6951594,6861714,4129657,0,13813308
2022-04-20,"Indie, Johnson&Johnson, Moderna, Oxford/AstraZeneca, Pfizer/BioNTech, Pfizer/BioNTech Kids, Čína",6951818,6862105,4132163,0,13813923
2022-04-21,"Indie, Johnson&Johnson, Moderna, Pfizer/BioNTech, Pfizer/BioNTech Kids",6952036,6862529,4134577,0,13814565
2022-04-22,"Indie, Johnson&Johnson, Moderna, Pfizer/BioNTech, Pfizer/BioNTech Kids",6952503,6863355,4140175,0,13815858
2022-04-23,"Indie, Moderna, Pfizer/BioNTech, Pfizer/BioNTech Kids",6952534,6863434,4140964,0,13815968
2022-04-24,"Indie, Moderna, Pfizer/BioNTech, Pfizer/BioNTech Kids",6952539,6863445,4141093,0,13815984
2022-04-25,"Indie, Johnson&Johnson, Moderna, Pfizer/BioNTech, Pfizer/BioNTech Kids",6952695,6863655,4142937,0,13816350
2022-04-26,"Indie, Johnson&Johnson, Moderna, Pfizer/BioNTech, Pfizer/BioNTech Kids",6952835,6863919,4144506,0,13816754
2022-04-27,"Indie, Johnson&Johnson, Moderna, Pfizer/BioNTech, Pfizer/BioNTech Kids",6953104,6864253,4146951,0,13817357
2022-04-28,"Indie, Johnson&Johnson, Moderna, Pfizer/BioNTech, Pfizer/BioNTech Kids",6953298,6864543,4149374,0,13817841
2022-04-29,"Indie, Johnson&Johnson, Moderna, Pfizer/BioNTech, Pfizer/BioNTech Kids",6953736,6865132,4154152,0,13818868
2022-04-30,"Indie, Moderna, Pfizer/BioNTech, Pfizer/BioNTech Kids",6953782,6865199,4154728,0,13818981
2022-05-01,"Indie, Moderna, Oxford/AstraZeneca, Pfizer/BioNTech, Pfizer/BioNTech Kids",6953787,6865209,4154827,0,13818996
2022-05-02,"Indie, Johnson&Johnson, Moderna, Pfizer/BioNTech, Pfizer/BioNTech Kids",6953927,6865391,4156117,0,13819318
2022-05-03,"Indie, Johnson&Johnson, Moderna, Pfizer/BioNTech, Pfizer/BioNTech Kids",6954084,6865647,4157511,0,13819731
2022-05-04,"Indie, Johnson&Johnson, Moderna, Pfizer/BioNTech, Pfizer/BioNTech Kids",6954290,6865923,4159640,0,13820213
2022-05-05,"Indie, Johnson&Johnson, Moderna, Pfizer/BioNTech, Pfizer/BioNTech Kids",6954498,6866215,4161771,0,13820713
2022-05-06,"Indie, Johnson&Johnson, Moderna, Pfizer/BioNTech, Pfizer/BioNTech Kids",6954873,6866557,4166719,0,13821430
2022-05-07,"Indie, Moderna, Pfizer/BioNTech, Pfizer/BioNTech Kids",6954900,6866584,4167061,0,13821484
2022-05-08,"Moderna, Pfizer/BioNTech, Pfizer/BioNTech Kids",6954902,6866593,4167106,0,13821495
2022-05-09,"Indie, Johnson&Johnson, Moderna, Pfizer/BioNTech, Pfizer/BioNTech Kids",6955010,6866683,4168394,0,13821693
2022-05-10,"Indie, Johnson&Johnson, Moderna, Pfizer/BioNTech, Pfizer/BioNTech Kids",6955164,6866921,4170009,0,13822085
2022-05-11,"Indie, Johnson&Johnson, Moderna, Oxford/AstraZeneca, Pfizer/BioNTech, Pfizer/BioNTech Kids",6955385,6867190,4172320,0,13822575
2022-05-12,"Indie, Johnson&Johnson, Moderna, Pfizer/BioNTech, Pfizer/BioNTech Kids",6955594,6867468,4174450,0,13823062
2022-05-13,"Indie, Johnson&Johnson, Moderna, Pfizer/BioNTech, Pfizer/BioNTech Kids",6955941,6867969,4178661,0,13823910
2022-05-14,"Indie, Johnson&Johnson, Moderna, Pfizer/BioNTech, Pfizer/BioNTech Kids",6955982,6868009,4179249,0,13823991
2022-05-15,"Indie, Johnson&Johnson, Moderna, Pfizer/BioNTech, Pfizer/BioNTech Kids",6955997,6868020,4179351,0,13824017
2022-05-16,"Indie, Johnson&Johnson, Moderna, Pfizer/BioNTech, Pfizer/BioNTech Kids",6956107,6868140,4180686,0,13824247
2022-05-17,"Indie, Johnson&Johnson, Moderna, Pfizer/BioNTech, Pfizer/BioNTech Kids",6956250,6868298,4182099,0,13824548
2022-05-18,"Indie, Indie/AstraZeneca, Johnson&Johnson, Moderna, Pfizer/BioNTech, Pfizer/BioNTech Kids",6956486,6868632,4184097,0,13825118
2022-05-19,"Indie, Johnson&Johnson, Moderna, Pfizer/BioNTech, Pfizer/BioNTech Kids",6956681,6868884,4185930,0,13825565
2022-05-20,"Indie, Johnson&Johnson, Moderna, Pfizer/BioNTech, Pfizer/BioNTech Kids",6956985,6869437,4189939,0,13826422
2022-05-21,"Indie, Johnson&Johnson, Moderna, Pfizer/BioNTech, Pfizer/BioNTech Kids",6957024,6869466,4190210,0,13826490
2022-05-22,"Johnson&Johnson, Moderna, Pfizer/BioNTech, Pfizer/BioNTech Kids",6957034,6869475,4190353,0,13826509
2022-05-23,"Indie, Johnson&Johnson, Moderna, Pfizer/BioNTech, Pfizer/BioNTech Kids",6957155,6869629,4191676,0,13826784
2022-05-24,"Indie, Johnson&Johnson, Moderna, Pfizer/BioNTech, Pfizer/BioNTech Kids",6957286,6869805,4192926,0,13827091
2022-05-25,"Indie, Indie/AstraZeneca, Johnson&Johnson, Moderna, Oxford/AstraZeneca, Pfizer/BioNTech, Pfizer/BioNTech Kids",6957468,6870054,4195292,0,13827522
2022-05-26,"Indie, Johnson&Johnson, Moderna, Pfizer/BioNTech, Pfizer/BioNTech Kids",6957620,6870280,4196951,0,13827900
2022-05-27,"Indie, Johnson&Johnson, Moderna, Pfizer/BioNTech, Pfizer/BioNTech Kids",6957892,6870748,4200704,0,13828640
2022-05-28,"Indie, Moderna, Pfizer/BioNTech, Pfizer/BioNTech Kids",6957930,6870797,4201094,0,13828727
2022-05-29,"Indie, Moderna, Pfizer/BioNTech, Pfizer/BioNTech Kids",6957939,6870801,4201210,0,13828740
2022-05-30,"Indie, Johnson&Johnson, Moderna, Oxford/AstraZeneca, Pfizer/BioNTech, Pfizer/BioNTech Kids",6958030,6870965,4202289,0,13828995
2022-05-31,"Indie, Johnson&Johnson, Moderna, Pfizer/BioNTech, Pfizer/BioNTech Kids",6958182,6871165,4203544,0,13829347
2022-06-01,"Indie, Johnson&Johnson, Moderna, Pfizer/BioNTech, Pfizer/BioNTech Kids",6958322,6871394,4204980,0,13829716
2022-06-02,"Indie, Moderna, Pfizer/BioNTech, Pfizer/BioNTech Kids",6958454,6871639,4206318,0,13830093
2022-06-03,"Indie, Johnson&Johnson, Moderna, Pfizer/BioNTech, Pfizer/BioNTech Kids",6958718,6872099,4209234,0,13830817
2022-06-04,"Indie, Johnson&Johnson, Moderna, Pfizer/BioNTech, Pfizer/BioNTech Kids",6958750,6872137,4209637,0,13830887
2022-06-05,"Indie, Moderna, Pfizer/BioNTech, Pfizer/BioNTech Kids",6958757,6872143,4209743,0,13830900
2022-06-06,"Indie, Johnson&Johnson, Moderna, Pfizer/BioNTech, Pfizer/BioNTech Kids",6958847,6872286,4210863,0,13831133
2022-06-07,"Indie, Johnson&Johnson, Moderna, Pfizer/BioNTech, Pfizer/BioNTech Kids",6958934,6872445,4211721,0,13831379
2022-06-08,"Indie, Indie/AstraZeneca, Johnson&Johnson, Moderna, Pfizer/BioNTech, Pfizer/BioNTech Kids",6959070,6872694,4213220,0,13831764
2022-06-09,"Indie, Johnson&Johnson, Moderna, Pfizer/BioNTech, Pfizer/BioNTech Kids",6959172,6872896,4214424,0,13832068
2022-06-10,"Indie, Johnson&Johnson, Moderna, Pfizer/BioNTech, Pfizer/BioNTech Kids",6959358,6873237,4216707,0,13832595
2022-06-11,"Indie, Moderna, Pfizer/BioNTech, Pfizer/BioNTech Kids",6959372,6873276,4216885,0,13832648
2022-06-12,"Indie, Moderna, Pfizer/BioNTech, Pfizer/BioNTech Kids",6959378,6873299,4216967,0,13832677
2022-06-13,"Indie, Johnson&Johnson, Moderna, Oxford/AstraZeneca, Pfizer/BioNTech, Pfizer/BioNTech Kids",6959445,6873425,4217814,0,13832870
2022-06-14,"Indie, Johnson&Johnson, Moderna, Pfizer/BioNTech, Pfizer/BioNTech Kids",6959525,6873573,4218613,0,13833098
2022-06-15,"Indie, Johnson&Johnson, Moderna, Pfizer/BioNTech, Pfizer/BioNTech Kids",6959609,6873768,4219775,0,13833377
2022-06-16,"Indie, Johnson&Johnson, Moderna, Pfizer/BioNTech, Pfizer/BioNTech Kids",6959675,6873944,4220731,0,13833619
2022-06-17,"Indie, Johnson&Johnson, Moderna, Pfizer/BioNTech, Pfizer/BioNTech Kids, Čína",6959830,6874232,4222897,0,13834062
2022-06-18,"Indie, Moderna, Pfizer/BioNTech, Pfizer/BioNTech Kids",6959842,6874271,4223007,0,13834113
2022-06-19,"Moderna, Pfizer/BioNTech, Pfizer/BioNTech Kids",6959846,6874279,4223066,0,13834125
2022-06-20,"Indie, Johnson&Johnson, Moderna, Pfizer/BioNTech, Pfizer/BioNTech Kids",6959912,6874403,4223782,0,13834315
2022-06-21,"Indie, Johnson&Johnson, Moderna, Pfizer/BioNTech, Pfizer/BioNTech Kids",6959975,6874529,4224560,0,13834504
2022-06-22,"Indie, Johnson&Johnson, Moderna, Pfizer/BioNTech, Pfizer/BioNTech Kids",6960073,6874713,4225690,0,13834786
2022-06-23,"Indie, Johnson&Johnson, Moderna, Pfizer/BioNTech, Pfizer/BioNTech Kids",6960133,6874885,4226679,0,13835018
2022-06-24,"Indie, Johnson&Johnson, Moderna, Pfizer/BioNTech, Pfizer/BioNTech Kids",6960294,6875236,4228580,0,13835530
2022-06-25,"Indie, Moderna, Pfizer/BioNTech, Pfizer/BioNTech Kids",6960313,6875289,4228928,0,13835602
2022-06-26,"Moderna, Pfizer/BioNTech, Pfizer/BioNTech Kids",6960315,6875300,4228995,0,13835615
2022-06-27,"Indie, Johnson&Johnson, Moderna, Pfizer/BioNTech, Pfizer/BioNTech Kids",6960388,6875417,4229832,0,13835805
2022-06-28,"Indie, Johnson&Johnson, Moderna, Pfizer/BioNTech, Pfizer/BioNTech Kids",6960463,6875533,4230654,0,13835996
2022-06-29,"Indie, Johnson&Johnson, Moderna, Pfizer/BioNTech, Pfizer/BioNTech Kids",6960583,6875719,4231979,0,13836302
2022-06-30,"Indie, Johnson&Johnson, Moderna, Pfizer/BioNTech, Pfizer/BioNTech Kids",6960683,6875877,4233155,0,13836560
2022-07-01,"Indie, Johnson&Johnson, Moderna, Oxford/AstraZeneca, Pfizer/BioNTech, Pfizer/BioNTech Kids",6960866,6876128,4235220,0,13836994
2022-07-02,"Indie, Moderna, Pfizer/BioNTech, Pfizer/BioNTech Kids",6960880,6876135,4235361,0,13837015
2022-07-03,"Moderna, Pfizer/BioNTech, Pfizer/BioNTech Kids",6960883,6876145,4235426,0,13837028
2022-07-04,"Indie, Johnson&Johnson, Moderna, Pfizer/BioNTech, Pfizer/BioNTech Kids",6960969,6876213,4236220,0,13837182
2022-07-05,"Indie, Moderna, Pfizer/BioNTech, Pfizer/BioNTech Kids",6960980,6876215,4236256,0,13837195
2022-07-06,"Moderna, Pfizer/BioNTech",6960988,6876223,4236294,0,13837211
2022-07-07,"Indie, Johnson&Johnson, Moderna, Pfizer/BioNTech, Pfizer/BioNTech Kids",6961097,6876326,4237280,0,13837423
2022-07-08,"Indie, Indie/AstraZeneca, Johnson&Johnson, Moderna, Oxford/AstraZeneca, Pfizer/BioNTech, Pfizer/BioNTech Kids",6961265,6876522,4239422,0,13837787
2022-07-09,"Indie, Johnson&Johnson, Moderna, Pfizer/BioNTech, Pfizer/BioNTech Kids",6961275,6876531,4239542,0,13837806
2022-07-10,"Moderna, Pfizer/BioNTech, Pfizer/BioNTech Kids",6961279,6876541,4239630,0,13837820
2022-07-11,"Indie, Johnson&Johnson, Moderna, Pfizer/BioNTech, Pfizer/BioNTech Kids",6961379,6876633,4240726,0,13838012
2022-07-12,"Indie, Johnson&Johnson, Moderna, Pfizer/BioNTech, Pfizer/BioNTech Kids",6961482,6876729,4241794,0,13838211
2022-07-13,"Indie, Johnson&Johnson, Moderna, Pfizer/BioNTech, Pfizer/BioNTech Kids",6961659,6876858,4243676,0,13838517
2022-07-14,"Indie, Johnson&Johnson, Moderna, Pfizer/BioNTech, Pfizer/BioNTech Kids",6961793,6876955,4244994,0,13838748
2022-07-15,"Indie, Johnson&Johnson, Moderna, Pfizer/BioNTech, Pfizer/BioNTech Kids",6962052,6877168,4248225,44,13839220
2022-07-16,"Indie, Johnson&Johnson, Moderna, Pfizer/BioNTech, Pfizer/BioNTech Kids",6962089,6877200,4248628,46,13839289
2022-07-17,"Moderna, Pfizer/BioNTech, Pfizer/BioNTech Kids, Čína",6962095,6877207,4248725,46,13839302
2022-07-18,"Indie, Johnson&Johnson, Moderna, Oxford/AstraZeneca, Pfizer/BioNTech, Pfizer/BioNTech Kids",6962233,6877310,4249770,1962,13839543
2022-07-19,"Indie, Johnson&Johnson, Moderna, Pfizer/BioNTech, Pfizer/BioNTech Kids",6962329,6877381,4250788,4957,13839710
2022-07-20,"Indie, Johnson&Johnson, Moderna, Pfizer/BioNTech, Pfizer/BioNTech Kids",6962432,6877489,4252538,8708,13839921
2022-07-21,"Indie, Johnson&Johnson, Moderna, Pfizer/BioNTech, Pfizer/BioNTech Kids",6962549,6877572,4253890,12867,13840121
2022-07-22,"Indie, Johnson&Johnson, Moderna, Oxford/AstraZeneca, Pfizer/BioNTech, Pfizer/BioNTech Kids, Čína",6962759,6877788,4256718,20569,13840547
2022-07-23,"Indie, Johnson&Johnson, Moderna, Pfizer/BioNTech, Pfizer/BioNTech Kids",6962783,6877804,4256847,20919,13840587
2022-07-24,"Moderna, Pfizer/BioNTech, Pfizer/BioNTech Kids",6962788,6877814,4256911,21135,13840602
2022-07-25,"Indie, Johnson&Johnson, Moderna, Pfizer/BioNTech, Pfizer/BioNTech Kids",6962881,6877896,4257903,25165,13840777
2022-07-26,"Indie, Johnson&Johnson, Moderna, Pfizer/BioNTech, Pfizer/BioNTech Kids",6962988,6877971,4259087,30512,13840959
2022-07-27,"Indie, Johnson&Johnson, Moderna, Pfizer/BioNTech, Pfizer/BioNTech Kids",6963116,6878061,4260825,36881,13841177
2022-07-28,"Indie, Johnson&Johnson, Moderna, Pfizer/BioNTech, Pfizer/BioNTech Kids",6963235,6878190,4262345,42406,13841425
2022-07-29,"Indie, Johnson&Johnson, Moderna, Pfizer/BioNTech, Pfizer/BioNTech Kids",6963475,6878407,4264920,48800,13841882
2022-07-30,"Indie, Johnson&Johnson, Moderna, Pfizer/BioNTech, Pfizer/BioNTech Kids",6963491,6878422,4265111,49503,13841913
2022-07-31,"Johnson&Johnson, Moderna, Pfizer/BioNTech, Pfizer/BioNTech Kids",6963505,6878427,4265199,49613,13841932
2022-08-01,"Indie, Johnson&Johnson, Moderna, Pfizer/BioNTech, Pfizer/BioNTech Kids",6963602,6878520,4266117,52277,13842122
2022-08-02,"Indie, Johnson&Johnson, Moderna, Pfizer/BioNTech, Pfizer/BioNTech Kids",6963716,6878607,4267178,56494,13842323
2022-08-03,"Indie, Johnson&Johnson, Moderna, Pfizer/BioNTech, Pfizer/BioNTech Kids",6963853,6878745,4268515,61016,13842598
2022-08-04,"Indie, Johnson&Johnson, Moderna, Pfizer/BioNTech, Pfizer/BioNTech Kids",6963998,6878906,4269964,66122,13842904
2022-08-05,"Indie, Johnson&Johnson, Moderna, Pfizer/BioNTech, Pfizer/BioNTech Kids",6964235,6879159,4271995,71691,13843394
2022-08-06,"Indie, Johnson&Johnson, Moderna, Pfizer/BioNTech, Pfizer/BioNTech Kids, Čína",6964252,6879187,4272293,71919,13843439
2022-08-07,"Moderna, Pfizer/BioNTech, Pfizer/BioNTech Kids",6964257,6879191,4272359,71995,13843448
2022-08-08,"Indie, Johnson&Johnson, Moderna, Pfizer/BioNTech, Pfizer/BioNTech Kids, Čína",6964358,6879303,4273137,74920,13843661
2022-08-09,"Indie, Johnson&Johnson, Moderna, Pfizer/BioNTech, Pfizer/BioNTech Kids",6964467,6879388,4274225,79433,13843855
2022-08-10,"Indie, Johnson&Johnson, Moderna, Pfizer/BioNTech, Pfizer/BioNTech Kids",6964591,6879497,4275372,84189,13844088
2022-08-11,"Indie, Johnson&Johnson, Moderna, Pfizer/BioNTech, Pfizer/BioNTech Kids",6964696,6879630,4276529,89036,13844326
2022-08-12,"Indie, Johnson&Johnson, Moderna, Pfizer/BioNTech, Pfizer/BioNTech Kids",6964842,6879842,4278340,94454,13844684
2022-08-13,"Johnson&Johnson, Moderna, Pfizer/BioNTech, Pfizer/BioNTech Kids",6964857,6879871,4278434,94642,13844728
2022-08-14,"Moderna, Pfizer/BioNTech, Pfizer/BioNTech Kids",6964860,6879876,4278485,94681,13844736
2022-08-15,"Indie, Johnson&Johnson, Moderna, Pfizer/BioNTech, Pfizer/BioNTech Kids",6964951,6879995,4279284,97748,13844946
2022-08-16,"Indie, Johnson&Johnson, Moderna, Pfizer/BioNTech, Pfizer/BioNTech Kids",6965050,6880106,4280204,102006,13845156
2022-08-17,"Indie, Johnson&Johnson, Moderna, Pfizer/BioNTech, Pfizer/BioNTech Kids, Čína",6965139,6880233,4281234,107370,13845372
2022-08-18,"Indie, Johnson&Johnson, Moderna, Pfizer/BioNTech, Pfizer/BioNTech Kids",6965246,6880378,4282418,113292,13845624
2022-08-19,"Indie, Johnson&Johnson, Moderna, Pfizer/BioNTech, Pfizer/BioNTech Kids",6965423,6880596,4284249,120292,13846019
2022-08-20,"Indie, Moderna, Oxford/AstraZeneca, Pfizer/BioNTech, Pfizer/BioNTech Kids",6965433,6880607,4284420,121184,13846040
2022-08-21,"Moderna, Pfizer/BioNTech, Pfizer/BioNTech Kids",6965436,6880617,4284471,121400,13846053
2022-08-22,"Indie, Johnson&Johnson, Moderna, Oxford/AstraZeneca, Pfizer/BioNTech, Pfizer/BioNTech Kids",6965523,6880721,4285247,125205,13846244
2022-08-23,"Indie, Johnson&Johnson, Moderna, Pfizer/BioNTech, Pfizer/BioNTech Kids",6965655,6880858,4286175,129891,13846513
2022-08-24,"Indie, Johnson&Johnson, Moderna, Pfizer/BioNTech, Pfizer/BioNTech Kids",6965749,6880992,4287245,135297,13846741
2022-08-25,"Indie, Johnson&Johnson, Moderna, Pfizer/BioNTech, Pfizer/BioNTech Kids",6965864,6881105,4288445,141451,13846969
2022-08-26,"Indie, Johnson&Johnson, Moderna, Pfizer/BioNTech, Pfizer/BioNTech Kids",6966029,6881338,4290125,148152,13847367
2022-08-27,"Indie, Johnson&Johnson, Moderna, Pfizer/BioNTech, Pfizer/BioNTech Kids",6966065,6881367,4290349,148497,13847432
2022-08-28,"Indie, Moderna, Pfizer/BioNTech, Pfizer/BioNTech Kids",6966073,6881380,4290394,148582,13847453
2022-08-29,"Indie, Johnson&Johnson, Moderna, Pfizer/BioNTech, Pfizer/BioNTech Kids",6966149,6881480,4291168,152058,13847629
2022-08-30,"Indie, Johnson&Johnson, Moderna, Pfizer/BioNTech, Pfizer/BioNTech Kids",6966243,6881583,4292080,157005,13847826
2022-08-31,"Indie, Johnson&Johnson, Moderna, Pfizer/BioNTech, Pfizer/BioNTech Kids",6966363,6881722,4293074,161578,13848085
2022-09-01,"Indie, Johnson&Johnson, Moderna, Pfizer/BioNTech, Pfizer/BioNTech Kids",6966474,6881840,4294032,167245,13848314
2022-09-02,"Indie, Johnson&Johnson, Moderna, Pfizer/BioNTech, Pfizer/BioNTech Kids",6966648,6882035,4295388,173423,13848683
2022-09-03,"Indie, Johnson&Johnson, Moderna, Pfizer/BioNTech, Pfizer/BioNTech Kids",6966663,6882051,4295468,173531,13848714
2022-09-04,"Moderna, Pfizer/BioNTech, Pfizer/BioNTech Kids",6966668,6882052,4295500,173565,13848720
2022-09-05,"Indie, Johnson&Johnson, Moderna, Pfizer/BioNTech, Pfizer/BioNTech Kids",6966746,6882150,4296234,177390,13848896
2022-09-06,"Indie, Johnson&Johnson, Moderna, Pfizer/BioNTech, Pfizer/BioNTech Kids, Čína",6966822,6882240,4296960,182125,13849062
2022-09-07,"Indie, Johnson&Johnson, Moderna, Oxford/AstraZeneca, Pfizer/BioNTech, Pfizer/BioNTech Kids, Pfizer/BioNTech original + BA.1, Pfizer/BioNTech original + BA.4/5",6966903,6882332,4297858,187859,13849235
2022-09-08,"Indie, Johnson&Johnson, Moderna, Pfizer/BioNTech, Pfizer/BioNTech Kids, Pfizer/BioNTech original + BA.1",6966993,6882429,4298856,193828,13849422
2022-09-09,"Indie, Johnson&Johnson, Moderna, Pfizer/BioNTech, Pfizer/BioNTech Kids, Pfizer/BioNTech original + BA.1, Pfizer/BioNTech original + BA.4/5",6967141,6882573,4300026,199530,13849714
2022-09-10,"Indie, Moderna, Pfizer/BioNTech, Pfizer/BioNTech Kids, Pfizer/BioNTech original + BA.1",6967152,6882588,4300112,199676,13849740
2022-09-11,"Moderna, Pfizer/BioNTech, Pfizer/BioNTech Kids, Pfizer/BioNTech original + BA.1",6967160,6882591,4300135,199714,13849751
2022-09-12,"Indie, Johnson&Johnson, Moderna, Moderna bivalent BA.1, Pfizer/BioNTech, Pfizer/BioNTech Kids, Pfizer/BioNTech original + BA.1, Pfizer/BioNTech original + BA.4/5",6967257,6882688,4300738,203081,13849945
2022-09-13,"Indie, Johnson&Johnson, Moderna, Pfizer/BioNTech, Pfizer/BioNTech Kids, Pfizer/BioNTech original + BA.1",6967345,6882783,4301459,208306,13850128
2022-09-14,"Indie, Johnson&Johnson, Moderna, Pfizer/BioNTech, Pfizer/BioNTech Kids, Pfizer/BioNTech original + BA.1, Pfizer/BioNTech original + BA.4/5",6967438,6882893,4302286,214535,13850331
2022-09-15,"Indie, Johnson&Johnson, Moderna, Oxford/AstraZeneca, Pfizer/BioNTech, Pfizer/BioNTech Kids, Pfizer/BioNTech original + BA.1, Pfizer/BioNTech original + BA.4/5",6967541,6882989,4303285,221891,13850530
2022-09-16,"Indie, Johnson&Johnson, Moderna, Moderna bivalent BA.1, Pfizer/BioNTech, Pfizer/BioNTech Kids, Pfizer/BioNTech original + BA.1, Pfizer/BioNTech original + BA.4/5",6967691,6883166,4304657,231104,13850857
2022-09-17,"Johnson&Johnson, Moderna, Pfizer/BioNTech, Pfizer/BioNTech Kids, Pfizer/BioNTech original + BA.1",6967699,6883186,4304849,231940,13850885
2022-09-18,"Indie, Johnson&Johnson, Moderna, Pfizer/BioNTech, Pfizer/BioNTech Kids, Pfizer/BioNTech original + BA.1, Pfizer/BioNTech original + BA.4/5",6967705,6883195,4304926,232172,13850900
2022-09-19,"Indie, Johnson&Johnson, Moderna, Moderna bivalent BA.1, Pfizer/BioNTech, Pfizer/BioNTech Kids, Pfizer/BioNTech original + BA.1, Pfizer/BioNTech original + BA.4/5",6967768,6883256,4305567,237727,13851024
2022-09-20,"Indie, Johnson&Johnson, Moderna, Pfizer/BioNTech, Pfizer/BioNTech Kids, Pfizer/BioNTech original + BA.1, Pfizer/BioNTech original + BA.4/5",6967857,6883330,4306480,245842,13851187
2022-09-21,"Indie, Moderna, Moderna bivalent BA.1, Oxford/AstraZeneca, Pfizer/BioNTech, Pfizer/BioNTech Kids, Pfizer/BioNTech original + BA.1, Pfizer/BioNTech original + BA.4/5",6967940,6883428,4307530,255354,13851368
2022-09-22,"Indie, Johnson&Johnson, Moderna, Moderna bivalent BA.1, Pfizer/BioNTech, Pfizer/BioNTech Kids, Pfizer/BioNTech original + BA.1, Pfizer/BioNTech original + BA.4/5",6968003,6883519,4308430,264737,13851522
2022-09-23,"Indie, Johnson&Johnson, Moderna, Moderna bivalent BA.1, Pfizer/BioNTech, Pfizer/BioNTech Kids, Pfizer/BioNTech original + BA.1, Pfizer/BioNTech original + BA.4/5",6968124,6883669,4309647,275406,13851793
2022-09-24,"Indie, Moderna, Moderna bivalent BA.1, Pfizer/BioNTech, Pfizer/BioNTech Kids, Pfizer/BioNTech original + BA.1, Pfizer/BioNTech original + BA.4/5",6968129,6883685,4309739,275784,13851814
2022-09-25,"Moderna, Pfizer/BioNTech, Pfizer/BioNTech original + BA.1, Pfizer/BioNTech original + BA.4/5",6968131,6883686,4309765,275928,13851817
2022-09-26,"Indie, Johnson&Johnson, Moderna, Moderna bivalent BA.1, Pfizer/BioNTech, Pfizer/BioNTech Kids, Pfizer/BioNTech original + BA.1, Pfizer/BioNTech original + BA.4/5",6968164,6883755,4310462,282475,13851919
2022-09-27,"Indie, Johnson&Johnson, Moderna, Moderna bivalent BA.1, Pfizer/BioNTech, Pfizer/BioNTech Kids, Pfizer/BioNTech original + BA.1, Pfizer/BioNTech original + BA.4/5",6968242,6883859,4311330,291210,13852101
2022-09-28,"Moderna, Pfizer/BioNTech, Pfizer/BioNTech Kids, Pfizer/BioNTech original + BA.1, Pfizer/BioNTech original + BA.4/5, Valneva",6968247,6883860,4311343,291278,13852107
2022-09-29,"Indie, Johnson&Johnson, Moderna, Moderna bivalent BA.1, Pfizer/BioNTech, Pfizer/BioNTech Kids, Pfizer/BioNTech original + BA.1, Pfizer/BioNTech original + BA.4/5",6968308,6883952,4312288,300517,13852260
2022-09-30,"Indie, Johnson&Johnson, Moderna, Moderna bivalent BA.1, Pfizer/BioNTech, Pfizer/BioNTech Kids, Pfizer/BioNTech original + BA.1, Pfizer/BioNTech original + BA.4/5",6968438,6884120,4313674,311977,13852558
2022-10-01,"Moderna, Moderna bivalent BA.1, Pfizer/BioNTech, Pfizer/BioNTech Kids, Pfizer/BioNTech original + BA.1, Pfizer/BioNTech original + BA.4/5",6968446,6884131,4313770,312541,13852577
2022-10-02,"Indie, Moderna bivalent BA.1, Pfizer/BioNTech, Pfizer/BioNTech original + BA.4/5",6968449,6884132,4313846,313077,13852581
2022-10-03,"Indie, Johnson&Johnson, Moderna, Moderna bivalent BA.1, Pfizer/BioNTech, Pfizer/BioNTech Kids, Pfizer/BioNTech original + BA.1, Pfizer/BioNTech original + BA.4/5",6968541,6884219,4314612,321004,13852760
2022-10-04,"Indie, Johnson&Johnson, Moderna, Moderna bivalent BA.1, Pfizer/BioNTech, Pfizer/BioNTech Kids, Pfizer/BioNTech original + BA.1, Pfizer/BioNTech original + BA.4/5, Čína",6968622,6884315,4315454,331137,13852937
2022-10-05,"Indie, Johnson&Johnson, Moderna, Moderna bivalent BA.1, Pfizer/BioNTech, Pfizer/BioNTech Kids, Pfizer/BioNTech original + BA.1, Pfizer/BioNTech original + BA.4/5",6968687,6884407,4316495,342985,13853094
2022-10-06,"Indie, Johnson&Johnson, Moderna, Moderna bivalent BA.1, Pfizer/BioNTech, Pfizer/BioNTech Kids, Pfizer/BioNTech original + BA.1, Pfizer/BioNTech original + BA.4/5, Čína",6968779,6884541,4317684,356292,13853320
2022-10-07,"Indie, Johnson&Johnson, Moderna, Moderna bivalent BA.1, Pfizer/BioNTech, Pfizer/BioNTech Kids, Pfizer/BioNTech original + BA.1, Pfizer/BioNTech original + BA.4/5",6968919,6884702,4319304,373193,13853621
2022-10-08,"Indie, Moderna bivalent BA.1, Pfizer/BioNTech, Pfizer/BioNTech Kids, Pfizer/BioNTech original + BA.1, Pfizer/BioNTech original + BA.4/5",6968935,6884708,4319439,374146,13853643
2022-10-09,"Moderna bivalent BA.1, Pfizer/BioNTech, Pfizer/BioNTech original + BA.1, Pfizer/BioNTech original + BA.4/5",6968935,6884709,4319468,374300,13853644
2022-10-10,"Indie, Johnson&Johnson, Moderna, Moderna bivalent BA.1, Pfizer/BioNTech, Pfizer/BioNTech Kids, Pfizer/BioNTech original + BA.1, Pfizer/BioNTech original + BA.4/5",6968981,6884780,4320233,383525,13853761
2022-10-11,"Indie, Johnson&Johnson, Moderna, Moderna bivalent BA.1, Pfizer/BioNTech, Pfizer/BioNTech Kids, Pfizer/BioNTech original + BA.1, Pfizer/BioNTech original + BA.4/5",6969047,6884880,4321310,396188,13853927
2022-10-12,"Indie, Moderna, Moderna bivalent BA.1, Pfizer/BioNTech, Pfizer/BioNTech Kids, Pfizer/BioNTech original + BA.1, Pfizer/BioNTech original + BA.4/5",6969143,6884976,4322576,409952,13854119
2022-10-13,"Indie, Johnson&Johnson, Moderna, Moderna bivalent BA.1, Pfizer/BioNTech, Pfizer/BioNTech Kids, Pfizer/BioNTech original + BA.1, Pfizer/BioNTech original + BA.4/5",6969227,6885073,4323902,424857,13854300
2022-10-14,"Indie, Johnson&Johnson, Moderna, Moderna bivalent BA.1, Pfizer/BioNTech, Pfizer/BioNTech Kids, Pfizer/BioNTech original + BA.1, Pfizer/BioNTech original + BA.4/5",6969359,6885218,4325855,443587,13854577
2022-10-15,"Moderna bivalent BA.1, Pfizer/BioNTech, Pfizer/BioNTech Kids, Pfizer/BioNTech original + BA.1, Pfizer/BioNTech original + BA.4/5",6969374,6885229,4326016,444826,13854603
2022-10-16,"Indie, Moderna, Moderna bivalent BA.1, Pfizer/BioNTech, Pfizer/BioNTech Kids, Pfizer/BioNTech original + BA.1, Pfizer/BioNTech original + BA.4/5",6969376,6885232,4326044,444999,13854608
2022-10-17,"Indie, Johnson&Johnson, Moderna, Moderna bivalent BA.1, Pfizer/BioNTech, Pfizer/BioNTech Kids, Pfizer/BioNTech original + BA.1, Pfizer/BioNTech original + BA.4/5",6969431,6885285,4326893,453702,13854716
2022-10-18,"Indie, Johnson&Johnson, Moderna, Moderna bivalent BA.1, Pfizer/BioNTech, Pfizer/BioNTech Kids, Pfizer/BioNTech original + BA.1, Pfizer/BioNTech original + BA.4/5",6969493,6885348,4328018,466221,13854841
2022-10-19,"Indie, Johnson&Johnson, Moderna, Moderna bivalent BA.1, Pfizer/BioNTech, Pfizer/BioNTech Kids, Pfizer/BioNTech original + BA.1, Pfizer/BioNTech original + BA.4/5",6969545,6885405,4329247,479693,13854950
2022-10-20,"Indie, Moderna, Moderna bivalent BA.1, Pfizer/BioNTech, Pfizer/BioNTech Kids, Pfizer/BioNTech original + BA.1, Pfizer/BioNTech original + BA.4/5",6969612,6885472,4330566,495046,13855084
2022-10-21,"Indie, Johnson&Johnson, Moderna, Moderna bivalent BA.1, Pfizer/BioNTech, Pfizer/BioNTech Kids, Pfizer/BioNTech original + BA.1, Pfizer/BioNTech original + BA.4/5",6969730,6885582,4332397,513790,13855312
2022-10-22,"Indie, Johnson&Johnson, Moderna, Moderna bivalent BA.1, Pfizer/BioNTech, Pfizer/BioNTech Kids, Pfizer/BioNTech original + BA.1, Pfizer/BioNTech original + BA.4/5",6969746,6885597,4332541,515314,13855343
2022-10-23,"Indie, Moderna, Moderna bivalent BA.1, Pfizer/BioNTech, Pfizer/BioNTech Kids, Pfizer/BioNTech original + BA.1, Pfizer/BioNTech original + BA.4/5",6969748,6885601,4332569,515478,13855349
2022-10-24,"Indie, Johnson&Johnson, Moderna, Moderna bivalent BA.1, Pfizer/BioNTech, Pfizer/BioNTech Kids, Pfizer/BioNTech original + BA.1, Pfizer/BioNTech original + BA.4/5",6969780,6885656,4333352,524235,13855436
2022-10-25,"Indie, Johnson&Johnson, Moderna, Moderna bivalent BA.1, Pfizer/BioNTech, Pfizer/BioNTech Kids, Pfizer/BioNTech original + BA.1, Pfizer/BioNTech original + BA.4/5",6969848,6885733,4334335,536093,13855581
2022-10-26,"Indie, Johnson&Johnson, Moderna, Moderna bivalent BA.1, Pfizer/BioNTech, Pfizer/BioNTech Kids, Pfizer/BioNTech original + BA.1, Pfizer/BioNTech original + BA.4/5",6969901,6885788,4335426,548439,13855689
2022-10-27,"Indie, Johnson&Johnson, Moderna, Moderna bivalent BA.1, Pfizer/BioNTech, Pfizer/BioNTech Kids, Pfizer/BioNTech original + BA.1, Pfizer/BioNTech original + BA.4/5",6969935,6885875,4336672,561837,13855810
2022-10-28,"Moderna, Pfizer/BioNTech, Pfizer/BioNTech original + BA.1, Pfizer/BioNTech original + BA.4/5, Valneva",6969939,6885881,4336710,562296,13855820
2022-10-29,"Indie, Johnson&Johnson, Moderna, Moderna bivalent BA.1, Pfizer/BioNTech, Pfizer/BioNTech Kids, Pfizer/BioNTech original + BA.1, Pfizer/BioNTech original + BA.4/5",6969945,6885896,4336841,563207,13855841
2022-10-30,"Moderna, Moderna bivalent BA.1, Pfizer/BioNTech, Pfizer/BioNTech Kids, Pfizer/BioNTech original + BA.4/5",6969948,6885899,4336862,563640,13855847
2022-10-31,"Indie, Johnson&Johnson, Moderna, Moderna bivalent BA.1, Pfizer/BioNTech, Pfizer/BioNTech Kids, Pfizer/BioNTech original + BA.1, Pfizer/BioNTech original + BA.4/5",6970000,6885988,4337492,570560,13855988
2022-11-01,"Indie, Johnson&Johnson, Moderna, Moderna bivalent BA.1, Pfizer/BioNTech, Pfizer/BioNTech Kids, Pfizer/BioNTech original + BA.1, Pfizer/BioNTech original + BA.4/5",6970046,6886044,4338291,580679,13856090
2022-11-02,"Indie, Johnson&Johnson, Moderna, Moderna bivalent BA.1, Pfizer/BioNTech, Pfizer/BioNTech Kids, Pfizer/BioNTech original + BA.1, Pfizer/BioNTech original + BA.4/5",6970082,6886122,4339141,591419,13856204
2022-11-03,"Indie, Johnson&Johnson, Moderna, Moderna bivalent BA.1, Pfizer/BioNTech, Pfizer/BioNTech Kids, Pfizer/BioNTech original + BA.1, Pfizer/BioNTech original + BA.4/5",6970122,6886202,4340024,603159,13856324
2022-11-04,"Indie, Johnson&Johnson, Moderna, Moderna bivalent BA.1, Pfizer/BioNTech, Pfizer/BioNTech Kids, Pfizer/BioNTech original + BA.1, Pfizer/BioNTech original + BA.4/5",6970241,6886350,4341388,618423,13856591
2022-11-05,"Indie, Moderna, Moderna bivalent BA.1, Pfizer/BioNTech, Pfizer/BioNTech Kids, Pfizer/BioNTech original + BA.1, Pfizer/BioNTech original + BA.4/5",6970249,6886361,4341483,619249,13856610
2022-11-06,"Indie, Moderna bivalent BA.1, Pfizer/BioNTech, Pfizer/BioNTech original + BA.1, Pfizer/BioNTech original + BA.4/5",6970251,6886361,4341509,619380,13856612
2022-11-07,"Indie, Johnson&Johnson, Moderna, Moderna bivalent BA.1, Pfizer/BioNTech, Pfizer/BioNTech Kids, Pfizer/BioNTech original + BA.1, Pfizer/BioNTech original + BA.4/5",6970291,6886424,4342070,626113,13856715
2022-11-08,"Indie, Johnson&Johnson, Moderna, Moderna bivalent BA.1, Pfizer/BioNTech, Pfizer/BioNTech Kids, Pfizer/BioNTech original + BA.1, Pfizer/BioNTech original + BA.4/5",6970339,6886491,4342747,635594,13856830
2022-11-09,"Indie, Johnson&Johnson, Moderna, Moderna bivalent BA.1, Pfizer/BioNTech, Pfizer/BioNTech Kids, Pfizer/BioNTech original + BA.1, Pfizer/BioNTech original + BA.4/5",6970386,6886543,4343477,644272,13856929
2022-11-10,"Indie, Johnson&Johnson, Moderna, Moderna bivalent BA.1, Pfizer/BioNTech, Pfizer/BioNTech Kids, Pfizer/BioNTech original + BA.1, Pfizer/BioNTech original + BA.4/5",6970444,6886608,4344198,653354,13857052
2022-11-11,"Indie, Johnson&Johnson, Moderna, Moderna bivalent BA.1, Pfizer/BioNTech, Pfizer/BioNTech Kids, Pfizer/BioNTech original + BA.1, Pfizer/BioNTech original + BA.4/5",6970536,6886733,4345156,664343,13857269
2022-11-12,"Indie, Johnson&Johnson, Moderna bivalent BA.1, Pfizer/BioNTech, Pfizer/BioNTech Kids, Pfizer/BioNTech original + BA.4/5",6970542,6886740,4345193,664581,13857282
2022-11-13,"Indie, Moderna, Pfizer/BioNTech original + BA.4/5",6970543,6886742,4345214,664680,13857285
2022-11-14,"Indie, Johnson&Johnson, Moderna, Moderna bivalent BA.1, Pfizer/BioNTech, Pfizer/BioNTech Kids, Pfizer/BioNTech original + BA.1, Pfizer/BioNTech original + BA.4/5",6970586,6886795,4345587,669680,13857381
2022-11-15,"Indie, Johnson&Johnson, Moderna, Moderna bivalent BA.1, Pfizer/BioNTech, Pfizer/BioNTech Kids, Pfizer/BioNTech original + BA.1, Pfizer/BioNTech original + BA.4/5",6970639,6886864,4346176,677217,13857503
2022-11-16,"Indie, Johnson&Johnson, Moderna, Moderna bivalent BA.1, Pfizer/BioNTech, Pfizer/BioNTech Kids, Pfizer/BioNTech Mini, Pfizer/BioNTech original + BA.1, Pfizer/BioNTech original + BA.4/5",6970693,6886940,4346824,685314,13857633
2022-11-17,"Moderna, Moderna bivalent BA.1, Pfizer/BioNTech, Pfizer/BioNTech original + BA.1, Pfizer/BioNTech original + BA.4/5",6970694,6886941,4346841,685521,13857635
2022-11-18,"Indie, Johnson&Johnson, Moderna, Moderna bivalent BA.1, Pfizer/BioNTech, Pfizer/BioNTech Kids, Pfizer/BioNTech original + BA.1, Pfizer/BioNTech original + BA.4/5",6970750,6886988,4347402,691832,13857738
2022-11-19,"Indie, Johnson&Johnson, Moderna bivalent BA.1, Pfizer/BioNTech, Pfizer/BioNTech Kids, Pfizer/BioNTech original + BA.1, Pfizer/BioNTech original + BA.4/5",6970752,6886991,4347434,692144,13857743
2022-11-20,"Moderna bivalent BA.1, Pfizer/BioNTech, Pfizer/BioNTech original + BA.1, Pfizer/BioNTech original + BA.4/5",6970755,6886992,4347461,692432,13857747
2022-11-21,"Indie, Johnson&Johnson, Moderna, Moderna bivalent BA.1, Pfizer/BioNTech, Pfizer/BioNTech Kids, Pfizer/BioNTech original + BA.1, Pfizer/BioNTech original + BA.4/5",6970797,6887042,4347766,696576,13857839
2022-11-22,"Indie, Johnson&Johnson, Moderna, Moderna bivalent BA.1, Pfizer/BioNTech, Pfizer/BioNTech Kids, Pfizer/BioNTech original + BA.1, Pfizer/BioNTech original + BA.4/5",6970838,6887114,4348201,702309,13857952
2022-11-23,"Indie, Johnson&Johnson, Moderna, Moderna bivalent BA.1, Pfizer/BioNTech, Pfizer/BioNTech Kids, Pfizer/BioNTech original + BA.1, Pfizer/BioNTech original + BA.4/5",6970874,6887158,4348700,707996,13858032
2022-11-24,"Indie, Johnson&Johnson, Moderna, Moderna bivalent BA.1, Pfizer/BioNTech, Pfizer/BioNTech Kids, Pfizer/BioNTech original + BA.1, Pfizer/BioNTech original + BA.4/5",6970919,6887201,4349218,714626,13858120
2022-11-25,"Indie, Johnson&Johnson, Moderna, Moderna bivalent BA.1, Pfizer/BioNTech, Pfizer/BioNTech Kids, Pfizer/BioNTech original + BA.1, Pfizer/BioNTech original + BA.4/5",6971001,6887303,4349845,722748,13858304
2022-11-26,"Moderna, Moderna bivalent BA.1, Pfizer/BioNTech, Pfizer/BioNTech Kids, Pfizer/BioNTech original + BA.4/5",6971005,6887315,4349899,722909,13858320
2022-11-27,"Pfizer/BioNTech, Pfizer/BioNTech Kids, Pfizer/BioNTech original + BA.4/5",6971005,6887316,4349920,722998,13858321
2022-11-28,"Indie, Johnson&Johnson, Moderna, Moderna bivalent BA.1, Pfizer/BioNTech, Pfizer/BioNTech Kids, Pfizer/BioNTech Mini, Pfizer/BioNTech original + BA.1, Pfizer/BioNTech original + BA.4/5",6971033,6887347,4350172,725944,13858380
2022-11-29,"Indie, Johnson&Johnson, Moderna, Moderna bivalent BA.1, Pfizer/BioNTech, Pfizer/BioNTech Kids, Pfizer/BioNTech original + BA.1, Pfizer/BioNTech original + BA.4/5",6971065,6887398,4350549,730424,13858463
2022-11-30,"Indie, Moderna, Moderna bivalent BA.1, Pfizer/BioNTech, Pfizer/BioNTech Kids, Pfizer/BioNTech original + BA.1, Pfizer/BioNTech original + BA.4/5",6971117,6887453,4350942,734739,13858570
2022-12-01,"Indie, Johnson&Johnson, Moderna, Moderna bivalent BA.1, Pfizer/BioNTech, Pfizer/BioNTech Kids, Pfizer/BioNTech original + BA.1, Pfizer/BioNTech original + BA.4/5",6971155,6887484,4351269,738753,13858639
2022-12-02,"Indie, Johnson&Johnson, Moderna, Moderna bivalent BA.1, Pfizer/BioNTech, Pfizer/BioNTech Kids, Pfizer/BioNTech original + BA.1, Pfizer/BioNTech original + BA.4/5",6971188,6887531,4351659,743313,13858719
2022-12-03,"Moderna bivalent BA.1, Pfizer/BioNTech, Pfizer/BioNTech Kids, Pfizer/BioNTech original + BA.1, Pfizer/BioNTech original + BA.4/5",6971188,6887545,4351699,743750,13858733
2022-12-04,"Moderna, Moderna bivalent BA.1, Pfizer/BioNTech, Pfizer/BioNTech Kids, Pfizer/BioNTech original + BA.4/5",6971190,6887545,4351710,743800,13858735
2022-12-05,"Indie, Johnson&Johnson, Moderna, Moderna bivalent BA.1, Pfizer/BioNTech, Pfizer/BioNTech Kids, Pfizer/BioNTech original + BA.1, Pfizer/BioNTech original + BA.4/5",6971217,6887573,4351929,745867,13858790
2022-12-06,"Indie, Johnson&Johnson, Moderna, Moderna bivalent BA.1, Pfizer/BioNTech, Pfizer/BioNTech Kids, Pfizer/BioNTech original + BA.1, Pfizer/BioNTech original + BA.4/5",6971235,6887603,4352164,749056,13858838
2022-12-07,"Indie, Johnson&Johnson, Moderna, Moderna bivalent BA.1, Pfizer/BioNTech, Pfizer/BioNTech Kids, Pfizer/BioNTech Mini, Pfizer/BioNTech original + BA.1, Pfizer/BioNTech original + BA.4/5",6971274,6887652,4352495,752488,13858926
2022-12-08,"Indie, Johnson&Johnson, Moderna, Moderna bivalent BA.1, Pfizer/BioNTech, Pfizer/BioNTech Kids, Pfizer/BioNTech original + BA.1, Pfizer/BioNTech original + BA.4/5",6971303,6887681,4352827,755862,13858984
2022-12-09,"Indie, Johnson&Johnson, Moderna, Moderna bivalent BA.1, Pfizer/BioNTech, Pfizer/BioNTech Kids, Pfizer/BioNTech original + BA.1, Pfizer/BioNTech original + BA.4/5",6971344,6887724,4353177,759233,13859068
2022-12-10,"Indie, Moderna bivalent BA.1, Pfizer/BioNTech, Pfizer/BioNTech Kids, Pfizer/BioNTech original + BA.4/5",6971346,6887726,4353203,759302,13859072
2022-12-11,"Indie, Pfizer/BioNTech, Pfizer/BioNTech Kids, Pfizer/BioNTech original + BA.4/5",6971348,6887728,4353221,759335,13859076
2022-12-12,"Indie, Johnson&Johnson, Moderna, Moderna bivalent BA.1, Pfizer/BioNTech, Pfizer/BioNTech Kids, Pfizer/BioNTech Mini, Pfizer/BioNTech original + BA.1, Pfizer/BioNTech original + BA.4/5",6971370,6887770,4353363,760649,13859140
2022-12-13,"Indie, Johnson&Johnson, Moderna, Moderna bivalent BA.1, Pfizer/BioNTech, Pfizer/BioNTech Kids, Pfizer/BioNTech Mini, Pfizer/BioNTech original + BA.1, Pfizer/BioNTech original + BA.4/5",6971402,6887805,4353567,762694,13859207
2022-12-14,"Indie, Moderna, Moderna bivalent BA.1, Pfizer/BioNTech, Pfizer/BioNTech Kids, Pfizer/BioNTech Mini, Pfizer/BioNTech original + BA.1, Pfizer/BioNTech original + BA.4/5",6971424,6887837,4353801,764705,13859261
2022-12-15,"Indie, Moderna, Moderna bivalent BA.1, Pfizer/BioNTech, Pfizer/BioNTech Kids, Pfizer/BioNTech original + BA.1, Pfizer/BioNTech original + BA.4/5",6971441,6887869,4354047,766809,13859310
2022-12-16,"Indie, Johnson&Johnson, Moderna, Moderna bivalent BA.1, Pfizer/BioNTech, Pfizer/BioNTech Kids, Pfizer/BioNTech original + BA.1, Pfizer/BioNTech original + BA.4/5",6971481,6887919,4354283,769077,13859400
2022-12-17,"Pfizer/BioNTech, Pfizer/BioNTech Kids, Pfizer/BioNTech original + BA.4/5",6971482,6887923,4354309,769184,13859405
2022-12-18,Pfizer/BioNTech original + BA.4/5,6971482,6887923,4354314,769207,13859405
2022-12-19,"Indie, Johnson&Johnson, Moderna, Moderna bivalent BA.1, Pfizer/BioNTech, Pfizer/BioNTech Kids, Pfizer/BioNTech Mini, Pfizer/BioNTech original + BA.1, Pfizer/BioNTech original + BA.4/5",6971507,6887959,4354453,770144,13859466
2022-12-20,"Indie, Johnson&Johnson, Moderna, Moderna bivalent BA.1, Pfizer/BioNTech, Pfizer/BioNTech Kids, Pfizer/BioNTech Mini, Pfizer/BioNTech original + BA.1, Pfizer/BioNTech original + BA.4/5",6971533,6887987,4354604,771007,13859520
2022-12-21,"Indie, Johnson&Johnson, Moderna, Moderna bivalent BA.1, Pfizer/BioNTech, Pfizer/BioNTech Kids, Pfizer/BioNTech Mini, Pfizer/BioNTech original + BA.1, Pfizer/BioNTech original + BA.4/5",6971555,6888016,4354730,771817,13859571
2022-12-22,"Indie, Moderna, Moderna bivalent BA.1, Pfizer/BioNTech, Pfizer/BioNTech Kids, Pfizer/BioNTech original + BA.1, Pfizer/BioNTech original + BA.4/5",6971584,6888046,4354850,772358,13859630
2022-12-23,"Johnson&Johnson, Moderna, Moderna bivalent BA.1, Pfizer/BioNTech, Pfizer/BioNTech Kids, Pfizer/BioNTech original + BA.1, Pfizer/BioNTech original + BA.4/5",6971595,6888065,4354885,772505,13859660
2022-12-25,Pfizer/BioNTech,6971595,6888065,4354885,772506,13859660
2022-12-26,Johnson&Johnson,6971596,6888066,4354885,772506,13859662
2022-12-27,"Indie, Moderna, Pfizer/BioNTech, Pfizer/BioNTech original + BA.1, Pfizer/BioNTech original + BA.4/5",6971597,6888078,4354905,772668,13859675
2022-12-28,"Indie, Johnson&Johnson, Moderna, Moderna bivalent BA.1, Pfizer/BioNTech, Pfizer/BioNTech Kids, Pfizer/BioNTech original + BA.1, Pfizer/BioNTech original + BA.4/5",6971613,6888097,4354981,772993,13859710
2022-12-29,"Indie, Moderna bivalent BA.1, Pfizer/BioNTech, Pfizer/BioNTech Kids, Pfizer/BioNTech original + BA.1, Pfizer/BioNTech original + BA.4/5",6971617,6888111,4355032,773239,13859728
2022-12-30,"Johnson&Johnson, Moderna, Moderna bivalent BA.1, Pfizer/BioNTech, Pfizer/BioNTech Kids, Pfizer/BioNTech original + BA.1, Pfizer/BioNTech original + BA.4/5",6971626,6888133,4355081,773390,13859759
2022-12-31,"Indie, Pfizer/BioNTech original + BA.4/5",6971626,6888135,4355082,773395,13859761
2023-01-01,"Pfizer/BioNTech, Pfizer/BioNTech original + BA.4/5",6971626,6888135,4355084,773398,13859761
2023-01-02,"Johnson&Johnson, Moderna, Moderna bivalent BA.1, Pfizer/BioNTech, Pfizer/BioNTech Kids, Pfizer/BioNTech original + BA.1, Pfizer/BioNTech original + BA.4/5",6971665,6888161,4355163,773735,13859826
2023-01-03,"Indie, Johnson&Johnson, Moderna, Moderna bivalent BA.1, Pfizer/BioNTech, Pfizer/BioNTech Kids, Pfizer/BioNTech original + BA.1, Pfizer/BioNTech original + BA.4/5",6971676,6888193,4355242,774175,13859869
2023-01-04,"Indie, Johnson&Johnson, Moderna, Moderna bivalent BA.1, Pfizer/BioNTech, Pfizer/BioNTech Kids, Pfizer/BioNTech Mini, Pfizer/BioNTech original + BA.1, Pfizer/BioNTech original + BA.4/5",6971701,6888224,4355386,774924,13859925
2023-01-05,"Indie, Johnson&Johnson, Moderna, Moderna bivalent BA.1, Pfizer/BioNTech, Pfizer/BioNTech Kids, Pfizer/BioNTech original + BA.1, Pfizer/BioNTech original + BA.4/5",6971728,6888247,4355523,775760,13859975
2023-01-06,"Indie, Johnson&Johnson, Moderna, Moderna bivalent BA.1, Pfizer/BioNTech, Pfizer/BioNTech Kids, Pfizer/BioNTech original + BA.1, Pfizer/BioNTech original + BA.4/5",6971784,6888321,4355803,777210,13860105
2023-01-07,"Pfizer/BioNTech, Pfizer/BioNTech Kids, Pfizer/BioNTech original + BA.4/5",6971786,6888326,4355831,777349,13860112
2023-01-08,"Pfizer/BioNTech, Pfizer/BioNTech original + BA.4/5",6971787,6888326,4355841,777368,13860113
2023-01-09,"Indie, Johnson&Johnson, Moderna, Moderna bivalent BA.1, Pfizer/BioNTech, Pfizer/BioNTech Kids, Pfizer/BioNTech Mini, Pfizer/BioNTech original + BA.1, Pfizer/BioNTech original + BA.4/5",6971845,6888388,4355984,778037,13860233
2023-01-10,"Johnson&Johnson, Moderna, Moderna bivalent BA.1, Pfizer/BioNTech, Pfizer/BioNTech Kids, Pfizer/BioNTech Mini, Pfizer/BioNTech original + BA.1, Pfizer/BioNTech original + BA.4/5",6971898,6888417,4356120,778791,13860315
2023-01-11,"Johnson&Johnson, Moderna, Moderna bivalent BA.1, Pfizer/BioNTech, Pfizer/BioNTech Kids, Pfizer/BioNTech Mini, Pfizer/BioNTech original + BA.1, Pfizer/BioNTech original + BA.4/5",6971934,6888450,4356343,779912,13860384
2023-01-12,"Indie, Johnson&Johnson, Moderna, Moderna bivalent BA.1, Pfizer/BioNTech, Pfizer/BioNTech Kids, Pfizer/BioNTech original + BA.1, Pfizer/BioNTech original + BA.4/5",6971971,6888481,4356543,781000,13860452
2023-01-13,"Indie, Johnson&Johnson, Moderna, Moderna bivalent BA.1, Pfizer/BioNTech, Pfizer/BioNTech Kids, Pfizer/BioNTech Mini, Pfizer/BioNTech original + BA.1, Pfizer/BioNTech original + BA.4/5",6972026,6888538,4356787,782264,13860564
2023-01-14,"Johnson&Johnson, Pfizer/BioNTech, Pfizer/BioNTech Kids, Pfizer/BioNTech original + BA.4/5",6972032,6888542,4356812,782318,13860574
2023-01-15,"Moderna, Moderna bivalent BA.1, Pfizer/BioNTech, Pfizer/BioNTech original + BA.4/5",6972033,6888542,4356813,782348,13860575
2023-01-16,"Johnson&Johnson, Moderna, Moderna bivalent BA.1, Pfizer/BioNTech, Pfizer/BioNTech Kids, Pfizer/BioNTech original + BA.1, Pfizer/BioNTech original + BA.4/5",6972058,6888560,4356930,782926,13860618
2023-01-17,"Moderna, Moderna bivalent BA.1, Pfizer/BioNTech, Pfizer/BioNTech Kids, Pfizer/BioNTech Mini, Pfizer/BioNTech original + BA.1, Pfizer/BioNTech original + BA.4/5",6972083,6888592,4357054,783592,13860675
2023-01-18,"Moderna, Moderna bivalent BA.1, Moderna bivalent BA.4-5, Pfizer/BioNTech, Pfizer/BioNTech Kids, Pfizer/BioNTech original + BA.1, Pfizer/BioNTech original + BA.4/5",6972103,6888604,4357218,784348,13860707
2023-01-19,"Indie, Johnson&Johnson, Moderna, Moderna bivalent BA.1, Pfizer/BioNTech, Pfizer/BioNTech Kids, Pfizer/BioNTech original + BA.1, Pfizer/BioNTech original + BA.4/5",6972132,6888623,4357335,785081,13860755
2023-01-20,"Johnson&Johnson, Moderna, Moderna bivalent BA.1, Moderna bivalent BA.4-5, Pfizer/BioNTech, Pfizer/BioNTech Kids, Pfizer/BioNTech original + BA.1, Pfizer/BioNTech original + BA.4/5",6972175,6888653,4357498,786051,13860828
2023-01-21,"Johnson&Johnson, Pfizer/BioNTech, Pfizer/BioNTech Kids, Pfizer/BioNTech original + BA.4/5",6972180,6888659,4357517,786078,13860839
2023-01-22,"Moderna, Pfizer/BioNTech original + BA.4/5",6972180,6888659,4357521,786089,13860839
2023-01-23,"Johnson&Johnson, Moderna, Moderna bivalent BA.1, Pfizer/BioNTech, Pfizer/BioNTech Kids, Pfizer/BioNTech original + BA.1, Pfizer/BioNTech original + BA.4/5",6972213,6888692,4357611,786392,13860905
2023-01-24,"Indie, Johnson&Johnson, Moderna, Moderna bivalent BA.1, Pfizer/BioNTech, Pfizer/BioNTech Kids, Pfizer/BioNTech original + BA.1, Pfizer/BioNTech original + BA.4/5",6972227,6888705,4357710,786768,13860932
2023-01-25,"Indie, Johnson&Johnson, Moderna, Moderna bivalent BA.1, Moderna bivalent BA.4-5, Pfizer/BioNTech, Pfizer/BioNTech Kids, Pfizer/BioNTech Mini, Pfizer/BioNTech original + BA.1, Pfizer/BioNTech original + BA.4/5",6972247,6888723,4357828,787345,13860970
2023-01-26,"Johnson&Johnson, Moderna, Moderna bivalent BA.1, Pfizer/BioNTech, Pfizer/BioNTech Kids, Pfizer/BioNTech original + BA.1, Pfizer/BioNTech original + BA.4/5",6972272,6888761,4357924,787807,13861033
2023-01-27,"Johnson&Johnson, Moderna, Moderna bivalent BA.1, Moderna bivalent BA.4-5, Pfizer/BioNTech, Pfizer/BioNTech Kids, Pfizer/BioNTech original + BA.1, Pfizer/BioNTech original + BA.4/5",6972326,6888816,4358081,788548,13861142
2023-01-28,"Pfizer/BioNTech, Pfizer/BioNTech Kids, Pfizer/BioNTech original + BA.4/5",6972326,6888819,4358093,788616,13861145
2023-01-30,"Johnson&Johnson, Moderna, Moderna bivalent BA.1, Pfizer/BioNTech, Pfizer/BioNTech Kids, Pfizer/BioNTech Mini, Pfizer/BioNTech original + BA.1, Pfizer/BioNTech original + BA.4/5",6972361,6888844,4358180,788955,13861205
2023-01-31,"Johnson&Johnson, Moderna bivalent BA.1, Pfizer/BioNTech, Pfizer/BioNTech Kids, Pfizer/BioNTech original + BA.1, Pfizer/BioNTech original + BA.4/5",6972388,6888868,4358244,789319,13861256
2023-02-01,"Johnson&Johnson, Moderna, Moderna bivalent BA.1, Pfizer/BioNTech, Pfizer/BioNTech Kids, Pfizer/BioNTech Mini, Pfizer/BioNTech original + BA.1, Pfizer/BioNTech original + BA.4/5",6972418,6888896,4358319,789654,13861314
2023-02-02,"Johnson&Johnson, Moderna, Moderna bivalent BA.1, Pfizer/BioNTech, Pfizer/BioNTech Kids, Pfizer/BioNTech original + BA.1, Pfizer/BioNTech original + BA.4/5",6972442,6888930,4358402,789998,13861372
2023-02-03,"Johnson&Johnson, Moderna, Moderna bivalent BA.1, Pfizer/BioNTech, Pfizer/BioNTech Kids, Pfizer/BioNTech original + BA.1, Pfizer/BioNTech original + BA.4/5",6972487,6888989,4358553,790522,13861476
2023-02-04,"Johnson&Johnson, Pfizer/BioNTech, Pfizer/BioNTech Kids, Pfizer/BioNTech original + BA.4/5",6972491,6888992,4358554,790527,13861483
2023-02-05,Moderna,6972493,6888993,4358554,790528,13861486
2023-02-06,"Johnson&Johnson, Moderna, Pfizer/BioNTech, Pfizer/BioNTech Kids, Pfizer/BioNTech original + BA.1, Pfizer/BioNTech original + BA.4/5",6972530,6889020,4358600,790710,13861550
2023-02-07,"Johnson&Johnson, Moderna, Moderna bivalent BA.1, Pfizer/BioNTech, Pfizer/BioNTech Kids, Pfizer/BioNTech original + BA.1, Pfizer/BioNTech original + BA.4/5",6972547,6889036,4358665,791005,13861583
2023-02-08,"Johnson&Johnson, Moderna, Moderna bivalent BA.1, Pfizer/BioNTech, Pfizer/BioNTech Kids, Pfizer/BioNTech Mini, Pfizer/BioNTech original + BA.1, Pfizer/BioNTech original + BA.4/5",6972561,6889064,4358722,791236,13861625
2023-02-09,"Johnson&Johnson, Moderna bivalent BA.1, Pfizer/BioNTech, Pfizer/BioNTech Kids, Pfizer/BioNTech original + BA.1, Pfizer/BioNTech original + BA.4/5",6972580,6889087,4358790,791553,13861667
2023-02-10,"Johnson&Johnson, Moderna, Moderna bivalent BA.1, Pfizer/BioNTech, Pfizer/BioNTech Kids, Pfizer/BioNTech original + BA.1, Pfizer/BioNTech original + BA.4/5",6972613,6889137,4358893,791880,13861750
2023-02-11,"Pfizer/BioNTech, Pfizer/BioNTech original + BA.4/5",6972614,6889139,4358896,791888,13861753
2023-02-12,Pfizer/BioNTech original + BA.4/5,6972614,6889139,4358896,791890,13861753
2023-02-13,"Johnson&Johnson, Moderna, Moderna bivalent BA.1, Pfizer/BioNTech, Pfizer/BioNTech Kids, Pfizer/BioNTech original + BA.1, Pfizer/BioNTech original + BA.4/5",6972633,6889182,4358950,792054,13861815
2023-02-14,"Johnson&Johnson, Moderna bivalent BA.1, Pfizer/BioNTech, Pfizer/BioNTech Kids, Pfizer/BioNTech Mini, Pfizer/BioNTech original + BA.1, Pfizer/BioNTech original + BA.4/5",6972651,6889199,4358989,792208,13861850
2023-02-15,"Johnson&Johnson, Moderna, Moderna bivalent BA.1, Pfizer/BioNTech, Pfizer/BioNTech Kids, Pfizer/BioNTech Mini, Pfizer/BioNTech original + BA.4/5",6972667,6889219,4359044,792412,13861886
2023-02-16,"Johnson&Johnson, Moderna, Moderna bivalent BA.1, Pfizer/BioNTech, Pfizer/BioNTech Kids, Pfizer/BioNTech Mini, Pfizer/BioNTech original + BA.1, Pfizer/BioNTech original + BA.4/5",6972681,6889238,4359096,792642,13861919
2023-02-17,"Johnson&Johnson, Moderna, Moderna bivalent BA.1, Pfizer/BioNTech, Pfizer/BioNTech Kids, Pfizer/BioNTech original + BA.1, Pfizer/BioNTech original + BA.4/5",6972705,6889274,4359187,793014,13861979
2023-02-18,"Johnson&Johnson, Pfizer/BioNTech, Pfizer/BioNTech Kids, Pfizer/BioNTech original + BA.4/5",6972710,6889276,4359193,793019,13861986
2023-02-20,"Johnson&Johnson, Moderna, Pfizer/BioNTech, Pfizer/BioNTech Kids, Pfizer/BioNTech Mini, Pfizer/BioNTech original + BA.1, Pfizer/BioNTech original + BA.4/5",6972723,6889296,4359241,793124,13862019
2023-02-21,"Johnson&Johnson, Moderna, Moderna bivalent BA.1, Pfizer/BioNTech, Pfizer/BioNTech Kids, Pfizer/BioNTech original + BA.1, Pfizer/BioNTech original + BA.4/5",6972740,6889317,4359287,793275,13862057
2023-02-22,"Johnson&Johnson, Moderna, Moderna bivalent BA.1, Pfizer/BioNTech, Pfizer/BioNTech Kids, Pfizer/BioNTech original + BA.1, Pfizer/BioNTech original + BA.4/5",6972749,6889334,4359336,793440,13862083
2023-02-23,"Johnson&Johnson, Moderna, Moderna bivalent BA.1, Pfizer/BioNTech, Pfizer/BioNTech Kids, Pfizer/BioNTech Mini, Pfizer/BioNTech original + BA.1, Pfizer/BioNTech original + BA.4/5",6972762,6889358,4359408,793687,13862120
2023-02-24,"Johnson&Johnson, Moderna, Moderna bivalent BA.1, Pfizer/BioNTech, Pfizer/BioNTech Kids, Pfizer/BioNTech original + BA.1, Pfizer/BioNTech original + BA.4/5",6972792,6889392,4359477,794018,13862184
2023-02-25,"Moderna, Pfizer/BioNTech, Pfizer/BioNTech Kids, Pfizer/BioNTech original + BA.1, Pfizer/BioNTech original + BA.4/5",6972793,6889393,4359493,794055,13862186
2023-02-26,Pfizer/BioNTech original + BA.4/5,6972793,6889393,4359494,794055,13862186
2023-02-27,"Johnson&Johnson, Moderna, Moderna bivalent BA.1, Pfizer/BioNTech, Pfizer/BioNTech Kids, Pfizer/BioNTech Mini, Pfizer/BioNTech original + BA.1, Pfizer/BioNTech original + BA.4/5",6972811,6889411,4359534,794183,13862222
2023-02-28,"Johnson&Johnson, Moderna bivalent BA.1, Pfizer/BioNTech, Pfizer/BioNTech Kids, Pfizer/BioNTech Mini, Pfizer/BioNTech original + BA.1, Pfizer/BioNTech original + BA.4/5",6972830,6889446,4359564,794311,13862276
2023-03-01,"Johnson&Johnson, Moderna, Moderna bivalent BA.1, Pfizer/BioNTech, Pfizer/BioNTech Kids, Pfizer/BioNTech Mini, Pfizer/BioNTech original + BA.1, Pfizer/BioNTech original + BA.4/5",6972861,6889460,4359603,794399,13862321
2023-03-02,"Johnson&Johnson, Moderna, Moderna bivalent BA.1, Pfizer/BioNTech, Pfizer/BioNTech Kids, Pfizer/BioNTech original + BA.1, Pfizer/BioNTech original + BA.4/5",6972867,6889472,4359655,794515,13862339
2023-03-03,"Johnson&Johnson, Moderna, Moderna bivalent BA.1, Pfizer/BioNTech, Pfizer/BioNTech Kids, Pfizer/BioNTech original + BA.1, Pfizer/BioNTech original + BA.4/5",6972896,6889494,4359731,794727,13862390
2023-03-04,"Pfizer/BioNTech, Pfizer/BioNTech original + BA.4/5",6972897,6889495,4359735,794733,13862392
2023-03-05,Pfizer/BioNTech original + BA.4/5,6972897,6889495,4359736,794733,13862392
2023-03-06,"Johnson&Johnson, Moderna, Moderna bivalent BA.1, Pfizer/BioNTech, Pfizer/BioNTech Kids, Pfizer/BioNTech Mini, Pfizer/BioNTech original + BA.1, Pfizer/BioNTech original + BA.4/5",6972916,6889508,4359760,794837,13862424
2023-03-07,"Johnson&Johnson, Moderna, Moderna bivalent BA.1, Pfizer/BioNTech, Pfizer/BioNTech Kids, Pfizer/BioNTech original + BA.1, Pfizer/BioNTech original + BA.4/5",6972930,6889526,4359785,794953,13862456
2023-03-08,"Johnson&Johnson, Moderna bivalent BA.1, Pfizer/BioNTech, Pfizer/BioNTech Kids, Pfizer/BioNTech original + BA.1, Pfizer/BioNTech original + BA.4/5",6972951,6889537,4359807,795057,13862488
2023-03-09,"Johnson&Johnson, Moderna, Moderna bivalent BA.1, Pfizer/BioNTech, Pfizer/BioNTech Mini, Pfizer/BioNTech original + BA.1, Pfizer/BioNTech original + BA.4/5",6972969,6889550,4359847,795224,13862519
2023-03-10,"Johnson&Johnson, Moderna, Moderna bivalent BA.1, Pfizer/BioNTech, Pfizer/BioNTech Kids, Pfizer/BioNTech original + BA.1, Pfizer/BioNTech original + BA.4/5",6973010,6889591,4359917,795464,13862601
2023-03-11,"Pfizer/BioNTech, Pfizer/BioNTech original + BA.4/5",6973010,6889593,4359917,795468,13862603
2023-03-12,Pfizer/BioNTech,6973010,6889593,4359917,795573,13862603
2023-03-13,"Johnson&Johnson, Moderna bivalent BA.1, Pfizer/BioNTech, Pfizer/BioNTech Kids, Pfizer/BioNTech original + BA.1, Pfizer/BioNTech original + BA.4/5",6973026,6889610,4359940,795638,13862636
2023-03-14,"Johnson&Johnson, Moderna, Moderna bivalent BA.1, Pfizer/BioNTech, Pfizer/BioNTech Kids, Pfizer/BioNTech Mini, Pfizer/BioNTech original + BA.1, Pfizer/BioNTech original + BA.4/5",6973038,6889624,4359968,795721,13862662
2023-03-15,"Johnson&Johnson, Moderna bivalent BA.1, Pfizer/BioNTech, Pfizer/BioNTech Kids, Pfizer/BioNTech Mini, Pfizer/BioNTech original + BA.1, Pfizer/BioNTech original + BA.4/5",6973054,6889636,4360028,795816,13862690
2023-03-16,"Johnson&Johnson, Moderna bivalent BA.1, Pfizer/BioNTech, Pfizer/BioNTech Kids, Pfizer/BioNTech original + BA.1, Pfizer/BioNTech original + BA.4/5",6973062,6889648,4360059,795923,13862710
2023-03-17,"Johnson&Johnson, Moderna, Moderna bivalent BA.1, Pfizer/BioNTech, Pfizer/BioNTech Kids, Pfizer/BioNTech Mini, Pfizer/BioNTech original + BA.1, Pfizer/BioNTech original + BA.4/5",6973072,6889666,4360106,796049,13862738
2023-03-18,"Johnson&Johnson, Pfizer/BioNTech, Pfizer/BioNTech Kids, Pfizer/BioNTech original + BA.4/5",6973074,6889668,4360106,796050,13862742
2023-03-20,"Johnson&Johnson, Moderna, Pfizer/BioNTech, Pfizer/BioNTech Kids, Pfizer/BioNTech original + BA.1, Pfizer/BioNTech original + BA.4/5",6973086,6889687,4360150,796150,13862773
2023-03-21,"Moderna bivalent BA.1, Pfizer/BioNTech, Pfizer/BioNTech original + BA.4/5",6973093,6889703,4360175,796205,13862796
2023-03-22,"Johnson&Johnson, Moderna bivalent BA.1, Pfizer/BioNTech, Pfizer/BioNTech Kids, Pfizer/BioNTech Mini, Pfizer/BioNTech original + BA.1, Pfizer/BioNTech original + BA.4/5",6973111,6889720,4360215,796264,13862831
2023-03-23,"Johnson&Johnson, Moderna, Moderna bivalent BA.1, Pfizer/BioNTech, Pfizer/BioNTech Kids, Pfizer/BioNTech original + BA.4/5",6973116,6889735,4360243,796330,13862851
2023-03-24,"Johnson&Johnson, Moderna, Moderna bivalent BA.1, Pfizer/BioNTech, Pfizer/BioNTech Kids, Pfizer/BioNTech original + BA.1, Pfizer/BioNTech original + BA.4/5",6973137,6889759,4360302,796415,13862896
2023-03-25,"Pfizer/BioNTech, Pfizer/BioNTech Kids, Pfizer/BioNTech original + BA.4/5",6973137,6889761,4360312,796428,13862898
2023-03-27,"Johnson&Johnson, Moderna bivalent BA.1, Pfizer/BioNTech, Pfizer/BioNTech Kids, Pfizer/BioNTech original + BA.1, Pfizer/BioNTech original + BA.4/5",6973149,6889777,4360339,796494,13862926
2023-03-28,"Johnson&Johnson, Moderna bivalent BA.1, Pfizer/BioNTech, Pfizer/BioNTech original + BA.1, Pfizer/BioNTech original + BA.4/5",6973162,6889787,4360359,796551,13862949
2023-03-29,"Moderna bivalent BA.1, Moderna bivalent BA.4-5, Pfizer/BioNTech, Pfizer/BioNTech Kids, Pfizer/BioNTech Mini, Pfizer/BioNTech original + BA.1, Pfizer/BioNTech original + BA.4/5",6973167,6889808,4360393,796597,13862975
2023-03-30,"Moderna bivalent BA.1, Pfizer/BioNTech, Pfizer/BioNTech original + BA.1, Pfizer/BioNTech original + BA.4/5",6973174,6889821,4360425,796710,13862995
2023-03-31,"Johnson&Johnson, Moderna, Moderna bivalent BA.1, Pfizer/BioNTech, Pfizer/BioNTech Kids, Pfizer/BioNTech original + BA.1, Pfizer/BioNTech original + BA.4/5",6973216,6889864,4360470,796810,13863080
2023-04-01,"Pfizer/BioNTech, Pfizer/BioNTech Kids, Pfizer/BioNTech original + BA.4/5",6973216,6889867,4360476,796814,13863083
2023-04-02,"Moderna, Pfizer/BioNTech original + BA.1, Pfizer/BioNTech original + BA.4/5",6973217,6889869,4360477,796814,13863086
2023-04-03,"Moderna, Moderna bivalent BA.1, Pfizer/BioNTech, Pfizer/BioNTech original + BA.1, Pfizer/BioNTech original + BA.4/5",6973224,6889881,4360492,796839,13863105
2023-04-04,"Moderna, Moderna bivalent BA.1, Pfizer/BioNTech, Pfizer/BioNTech Kids, Pfizer/BioNTech original + BA.1, Pfizer/BioNTech original + BA.4/5",6973232,6889893,4360505,796867,13863125
2023-04-05,"Johnson&Johnson, Moderna bivalent BA.1, Pfizer/BioNTech, Pfizer/BioNTech Kids, Pfizer/BioNTech Mini, Pfizer/BioNTech original + BA.1, Pfizer/BioNTech original + BA.4/5",6973245,6889911,4360542,796927,13863156
2023-04-06,"Johnson&Johnson, Moderna, Moderna bivalent BA.1, Pfizer/BioNTech, Pfizer/BioNTech Kids, Pfizer/BioNTech original + BA.1, Pfizer/BioNTech original + BA.4/5",6973270,6889934,4360564,796988,13863204
2023-04-07,"Pfizer/BioNTech Kids, Pfizer/BioNTech original + BA.1",6973272,6889934,4360564,796988,13863206
2023-04-10,"Johnson&Johnson, Pfizer/BioNTech",6973273,6889935,4360564,796989,13863208
2023-04-11,"Johnson&Johnson, Moderna, Moderna bivalent BA.1, Pfizer/BioNTech, Pfizer/BioNTech Kids, Pfizer/BioNTech Mini, Pfizer/BioNTech original + BA.1, Pfizer/BioNTech original + BA.4/5",6973281,6889943,4360586,797008,13863224
2023-04-12,"Johnson&Johnson, Moderna bivalent BA.4-5, Pfizer/BioNTech, Pfizer/BioNTech Kids, Pfizer/BioNTech Mini, Pfizer/BioNTech original + BA.4/5",6973293,6889959,4360612,797043,13863252
2023-04-13,"Moderna bivalent BA.1, Pfizer/BioNTech, Pfizer/BioNTech original + BA.1, Pfizer/BioNTech original + BA.4/5",6973298,6889965,4360634,797076,13863263
2023-04-14,"Johnson&Johnson, Moderna, Moderna bivalent BA.1, Pfizer/BioNTech, Pfizer/BioNTech Kids, Pfizer/BioNTech original + BA.1, Pfizer/BioNTech original + BA.4/5",6973326,6889989,4360673,797123,13863315
2023-04-15,Pfizer/BioNTech original + BA.4/5,6973326,6889989,4360680,797124,13863315
2023-04-17,"Moderna, Moderna bivalent BA.1, Moderna bivalent BA.4-5, Pfizer/BioNTech, Pfizer/BioNTech original + BA.4/5",6973334,6890003,4360705,797149,13863337
2023-04-18,"Moderna bivalent BA.1, Pfizer/BioNTech, Pfizer/BioNTech Mini, Pfizer/BioNTech original + BA.1, Pfizer/BioNTech original + BA.4/5",6973344,6890012,4360729,797235,13863356
2023-04-19,"Johnson&Johnson, Moderna bivalent BA.1, Pfizer/BioNTech, Pfizer/BioNTech Kids, Pfizer/BioNTech Mini, Pfizer/BioNTech original + BA.4/5",6973354,6890026,4360766,797281,13863380
2023-04-20,"Johnson&Johnson, Moderna bivalent BA.1, Pfizer/BioNTech, Pfizer/BioNTech original + BA.1, Pfizer/BioNTech original + BA.4/5",6973365,6890037,4360788,797348,13863402
2023-04-21,"Johnson&Johnson, Moderna bivalent BA.1, Pfizer/BioNTech, Pfizer/BioNTech original + BA.1, Pfizer/BioNTech original + BA.4/5",6973397,6890066,4360825,797375,13863463
2023-04-22,"Pfizer/BioNTech, Pfizer/BioNTech Kids, Pfizer/BioNTech original + BA.4/5",6973397,6890067,4360831,797380,13863464
2023-04-24,"Johnson&Johnson, Moderna bivalent BA.1, Pfizer/BioNTech, Pfizer/BioNTech Kids, Pfizer/BioNTech original + BA.1, Pfizer/BioNTech original + BA.4/5",6973407,6890081,4360850,797418,13863488
2023-04-25,"Pfizer/BioNTech, Pfizer/BioNTech Mini, Pfizer/BioNTech original + BA.1, Pfizer/BioNTech original + BA.4/5",6973409,6890093,4360872,797437,13863502
2023-04-26,"Moderna, Moderna bivalent BA.1, Moderna bivalent BA.4-5, Pfizer/BioNTech, Pfizer/BioNTech Kids, Pfizer/BioNTech Mini, Pfizer/BioNTech original + BA.1, Pfizer/BioNTech original + BA.4/5",6973417,6890104,4360902,797472,13863521
2023-04-27,"Johnson&Johnson, Moderna, Moderna bivalent BA.1, Pfizer/BioNTech, Pfizer/BioNTech original + BA.1, Pfizer/BioNTech original + BA.4/5",6973428,6890118,4360917,797486,13863546
2023-04-28,"Johnson&Johnson, Moderna, Moderna bivalent BA.1, Pfizer/BioNTech, Pfizer/BioNTech Kids, Pfizer/BioNTech original + BA.1, Pfizer/BioNTech original + BA.4/5",6973446,6890145,4360939,797535,13863591
2023-04-30,"Moderna, Pfizer/BioNTech original + BA.1, Pfizer/BioNTech original + BA.4/5",6973446,6890149,4360940,797535,13863595
2023-05-02,"Moderna, Moderna bivalent BA.1, Pfizer/BioNTech, Pfizer/BioNTech original + BA.1, Pfizer/BioNTech original + BA.4/5",6973449,6890155,4360958,797550,13863604
2023-05-03,"Johnson&Johnson, Moderna, Pfizer/BioNTech, Pfizer/BioNTech Kids, Pfizer/BioNTech original + BA.1, Pfizer/BioNTech original + BA.4/5",6973459,6890165,4360983,797576,13863624
2023-05-04,"Johnson&Johnson, Moderna, Moderna bivalent BA.1, Pfizer/BioNTech, Pfizer/BioNTech original + BA.1, Pfizer/BioNTech original + BA.4/5",6973466,6890179,4361006,797612,13863645
2023-05-05,"Johnson&Johnson, Moderna bivalent BA.1, Pfizer/BioNTech, Pfizer/BioNTech Kids, Pfizer/BioNTech original + BA.4/5",6973477,6890194,4361024,797642,13863671
2023-05-06,Pfizer/BioNTech,6973479,6890194,4361024,797642,13863673
2023-05-08,Pfizer/BioNTech original + BA.4/5,6973481,6890194,4361025,797642,13863675
2023-05-09,"Johnson&Johnson, Pfizer/BioNTech, Pfizer/BioNTech Kids, Pfizer/BioNTech original + BA.4/5",6973487,6890199,4361033,797656,13863686
2023-05-10,"Johnson&Johnson, Pfizer/BioNTech, Pfizer/BioNTech Kids, Pfizer/BioNTech Mini, Pfizer/BioNTech original + BA.1, Pfizer/BioNTech original + BA.4/5",6973499,6890206,4361049,797682,13863705
2023-05-11,"Johnson&Johnson, Pfizer/BioNTech, Pfizer/BioNTech original + BA.1, Pfizer/BioNTech original + BA.4/5",6973505,6890212,4361057,797698,13863717
2023-05-12,"Johnson&Johnson, Moderna bivalent BA.4-5, Pfizer/BioNTech, Pfizer/BioNTech original + BA.4/5",6973516,6890231,4361067,797713,13863747
2023-05-13,Pfizer/BioNTech original + BA.4/5,6973516,6890231,4361068,797715,13863747
2023-05-15,"Pfizer/BioNTech, Pfizer/BioNTech original + BA.1, Pfizer/BioNTech original + BA.4/5",6973518,6890235,4361078,797727,13863753
2023-05-16,"Moderna bivalent BA.1, Pfizer/BioNTech, Pfizer/BioNTech Mini, Pfizer/BioNTech original + BA.1, Pfizer/BioNTech original + BA.4/5",6973522,6890239,4361083,797739,13863761
2023-05-17,"Moderna, Pfizer/BioNTech, Pfizer/BioNTech Kids, Pfizer/BioNTech Mini, Pfizer/BioNTech original + BA.4/5",6973528,6890247,4361099,797755,13863775
2023-05-18,"Johnson&Johnson, Moderna bivalent BA.1, Pfizer/BioNTech, Pfizer/BioNTech original + BA.4/5",6973533,6890256,4361107,797769,13863789
2023-05-19,"Moderna bivalent BA.1, Pfizer/BioNTech, Pfizer/BioNTech Kids, Pfizer/BioNTech original + BA.4/5",6973535,6890261,4361116,797798,13863796
2023-05-20,"Pfizer/BioNTech, Pfizer/BioNTech Kids, Pfizer/BioNTech original + BA.4/5",6973536,6890261,4361119,797798,13863797
2023-05-22,"Pfizer/BioNTech, Pfizer/BioNTech original + BA.4/5",6973536,6890261,4361121,797807,13863797
2023-05-23,"Moderna bivalent BA.1, Pfizer/BioNTech, Pfizer/BioNTech original + BA.4/5",6973537,6890265,4361125,797814,13863802
2023-05-24,"Pfizer/BioNTech, Pfizer/BioNTech Kids, Pfizer/BioNTech Mini, Pfizer/BioNTech original + BA.4/5",6973540,6890271,4361128,797820,13863811
2023-05-25,"Johnson&Johnson, Moderna bivalent BA.1, Pfizer/BioNTech, Pfizer/BioNTech Mini, Pfizer/BioNTech original + BA.4/5",6973546,6890280,4361133,797832,13863826
2023-05-26,"Moderna bivalent BA.1, Pfizer/BioNTech, Pfizer/BioNTech original + BA.1, Pfizer/BioNTech original + BA.4/5",6973553,6890285,4361157,797852,13863838
2023-05-27,Pfizer/BioNTech original + BA.4/5,6973553,6890285,4361157,797853,13863838
2023-05-28,Pfizer/BioNTech original + BA.1,6973554,6890285,4361157,797853,13863839
2023-05-29,"Pfizer/BioNTech, Pfizer/BioNTech original + BA.4/5",6973555,6890288,4361159,797860,13863843
2023-05-30,"Pfizer/BioNTech, Pfizer/BioNTech Kids, Pfizer/BioNTech original + BA.4/5",6973560,6890291,4361166,797870,13863851
2023-05-31,"Pfizer/BioNTech, Pfizer/BioNTech Kids, Pfizer/BioNTech Mini, Pfizer/BioNTech original + BA.1, Pfizer/BioNTech original + BA.4/5",6973568,6890296,4361182,797886,13863864
2023-06-01,"Moderna bivalent BA.1, Pfizer/BioNTech, Pfizer/BioNTech original + BA.1, Pfizer/BioNTech original + BA.4/5",6973570,6890299,4361191,797892,13863869
2023-06-02,"Pfizer/BioNTech, Pfizer/BioNTech Kids, Pfizer/BioNTech original + BA.4/5",6973573,6890305,4361198,797903,13863878
2023-06-03,Pfizer/BioNTech original + BA.4/5,6973573,6890305,4361198,797905,13863878
2023-06-05,"Pfizer/BioNTech, Pfizer/BioNTech original + BA.4/5",6973574,6890306,4361210,797912,13863880
2023-06-06,"Pfizer/BioNTech, Pfizer/BioNTech original + BA.1, Pfizer/BioNTech original + BA.4/5",6973575,6890306,4361212,797916,13863881
2023-06-07,"Moderna bivalent BA.1, Pfizer/BioNTech, Pfizer/BioNTech Kids, Pfizer/BioNTech Mini, Pfizer/BioNTech original + BA.1, Pfizer/BioNTech original + BA.4/5",6973576,6890313,4361222,797947,13863889
2023-06-08,"Johnson&Johnson, Moderna bivalent BA.1, Pfizer/BioNTech, Pfizer/BioNTech original + BA.4/5",6973579,6890314,4361228,797958,13863893
2023-06-09,"Johnson&Johnson, Moderna bivalent BA.4-5, Pfizer/BioNTech, Pfizer/BioNTech original + BA.1, Pfizer/BioNTech original + BA.4/5",6973583,6890319,4361231,797973,13863902
2023-06-10,"Pfizer/BioNTech, Pfizer/BioNTech Kids, Pfizer/BioNTech original + BA.4/5",6973585,6890320,4361232,797973,13863905
2023-06-12,"Moderna bivalent BA.4-5, Pfizer/BioNTech, Pfizer/BioNTech original + BA.4/5",6973586,6890323,4361238,797980,13863909
2023-06-13,"Moderna, Pfizer/BioNTech, Pfizer/BioNTech original + BA.4/5",6973587,6890330,4361239,797983,13863917
2023-06-14,"Pfizer/BioNTech, Pfizer/BioNTech Mini, Pfizer/BioNTech original + BA.4/5",6973590,6890335,4361247,798030,13863925
2023-06-15,"Pfizer/BioNTech, Pfizer/BioNTech original + BA.4/5",6973591,6890336,4361249,798036,13863927
2023-06-16,"Johnson&Johnson, Moderna bivalent BA.1, Pfizer/BioNTech, Pfizer/BioNTech original + BA.4/5",6973593,6890341,4361249,798039,13863934
2023-06-17,Pfizer/BioNTech original + BA.4/5,6973593,6890341,4361249,798040,13863934
2023-06-19,"Johnson&Johnson, Moderna bivalent BA.1, Pfizer/BioNTech, Pfizer/BioNTech original + BA.1, Pfizer/BioNTech original + BA.4/5",6973595,6890344,4361265,798050,13863939
2023-06-20,"Pfizer/BioNTech, Pfizer/BioNTech original + BA.1, Pfizer/BioNTech original + BA.4/5",6973596,6890346,4361269,798051,13863942
2023-06-21,"Moderna bivalent BA.4-5, Pfizer/BioNTech, Pfizer/BioNTech Kids, Pfizer/BioNTech Mini, Pfizer/BioNTech original + BA.4/5",6973597,6890350,4361274,798055,13863947
2023-06-22,"Moderna bivalent BA.1, Pfizer/BioNTech, Pfizer/BioNTech original + BA.4/5",6973598,6890353,4361278,798058,13863951
2023-06-23,"Pfizer/BioNTech, Pfizer/BioNTech original + BA.4/5",6973599,6890355,4361281,798066,13863954
2023-06-26,"Pfizer/BioNTech, Pfizer/BioNTech Kids, Pfizer/BioNTech Mini, Pfizer/BioNTech original + BA.4/5",6973602,6890359,4361283,798073,13863961
2023-06-27,Pfizer/BioNTech original + BA.4/5,6973603,6890359,4361287,798073,13863962
2023-06-28,"Moderna bivalent BA.1, Moderna bivalent BA.4-5, Pfizer/BioNTech, Pfizer/BioNTech Kids, Pfizer/BioNTech Mini, Pfizer/BioNTech original + BA.4/5",6973607,6890361,4361292,798085,13863968
2023-06-29,"Moderna bivalent BA.1, Pfizer/BioNTech, Pfizer/BioNTech original + BA.4/5",6973607,6890363,4361297,798091,13863970
2023-06-30,"Johnson&Johnson, Pfizer/BioNTech, Pfizer/BioNTech original + BA.4/5",6973609,6890367,4361299,798096,13863976
2023-07-02,Pfizer/BioNTech,6973609,6890368,4361299,798096,13863977
2023-07-03,"Moderna bivalent BA.1, Pfizer/BioNTech, Pfizer/BioNTech original + BA.4/5",6973609,6890370,4361301,798100,13863979
2023-07-04,Pfizer/BioNTech original + BA.4/5,6973610,6890370,4361303,798101,13863980
2023-07-06,Pfizer/BioNTech original + BA.1,6973610,6890371,4361303,798101,13863981
2023-07-10,"Pfizer/BioNTech, Pfizer/BioNTech original + BA.4/5",6973610,6890373,4361304,798102,13863983
2023-07-11,"Johnson&Johnson, Pfizer/BioNTech original + BA.4/5",6973611,6890374,4361305,798105,13863985
2023-07-12,"Pfizer/BioNTech Kids, Pfizer/BioNTech original + BA.4/5",6973613,6890375,4361310,798109,13863988
2023-07-13,"Moderna, Pfizer/BioNTech original + BA.4/5",6973613,6890376,4361312,798115,13863989
2023-07-14,"Moderna bivalent BA.4-5, Pfizer/BioNTech, Pfizer/BioNTech original + BA.4/5",6973614,6890378,4361315,798118,13863992
2023-07-17,"Pfizer/BioNTech Kids, Pfizer/BioNTech original + BA.4/5",6973615,6890379,4361319,798121,13863994
2023-07-18,Pfizer/BioNTech original + BA.4/5,6973615,6890379,4361320,798124,13863994
2023-07-19,"Pfizer/BioNTech Kids, Pfizer/BioNTech Mini, Pfizer/BioNTech original + BA.4/5",6973618,6890382,4361322,798132,13864000
2023-07-20,"Johnson&Johnson, Pfizer/BioNTech original + BA.4/5",6973619,6890384,4361323,798137,13864003
2023-07-21,Pfizer/BioNTech original + BA.4/5,6973619,6890385,4361324,798141,13864004
2023-07-24,"Pfizer/BioNTech, Pfizer/BioNTech Kids, Pfizer/BioNTech original + BA.4/5",6973619,6890386,4361326,798145,13864005
2023-07-25,Pfizer/BioNTech original + BA.4/5,6973619,6890386,4361328,798146,13864005
2023-07-26,"Pfizer/BioNTech, Pfizer/BioNTech Mini, Pfizer/BioNTech original + BA.4/5",6973620,6890386,4361336,798151,13864006
2023-07-27,"Moderna, Pfizer/BioNTech, Pfizer/BioNTech original + BA.4/5",6973621,6890388,4361336,798154,13864009
2023-07-28,"Johnson&Johnson, Pfizer/BioNTech original + BA.4/5",6973622,6890389,4361337,798156,13864011
2023-07-31,Pfizer/BioNTech original + BA.4/5,6973623,6890389,4361338,798162,13864012
2023-08-01,"Johnson&Johnson, Moderna bivalent BA.1, Pfizer/BioNTech, Pfizer/BioNTech original + BA.4/5",6973625,6890390,4361341,798163,13864015
2023-08-02,"Johnson&Johnson, Pfizer/BioNTech original + BA.4/5",6973626,6890391,4361341,798170,13864017
2023-08-03,Pfizer/BioNTech original + BA.4/5,6973628,6890392,4361344,798172,13864020
2023-08-04,Pfizer/BioNTech original + BA.4/5,6973629,6890392,4361345,798175,13864021
2023-08-05,Pfizer/BioNTech,6973629,6890392,4361346,798175,13864021
2023-08-07,Pfizer/BioNTech original + BA.4/5,6973629,6890392,4361346,798177,13864021
2023-08-08,"Pfizer/BioNTech Mini, Pfizer/BioNTech original + BA.4/5",6973629,6890393,4361347,798178,13864022
2023-08-09,"Pfizer/BioNTech, Pfizer/BioNTech original + BA.1, Pfizer/BioNTech original + BA.4/5",6973630,6890393,4361349,798185,13864023
2023-08-10,Pfizer/BioNTech original + BA.4/5,6973633,6890393,4361351,798187,13864026
2023-08-11,"Pfizer/BioNTech Kids, Pfizer/BioNTech original + BA.4/5",6973633,6890393,4361354,798190,13864026
2023-08-14,"Pfizer/BioNTech original + BA.1, Pfizer/BioNTech original + BA.4/5",6973633,6890393,4361356,798195,13864026
2023-08-15,"Johnson&Johnson, Pfizer/BioNTech original + BA.4/5",6973634,6890394,4361356,798197,13864028
2023-08-16,"Moderna bivalent BA.1, Pfizer/BioNTech original + BA.4/5",6973634,6890394,4361357,798203,13864028
2023-08-17,"Pfizer/BioNTech, Pfizer/BioNTech original + BA.4/5",6973634,6890395,4361359,798208,13864029
2023-08-18,"Pfizer/BioNTech, Pfizer/BioNTech Kids, Pfizer/BioNTech original + BA.4/5",6973634,6890396,4361361,798214,13864030
2023-08-21,"Moderna bivalent BA.1, Pfizer/BioNTech Kids, Pfizer/BioNTech original + BA.1, Pfizer/BioNTech original + BA.4/5",6973636,6890398,4361364,798219,13864034
2023-08-22,"Pfizer/BioNTech, Pfizer/BioNTech original + BA.4/5",6973637,6890399,4361364,798222,13864036
2023-08-23,"Johnson&Johnson, Pfizer/BioNTech original + BA.4/5",6973638,6890400,4361364,798223,13864038
2023-08-24,"Pfizer/BioNTech original + BA.1, Pfizer/BioNTech original + BA.4/5",6973638,6890400,4361390,798233,13864038
2023-08-25,"Moderna bivalent BA.4-5, Pfizer/BioNTech original + BA.1, Pfizer/BioNTech original + BA.4/5",6973638,6890400,4361392,798236,13864038
2023-08-28,"Pfizer/BioNTech, Pfizer/BioNTech Kids, Pfizer/BioNTech original + BA.4/5",6973639,6890401,4361394,798248,13864040
2023-08-29,"Pfizer/BioNTech, Pfizer/BioNTech original + BA.4/5",6973640,6890401,4361397,798255,13864041
2023-08-30,"Pfizer/BioNTech Kids, Pfizer/BioNTech Mini, Pfizer/BioNTech original + BA.4/5",6973642,6890403,4361403,798269,13864045
2023-08-31,"Moderna bivalent BA.4-5, Pfizer/BioNTech, Pfizer/BioNTech original + BA.1, Pfizer/BioNTech original + BA.4/5",6973644,6890403,4361409,798274,13864047
2023-09-01,"Moderna bivalent BA.4-5, Pfizer/BioNTech original + BA.4/5",6973646,6890403,4361410,798275,13864049
2023-09-04,"Pfizer/BioNTech, Pfizer/BioNTech original + BA.4/5",6973647,6890403,4361412,798283,13864050
2023-09-05,Pfizer/BioNTech original + BA.4/5,6973647,6890405,4361412,798289,13864052
2023-09-06,"Pfizer/BioNTech, Pfizer/BioNTech Mini, Pfizer/BioNTech original + BA.1, Pfizer/BioNTech original + BA.4/5",6973649,6890405,4361418,798304,13864054
2023-09-07,Pfizer/BioNTech original + BA.4/5,6973650,6890405,4361420,798313,13864055
2023-09-08,"Moderna bivalent BA.1, Pfizer/BioNTech original + BA.4/5",6973650,6890405,4361422,798329,13864055
2023-09-10,Pfizer/BioNTech,6973650,6890405,4361422,798329,13864055
2023-09-11,"Pfizer/BioNTech Mini, Pfizer/BioNTech original + BA.4/5",6973650,6890405,4361424,798340,13864055
2023-09-12,"Moderna bivalent BA.1, Pfizer/BioNTech, Pfizer/BioNTech original + BA.4/5",6973651,6890405,4361427,798346,13864056
2023-09-13,"Pfizer/BioNTech, Pfizer/BioNTech Mini, Pfizer/BioNTech original + BA.1, Pfizer/BioNTech original + BA.4/5",6973654,6890405,4361429,798370,13864059
2023-09-14,"Moderna bivalent BA.1, Pfizer/BioNTech, Pfizer/BioNTech XBB.1.5, Pfizer/BioNTech original + BA.1, Pfizer/BioNTech original + BA.4/5",6973656,6890406,4361437,798408,13864062
2023-09-15,"Moderna bivalent BA.4-5, Pfizer/BioNTech XBB.1.5, Pfizer/BioNTech original + BA.4/5",6973657,6890406,4361440,798433,13864063
2023-09-16,Pfizer/BioNTech original + BA.4/5,6973657,6890406,4361440,798433,13864063
2023-09-18,"Pfizer/BioNTech, Pfizer/BioNTech Kids, Pfizer/BioNTech XBB.1.5, Pfizer/BioNTech original + BA.4/5",6973658,6890407,4361447,798467,13864065
2023-09-19,"Pfizer/BioNTech, Pfizer/BioNTech XBB.1.5, Pfizer/BioNTech original + BA.1, Pfizer/BioNTech original + BA.4/5",6973661,6890407,4361453,798514,13864068
2023-09-20,"Moderna bivalent BA.1, Pfizer/BioNTech, Pfizer/BioNTech Kids, Pfizer/BioNTech Kids XBB.1.5, Pfizer/BioNTech Mini, Pfizer/BioNTech XBB.1.5, Pfizer/BioNTech original + BA.1, Pfizer/BioNTech original + BA.4/5",6973666,6890410,4361465,798663,13864076
2023-09-21,"Pfizer/BioNTech, Pfizer/BioNTech Kids XBB.1.5, Pfizer/BioNTech XBB.1.5, Pfizer/BioNTech original + BA.1, Pfizer/BioNTech original + BA.4/5",6973673,6890411,4361497,798901,13864084
2023-09-22,"Moderna, Moderna bivalent BA.4-5, Pfizer/BioNTech, Pfizer/BioNTech Kids, Pfizer/BioNTech Kids XBB.1.5, Pfizer/BioNTech XBB.1.5, Pfizer/BioNTech original + BA.1, Pfizer/BioNTech original + BA.4/5",6973686,6890414,4361515,799204,13864100
2023-09-23,Pfizer/BioNTech XBB.1.5,6973686,6890414,4361515,799214,13864100
2023-09-24,Pfizer/BioNTech XBB.1.5,6973686,6890414,4361515,799214,13864100
2023-09-25,"Johnson&Johnson, Moderna, Moderna bivalent BA.4-5, Pfizer/BioNTech, Pfizer/BioNTech Kids XBB.1.5, Pfizer/BioNTech XBB.1.5, Pfizer/BioNTech original + BA.1, Pfizer/BioNTech original + BA.4/5",6973692,6890415,4361533,799464,13864107
2023-09-26,"Moderna bivalent BA.1, Pfizer/BioNTech, Pfizer/BioNTech Kids XBB.1.5, Pfizer/BioNTech XBB.1.5, Pfizer/BioNTech original + BA.1, Pfizer/BioNTech original + BA.4/5",6973718,6890415,4361569,799953,13864133
2023-09-27,"Moderna, Moderna bivalent BA.1, Pfizer/BioNTech, Pfizer/BioNTech Kids, Pfizer/BioNTech Kids XBB.1.5, Pfizer/BioNTech Mini, Pfizer/BioNTech XBB.1.5, Pfizer/BioNTech original + BA.1, Pfizer/BioNTech original + BA.4/5",6973736,6890417,4361624,800452,13864153
2023-09-28,"Pfizer/BioNTech, Pfizer/BioNTech XBB.1.5",6973736,6890417,4361626,800471,13864153
2023-09-29,"Moderna, Moderna bivalent BA.4-5, Pfizer/BioNTech, Pfizer/BioNTech Kids, Pfizer/BioNTech Kids XBB.1.5, Pfizer/BioNTech XBB.1.5, Pfizer/BioNTech original + BA.1, Pfizer/BioNTech original + BA.4/5",6973749,6890418,4361658,800780,13864167
2023-09-30,"Pfizer/BioNTech, Pfizer/BioNTech XBB.1.5",6973749,6890418,4361660,800788,13864167
2023-10-01,"Pfizer/BioNTech, Pfizer/BioNTech XBB.1.5",6973749,6890418,4361661,800793,13864167
2023-10-02,"Moderna bivalent BA.1, Moderna bivalent BA.4-5, Pfizer/BioNTech, Pfizer/BioNTech Kids XBB.1.5, Pfizer/BioNTech XBB.1.5, Pfizer/BioNTech original + BA.1, Pfizer/BioNTech original + BA.4/5",6973760,6890418,4361698,801362,13864178
2023-10-03,"Moderna bivalent BA.1, Pfizer/BioNTech, Pfizer/BioNTech Kids XBB.1.5, Pfizer/BioNTech XBB.1.5, Pfizer/BioNTech original + BA.1, Pfizer/BioNTech original + BA.4/5",6973781,6890420,4361764,802233,13864201
2023-10-04,"Moderna, Moderna bivalent BA.1, Moderna bivalent BA.4-5, Pfizer/BioNTech, Pfizer/BioNTech Kids XBB.1.5, Pfizer/BioNTech Mini, Pfizer/BioNTech XBB.1.5, Pfizer/BioNTech original + BA.1, Pfizer/BioNTech original + BA.4/5",6973820,6890422,4361854,803271,13864242
2023-10-05,"Moderna, Moderna bivalent BA.1, Moderna bivalent BA.4-5, Pfizer/BioNTech, Pfizer/BioNTech Kids XBB.1.5, Pfizer/BioNTech XBB.1.5, Pfizer/BioNTech original + BA.1, Pfizer/BioNTech original + BA.4/5",6973866,6890423,4361981,804509,13864289
2023-10-06,"Moderna, Moderna bivalent BA.1, Moderna bivalent BA.4-5, Pfizer/BioNTech, Pfizer/BioNTech Kids XBB.1.5, Pfizer/BioNTech Mini, Pfizer/BioNTech XBB.1.5, Pfizer/BioNTech original + BA.1, Pfizer/BioNTech original + BA.4/5",6973888,6890425,4362051,805659,13864313
2023-10-07,Pfizer/BioNTech XBB.1.5,6973889,6890425,4362051,805664,13864314
2023-10-08,"Pfizer/BioNTech Kids XBB.1.5, Pfizer/BioNTech XBB.1.5",6973889,6890425,4362052,805670,13864314
2023-10-09,"Moderna, Moderna bivalent BA.1, Moderna bivalent BA.4-5, Pfizer/BioNTech, Pfizer/BioNTech Kids XBB.1.5, Pfizer/BioNTech XBB.1.5, Pfizer/BioNTech original + BA.1, Pfizer/BioNTech original + BA.4/5",6973918,6890425,4362133,806916,13864343
2023-10-10,"Moderna bivalent BA.1, Moderna bivalent BA.4-5, Pfizer/BioNTech, Pfizer/BioNTech Kids, Pfizer/BioNTech Kids XBB.1.5, Pfizer/BioNTech Mini, Pfizer/BioNTech XBB.1.5, Pfizer/BioNTech original + BA.1, Pfizer/BioNTech original + BA.4/5",6973955,6890427,4362254,808582,13864382
2023-10-11,"Moderna, Moderna bivalent BA.1, Moderna bivalent BA.4-5, Pfizer/BioNTech, Pfizer/BioNTech Kids XBB.1.5, Pfizer/BioNTech Mini, Pfizer/BioNTech XBB.1.5, Pfizer/BioNTech original + BA.1, Pfizer/BioNTech original + BA.4/5",6973997,6890428,4362394,810434,13864425
2023-10-12,"Moderna, Moderna bivalent BA.1, Moderna bivalent BA.4-5, Pfizer/BioNTech, Pfizer/BioNTech Kids XBB.1.5, Pfizer/BioNTech XBB.1.5, Pfizer/BioNTech original + BA.1, Pfizer/BioNTech original + BA.4/5",6974035,6890430,4362506,812265,13864465
2023-10-13,"Moderna, Moderna bivalent BA.4-5, Pfizer/BioNTech, Pfizer/BioNTech Kids XBB.1.5, Pfizer/BioNTech XBB.1.5, Pfizer/BioNTech original + BA.1, Pfizer/BioNTech original + BA.4/5",6974065,6890432,4362612,813786,13864497
2023-10-14,"Pfizer/BioNTech, Pfizer/BioNTech XBB.1.5",6974065,6890432,4362613,813810,13864497
2023-10-15,"Pfizer/BioNTech, Pfizer/BioNTech XBB.1.5",6974065,6890432,4362613,813822,13864497
2023-10-16,"Moderna, Moderna bivalent BA.4-5, Pfizer/BioNTech, Pfizer/BioNTech Kids XBB.1.5, Pfizer/BioNTech Mini, Pfizer/BioNTech XBB.1.5, Pfizer/BioNTech original + BA.1, Pfizer/BioNTech original + BA.4/5",6974104,6890432,4362717,815358,13864536
2023-10-17,"Moderna, Moderna bivalent BA.4-5, Pfizer/BioNTech, Pfizer/BioNTech Kids XBB.1.5, Pfizer/BioNTech XBB.1.5, Pfizer/BioNTech original + BA.1, Pfizer/BioNTech original + BA.4/5",6974140,6890435,4362841,817311,13864575
2023-10-18,"Moderna, Moderna bivalent BA.1, Moderna bivalent BA.4-5, Pfizer/BioNTech, Pfizer/BioNTech Kids XBB.1.5, Pfizer/BioNTech Mini, Pfizer/BioNTech XBB.1.5, Pfizer/BioNTech original + BA.1, Pfizer/BioNTech original + BA.4/5",6974205,6890438,4363018,819573,13864643
2023-10-19,"Moderna, Moderna bivalent BA.1, Pfizer/BioNTech, Pfizer/BioNTech Kids XBB.1.5, Pfizer/BioNTech XBB.1.5, Pfizer/BioNTech original + BA.1, Pfizer/BioNTech original + BA.4/5",6974262,6890444,4363162,821743,13864706
2023-10-20,"Moderna, Moderna bivalent BA.4-5, Pfizer/BioNTech, Pfizer/BioNTech Kids XBB.1.5, Pfizer/BioNTech XBB.1.5, Pfizer/BioNTech original + BA.1, Pfizer/BioNTech original + BA.4/5",6974301,6890447,4363292,823656,13864748
2023-10-21,"Pfizer/BioNTech Kids XBB.1.5, Pfizer/BioNTech XBB.1.5",6974301,6890447,4363293,823693,13864748
2023-10-22,"Pfizer/BioNTech Kids XBB.1.5, Pfizer/BioNTech XBB.1.5",6974301,6890447,4363293,823701,13864748
2023-10-23,"Moderna, Moderna bivalent BA.1, Moderna bivalent BA.4-5, Pfizer/BioNTech, Pfizer/BioNTech Kids, Pfizer/BioNTech Kids XBB.1.5, Pfizer/BioNTech XBB.1.5, Pfizer/BioNTech original + BA.1, Pfizer/BioNTech original + BA.4/5",6974331,6890449,4363412,825440,13864780
2023-10-24,"Moderna, Moderna bivalent BA.4-5, Pfizer/BioNTech, Pfizer/BioNTech Kids XBB.1.5, Pfizer/BioNTech XBB.1.5, Pfizer/BioNTech original + BA.1, Pfizer/BioNTech original + BA.4/5",6974393,6890457,4363557,827604,13864850
2023-10-25,"Moderna bivalent BA.1, Pfizer/BioNTech, Pfizer/BioNTech Kids XBB.1.5, Pfizer/BioNTech XBB.1.5, Pfizer/BioNTech original + BA.1, Pfizer/BioNTech original + BA.4/5",6974442,6890459,4363721,829990,13864901
2023-10-26,"Johnson&Johnson, Moderna bivalent BA.1, Pfizer/BioNTech, Pfizer/BioNTech Kids, Pfizer/BioNTech Kids XBB.1.5, Pfizer/BioNTech XBB.1.5, Pfizer/BioNTech original + BA.1, Pfizer/BioNTech original + BA.4/5",6974506,6890465,4363878,832267,13864971
2023-10-27,"Pfizer/BioNTech, Pfizer/BioNTech Kids, Pfizer/BioNTech Kids XBB.1.5, Pfizer/BioNTech XBB.1.5, Pfizer/BioNTech original + BA.1, Pfizer/BioNTech original + BA.4/5",6974541,6890467,4363997,833913,13865008
2023-10-28,"Pfizer/BioNTech, Pfizer/BioNTech XBB.1.5, Pfizer/BioNTech original + BA.4/5",6974544,6890467,4364002,833948,13865011
2023-10-29,"Pfizer/BioNTech, Pfizer/BioNTech XBB.1.5",6974544,6890467,4364002,833957,13865011
2023-10-30,"Moderna bivalent BA.1, Moderna bivalent BA.4-5, Pfizer/BioNTech, Pfizer/BioNTech Kids, Pfizer/BioNTech Kids XBB.1.5, Pfizer/BioNTech XBB.1.5, Pfizer/BioNTech original + BA.1, Pfizer/BioNTech original + BA.4/5",6974597,6890469,4364102,835340,13865066
2023-10-31,"Moderna, Moderna bivalent BA.4-5, Pfizer/BioNTech, Pfizer/BioNTech Kids, Pfizer/BioNTech Kids XBB.1.5, Pfizer/BioNTech XBB.1.5, Pfizer/BioNTech original + BA.1, Pfizer/BioNTech original + BA.4/5",6974632,6890474,4364243,837325,13865106
2023-11-01,"Moderna, Pfizer/BioNTech, Pfizer/BioNTech Kids XBB.1.5, Pfizer/BioNTech Mini, Pfizer/BioNTech XBB.1.5, Pfizer/BioNTech original + BA.1, Pfizer/BioNTech original + BA.4/5",6974680,6890482,4364404,839494,13865162
2023-11-02,"Moderna, Pfizer/BioNTech, Pfizer/BioNTech Kids XBB.1.5, Pfizer/BioNTech XBB.1.5, Pfizer/BioNTech original + BA.1, Pfizer/BioNTech original + BA.4/5",6974715,6890485,4364545,841849,13865200
2023-11-03,"Moderna, Moderna bivalent BA.1, Pfizer/BioNTech, Pfizer/BioNTech Kids XBB.1.5, Pfizer/BioNTech XBB.1.5, Pfizer/BioNTech original + BA.1, Pfizer/BioNTech original + BA.4/5",6974758,6890487,4364667,843780,13865245
2023-11-04,"Pfizer/BioNTech, Pfizer/BioNTech Kids XBB.1.5, Pfizer/BioNTech XBB.1.5",6974758,6890487,4364672,843851,13865245
2023-11-05,Pfizer/BioNTech XBB.1.5,6974759,6890487,4364673,843853,13865246
2023-11-06,"Moderna bivalent BA.1, Moderna bivalent BA.4-5, Pfizer/BioNTech, Pfizer/BioNTech Kids XBB.1.5, Pfizer/BioNTech XBB.1.5, Pfizer/BioNTech original + BA.1, Pfizer/BioNTech original + BA.4/5",6974797,6890491,4364770,845315,13865288
2023-11-07,"Moderna, Moderna bivalent BA.1, Moderna bivalent BA.4-5, Pfizer/BioNTech, Pfizer/BioNTech Kids XBB.1.5, Pfizer/BioNTech XBB.1.5, Pfizer/BioNTech original + BA.1, Pfizer/BioNTech original + BA.4/5",6974829,6890498,4364898,847261,13865327
2023-11-08,"Moderna, Moderna bivalent BA.4-5, Pfizer/BioNTech, Pfizer/BioNTech Kids XBB.1.5, Pfizer/BioNTech Mini, Pfizer/BioNTech XBB.1.5, Pfizer/BioNTech original + BA.1, Pfizer/BioNTech original + BA.4/5",6974869,6890500,4365018,848992,13865369
2023-11-09,"Moderna, Moderna bivalent BA.1, Moderna bivalent BA.4-5, Pfizer/BioNTech, Pfizer/BioNTech Kids XBB.1.5, Pfizer/BioNTech Mini, Pfizer/BioNTech XBB.1.5, Pfizer/BioNTech original + BA.1, Pfizer/BioNTech original + BA.4/5",6974903,6890504,4365121,850616,13865407
2023-11-10,"Moderna bivalent BA.1, Moderna bivalent BA.4-5, Pfizer/BioNTech, Pfizer/BioNTech Kids XBB.1.5, Pfizer/BioNTech XBB.1.5, Pfizer/BioNTech original + BA.1, Pfizer/BioNTech original + BA.4/5",6974931,6890509,4365221,852043,13865440
2023-11-11,"Pfizer/BioNTech, Pfizer/BioNTech XBB.1.5",6974931,6890509,4365225,852087,13865440
2023-11-12,Pfizer/BioNTech XBB.1.5,6974931,6890509,4365225,852095,13865440
2023-11-13,"Moderna, Moderna bivalent BA.4-5, Pfizer/BioNTech, Pfizer/BioNTech Kids, Pfizer/BioNTech Kids XBB.1.5, Pfizer/BioNTech XBB.1.5, Pfizer/BioNTech original + BA.1, Pfizer/BioNTech original + BA.4/5",6974957,6890511,4365309,853186,13865468
2023-11-14,"Moderna, Moderna bivalent BA.4-5, Pfizer/BioNTech, Pfizer/BioNTech Kids XBB.1.5, Pfizer/BioNTech XBB.1.5, Pfizer/BioNTech original + BA.1, Pfizer/BioNTech original + BA.4/5",6974974,6890511,4365389,854512,13865485
2023-11-15,"Moderna, Moderna bivalent BA.4-5, Pfizer/BioNTech, Pfizer/BioNTech Kids XBB.1.5, Pfizer/BioNTech Mini, Pfizer/BioNTech XBB.1.5, Pfizer/BioNTech original + BA.1, Pfizer/BioNTech original + BA.4/5",6975013,6890517,4365480,856056,13865530
2023-11-16,"Moderna bivalent BA.4-5, Pfizer/BioNTech, Pfizer/BioNTech Kids XBB.1.5, Pfizer/BioNTech XBB.1.5, Pfizer/BioNTech original + BA.1, Pfizer/BioNTech original + BA.4/5",6975048,6890519,4365568,857301,13865567
2023-11-17,Pfizer/BioNTech XBB.1.5,6975048,6890519,4365568,857307,13865567
2023-11-18,Pfizer/BioNTech XBB.1.5,6975048,6890519,4365568,857307,13865567
2023-11-19,Pfizer/BioNTech XBB.1.5,6975048,6890519,4365569,857307,13865567
2023-11-20,"Moderna bivalent BA.1, Pfizer/BioNTech, Pfizer/BioNTech Kids XBB.1.5, Pfizer/BioNTech XBB.1.5, Pfizer/BioNTech original + BA.1, Pfizer/BioNTech original + BA.4/5",6975066,6890519,4365626,858045,13865585
2023-11-21,"Moderna, Pfizer/BioNTech, Pfizer/BioNTech Kids XBB.1.5, Pfizer/BioNTech XBB.1.5, Pfizer/BioNTech original + BA.1, Pfizer/BioNTech original + BA.4/5",6975086,6890522,4365686,859151,13865608
2023-11-22,"Moderna bivalent BA.1, Pfizer/BioNTech, Pfizer/BioNTech Kids XBB.1.5, Pfizer/BioNTech Mini, Pfizer/BioNTech XBB.1.5, Pfizer/BioNTech original + BA.1, Pfizer/BioNTech original + BA.4/5",6975117,6890523,4365786,860476,13865640
2023-11-23,"Moderna, Moderna bivalent BA.1, Pfizer/BioNTech, Pfizer/BioNTech Kids XBB.1.5, Pfizer/BioNTech XBB.1.5, Pfizer/BioNTech original + BA.1, Pfizer/BioNTech original + BA.4/5",6975153,6890524,4365874,861829,13865677
2023-11-24,"Moderna, Pfizer/BioNTech, Pfizer/BioNTech Kids, Pfizer/BioNTech Kids XBB.1.5, Pfizer/BioNTech Mini, Pfizer/BioNTech XBB.1.5, Pfizer/BioNTech original + BA.1, Pfizer/BioNTech original + BA.4/5",6975171,6890525,4365976,863076,13865696
2023-11-25,Pfizer/BioNTech XBB.1.5,6975172,6890525,4365977,863090,13865697
2023-11-26,"Pfizer/BioNTech, Pfizer/BioNTech XBB.1.5",6975172,6890525,4365977,863100,13865697
2023-11-27,"Moderna bivalent BA.4-5, Pfizer/BioNTech, Pfizer/BioNTech Kids XBB.1.5, Pfizer/BioNTech XBB.1.5, Pfizer/BioNTech original + BA.1, Pfizer/BioNTech original + BA.4/5",6975203,6890526,4366038,864000,13865729
2023-11-28,"Moderna, Moderna bivalent BA.4-5, Pfizer/BioNTech, Pfizer/BioNTech Kids XBB.1.5, Pfizer/BioNTech XBB.1.5, Pfizer/BioNTech original + BA.1, Pfizer/BioNTech original + BA.4/5",6975233,6890528,4366156,865184,13865761
2023-11-29,"Moderna bivalent BA.1, Pfizer/BioNTech, Pfizer/BioNTech Kids XBB.1.5, Pfizer/BioNTech Mini XBB.1.5, Pfizer/BioNTech XBB.1.5, Pfizer/BioNTech original + BA.1, Pfizer/BioNTech original + BA.4/5",6975277,6890531,4366253,866425,13865808
2023-11-30,"Moderna bivalent BA.1, Moderna bivalent BA.4-5, Pfizer/BioNTech, Pfizer/BioNTech Kids XBB.1.5, Pfizer/BioNTech XBB.1.5, Pfizer/BioNTech original + BA.1, Pfizer/BioNTech original + BA.4/5",6975307,6890534,4366325,867460,13865841
2023-12-01,"Indie, Moderna, Pfizer/BioNTech, Pfizer/BioNTech Kids XBB.1.5, Pfizer/BioNTech XBB.1.5, Pfizer/BioNTech original + BA.1, Pfizer/BioNTech original + BA.4/5",6975317,6890536,4366392,868264,13865853
2023-12-02,Pfizer/BioNTech XBB.1.5,6975318,6890536,4366395,868271,13865854
2023-12-03,"Pfizer/BioNTech XBB.1.5, Pfizer/BioNTech original + BA.1",6975318,6890536,4366395,868272,13865854
2023-12-04,"Pfizer/BioNTech, Pfizer/BioNTech Kids, Pfizer/BioNTech Kids XBB.1.5, Pfizer/BioNTech XBB.1.5, Pfizer/BioNTech original + BA.1, Pfizer/BioNTech original + BA.4/5",6975330,6890537,4366427,868764,13865867
2023-12-05,"Indie, Pfizer/BioNTech, Pfizer/BioNTech Kids XBB.1.5, Pfizer/BioNTech Mini XBB.1.5, Pfizer/BioNTech XBB.1.5, Pfizer/BioNTech original + BA.1, Pfizer/BioNTech original + BA.4/5",6975350,6890538,4366468,869483,13865888
2023-12-06,"Indie, Pfizer/BioNTech, Pfizer/BioNTech Kids XBB.1.5, Pfizer/BioNTech Mini, Pfizer/BioNTech XBB.1.5, Pfizer/BioNTech original + BA.1, Pfizer/BioNTech original + BA.4/5",6975376,6890540,4366515,870305,13865916
2023-12-07,"Indie, Moderna bivalent BA.1, Pfizer/BioNTech, Pfizer/BioNTech Kids XBB.1.5, Pfizer/BioNTech Mini XBB.1.5, Pfizer/BioNTech XBB.1.5, Pfizer/BioNTech original + BA.1, Pfizer/BioNTech original + BA.4/5",6975392,6890545,4366556,871004,13865937
2023-12-08,"Indie, Moderna bivalent BA.1, Pfizer/BioNTech, Pfizer/BioNTech Kids XBB.1.5, Pfizer/BioNTech XBB.1.5, Pfizer/BioNTech original + BA.1, Pfizer/BioNTech original + BA.4/5",6975403,6890545,4366597,871567,13865948
2023-12-09,"Pfizer/BioNTech, Pfizer/BioNTech XBB.1.5",6975403,6890545,4366597,871573,13865948
2023-12-10,Pfizer/BioNTech XBB.1.5,6975403,6890545,4366599,871576,13865948
2023-12-11,"Moderna, Pfizer/BioNTech, Pfizer/BioNTech Kids, Pfizer/BioNTech Kids XBB.1.5, Pfizer/BioNTech XBB.1.5, Pfizer/BioNTech original + BA.1, Pfizer/BioNTech original + BA.4/5",6975418,6890547,4366634,871939,13865965
2023-12-12,"Indie, Pfizer/BioNTech, Pfizer/BioNTech Kids XBB.1.5, Pfizer/BioNTech XBB.1.5, Pfizer/BioNTech original + BA.1, Pfizer/BioNTech original + BA.4/5",6975433,6890548,4366679,872482,13865981
2023-12-13,"Indie, Moderna, Pfizer/BioNTech, Pfizer/BioNTech Kids XBB.1.5, Pfizer/BioNTech XBB.1.5, Pfizer/BioNTech original + BA.1, Pfizer/BioNTech original + BA.4/5",6975454,6890548,4366720,873134,13866002
2023-12-14,"Moderna bivalent BA.4-5, Pfizer/BioNTech, Pfizer/BioNTech Kids XBB.1.5, Pfizer/BioNTech XBB.1.5, Pfizer/BioNTech original + BA.1, Pfizer/BioNTech original + BA.4/5",6975470,6890549,4366766,873868,13866019
2023-12-15,"Moderna, Pfizer/BioNTech, Pfizer/BioNTech Kids XBB.1.5, Pfizer/BioNTech Mini XBB.1.5, Pfizer/BioNTech XBB.1.5, Pfizer/BioNTech original + BA.1, Pfizer/BioNTech original + BA.4/5",6975483,6890549,4366818,874554,13866032
2023-12-16,Pfizer/BioNTech XBB.1.5,6975483,6890549,4366818,874561,13866032
2023-12-17,Pfizer/BioNTech XBB.1.5,6975483,6890549,4366818,874567,13866032
2023-12-18,"Indie, Moderna bivalent BA.4-5, Pfizer/BioNTech, Pfizer/BioNTech Kids, Pfizer/BioNTech Kids XBB.1.5, Pfizer/BioNTech XBB.1.5, Pfizer/BioNTech original + BA.1, Pfizer/BioNTech original + BA.4/5",6975498,6890553,4366856,875157,13866051
2023-12-19,"Moderna, Moderna bivalent BA.4-5, Pfizer/BioNTech, Pfizer/BioNTech Kids XBB.1.5, Pfizer/BioNTech XBB.1.5, Pfizer/BioNTech original + BA.1, Pfizer/BioNTech original + BA.4/5",6975526,6890554,4366898,875754,13866080
2023-12-20,"Indie, Pfizer/BioNTech, Pfizer/BioNTech Kids XBB.1.5, Pfizer/BioNTech Mini, Pfizer/BioNTech Mini XBB.1.5, Pfizer/BioNTech XBB.1.5, Pfizer/BioNTech original + BA.1, Pfizer/BioNTech original + BA.4/5",6975547,6890555,4366945,876383,13866102
2023-12-21,"Indie, Pfizer/BioNTech, Pfizer/BioNTech Kids XBB.1.5, Pfizer/BioNTech XBB.1.5, Pfizer/BioNTech original + BA.1, Pfizer/BioNTech original + BA.4/5",6975566,6890556,4366972,876798,13866122
2023-12-22,"Indie, Pfizer/BioNTech, Pfizer/BioNTech Kids, Pfizer/BioNTech Kids XBB.1.5, Pfizer/BioNTech Mini XBB.1.5, Pfizer/BioNTech XBB.1.5, Pfizer/BioNTech original + BA.1, Pfizer/BioNTech original + BA.4/5",6975571,6890556,4366994,876966,13866127
2023-12-26,Pfizer/BioNTech XBB.1.5,6975571,6890556,4366994,876966,13866127
2023-12-27,"Pfizer/BioNTech, Pfizer/BioNTech Kids XBB.1.5, Pfizer/BioNTech XBB.1.5, Pfizer/BioNTech original + BA.4/5",6975572,6890556,4367000,877015,13866128
2023-12-28,"Indie, Pfizer/BioNTech, Pfizer/BioNTech Kids XBB.1.5, Pfizer/BioNTech XBB.1.5, Pfizer/BioNTech original + BA.1",6975573,6890557,4367002,877086,13866130
2023-12-29,"Pfizer/BioNTech, Pfizer/BioNTech Kids, Pfizer/BioNTech XBB.1.5, Pfizer/BioNTech original + BA.4/5",6975577,6890557,4367009,877114,13866134
