date,vaccine,people_vaccinated,people_fully_vaccinated,people_boosted_1,people_boosted_2,total_vaccinations
2020-12-27,Pfizer/BioNTech,1289,0,0,0,1289
2020-12-28,Pfizer/BioNTech,3588,0,0,0,3588
2020-12-29,Pfizer/BioNTech,7052,1,0,0,7053
2020-12-30,Pfizer/BioNTech,10566,1,0,0,10567
2020-12-31,Pfizer/BioNTech,11878,1,0,0,11879
2021-01-01,"Moderna, Pfizer/BioNTech",12150,1,0,0,12151
2021-01-02,"Moderna, Pfizer/BioNTech",13441,1,0,0,13442
2021-01-03,"Moderna, Pfizer/BioNTech",14369,1,0,0,14370
2021-01-04,"Moderna, Pfizer/BioNTech",17976,1,0,0,17977
2021-01-05,"Moderna, Pfizer/BioNTech",22492,2,0,0,22494
2021-01-06,"Moderna, Pfizer/BioNTech",28331,3,0,0,28334
2021-01-07,"Moderna, Pfizer/BioNTech",36323,5,0,0,36328
2021-01-08,"Moderna, Pfizer/BioNTech",46362,6,0,0,46368
2021-01-09,"Moderna, Pfizer/BioNTech",48391,8,0,0,48399
2021-01-10,"Indie/AstraZeneca, Pfizer/BioNTech",50165,10,0,0,50175
2021-01-11,"Moderna, Pfizer/BioNTech",60019,12,0,0,60031
2021-01-12,"Moderna, Pfizer/BioNTech",73466,15,0,0,73481
2021-01-13,"Indie/Bahrat Biotech, Moderna, Pfizer/BioNTech, Čína",86998,16,0,0,87014
2021-01-14,"Moderna, Pfizer/BioNTech",102236,20,0,0,102256
2021-01-15,"Moderna, Pfizer/BioNTech, Čína",116246,23,0,0,116269
2021-01-16,"Moderna, Pfizer/BioNTech",119647,28,0,0,119675
2021-01-17,"Moderna, Pfizer/BioNTech",122268,663,0,0,122931
2021-01-18,"Moderna, Pfizer/BioNTech",134748,2483,0,0,137231
2021-01-19,"Moderna, Pfizer/BioNTech",147344,5211,0,0,152555
2021-01-20,"Moderna, Pfizer/BioNTech",161036,7870,0,0,168906
2021-01-21,"Moderna, Pfizer/BioNTech",176683,9616,0,0,186299
2021-01-22,"Moderna, Pfizer/BioNTech",191552,10660,0,0,202212
2021-01-23,"Moderna, Pfizer/BioNTech",194869,11539,0,0,206408
2021-01-24,"Moderna, Pfizer/BioNTech",197125,12412,0,0,209537
2021-01-25,"Moderna, Pfizer/BioNTech, Čína",206782,15376,0,0,222158
2021-01-26,"Moderna, Pfizer/BioNTech",217327,19361,0,0,236688
2021-01-27,"Indie/Bahrat Biotech, Moderna, Pfizer/BioNTech, Čína",226352,23890,1,0,250242
2021-01-28,"Moderna, Pfizer/BioNTech",233454,30013,2,1,263467
2021-01-29,"Indie/AstraZeneca, Moderna, Pfizer/BioNTech, Čína",239670,37911,2,1,277581
2021-01-30,"Moderna, Pfizer/BioNTech",240414,39000,2,1,279414
2021-01-31,"Moderna, Pfizer/BioNTech",241133,40182,2,1,281315
2021-02-01,"Moderna, Pfizer/BioNTech",245115,48150,2,1,293265
2021-02-02,"Moderna, Pfizer/BioNTech",249272,58383,4,1,307655
2021-02-03,"Moderna, Pfizer/BioNTech",253701,69392,4,1,323093
2021-02-04,"Moderna, Pfizer/BioNTech",258603,82369,4,1,340972
2021-02-05,"Moderna, Pfizer/BioNTech",264067,93030,4,1,357097
2021-02-06,"Moderna, Oxford/AstraZeneca, Pfizer/BioNTech, Čína",264925,95395,4,1,360320
2021-02-07,"Moderna, Oxford/AstraZeneca, Pfizer/BioNTech",265779,97894,4,1,363673
2021-02-08,"Moderna, Oxford/AstraZeneca, Pfizer/BioNTech",269870,109307,5,1,379177
2021-02-09,"Moderna, Oxford/AstraZeneca, Pfizer/BioNTech",274991,121194,6,1,396185
2021-02-10,"Moderna, Oxford/AstraZeneca, Pfizer/BioNTech",280512,134444,8,1,414956
2021-02-11,"Indie/AstraZeneca, Moderna, Oxford/AstraZeneca, Pfizer/BioNTech",286892,150639,8,1,437531
2021-02-12,"Indie/AstraZeneca, Moderna, Oxford/AstraZeneca, Pfizer/BioNTech",293729,165368,9,2,459097
2021-02-13,"Moderna, Oxford/AstraZeneca, Pfizer/BioNTech",295347,168358,9,2,463705
2021-02-14,"Moderna, Oxford/AstraZeneca, Pfizer/BioNTech",296352,169743,9,2,466095
2021-02-15,"Moderna, Oxford/AstraZeneca, Pfizer/BioNTech",302749,179112,9,2,481861
2021-02-16,"Moderna, Oxford/AstraZeneca, Pfizer/BioNTech",311463,188187,9,2,499650
2021-02-17,"Moderna, Oxford/AstraZeneca, Pfizer/BioNTech",321166,196493,9,2,517659
2021-02-18,"Indie/AstraZeneca, Moderna, Oxford/AstraZeneca, Pfizer/BioNTech",333490,204570,9,2,538060
2021-02-19,"Moderna, Oxford/AstraZeneca, Pfizer/BioNTech",345349,211946,10,2,557295
2021-02-20,"Moderna, Oxford/AstraZeneca, Pfizer/BioNTech, Čína",347359,213132,10,2,560491
2021-02-21,"Moderna, Oxford/AstraZeneca, Pfizer/BioNTech",348497,214158,10,2,562655
2021-02-22,"Moderna, Oxford/AstraZeneca, Pfizer/BioNTech",358620,220198,10,3,578818
2021-02-23,"Moderna, Oxford/AstraZeneca, Pfizer/BioNTech",371584,227184,10,4,598768
2021-02-24,"Moderna, Oxford/AstraZeneca, Pfizer/BioNTech",385459,233223,10,4,618682
2021-02-25,"Moderna, Oxford/AstraZeneca, Pfizer/BioNTech",403438,238772,10,4,642210
2021-02-26,"Moderna, Oxford/AstraZeneca, Pfizer/BioNTech",419609,244130,12,4,663739
2021-02-27,"Moderna, Oxford/AstraZeneca, Pfizer/BioNTech",422620,244690,12,4,667310
2021-02-28,"Moderna, Oxford/AstraZeneca, Pfizer/BioNTech",424978,245240,12,4,670218
2021-03-01,"Moderna, Oxford/AstraZeneca, Pfizer/BioNTech",444572,248684,14,4,693256
2021-03-02,"Indie/AstraZeneca, Moderna, Oxford/AstraZeneca, Pfizer/BioNTech",471791,252239,14,4,724030
2021-03-03,"Moderna, Oxford/AstraZeneca, Pfizer/BioNTech",502743,256748,14,4,759491
2021-03-04,"Moderna, Oxford/AstraZeneca, Pfizer/BioNTech",536014,261432,14,4,797446
2021-03-05,"Johnson&Johnson, Moderna, Oxford/AstraZeneca, Pfizer/BioNTech",564859,266848,17,4,831707
2021-03-06,"Johnson&Johnson, Moderna, Oxford/AstraZeneca, Pfizer/BioNTech",577023,267713,17,4,844736
2021-03-07,"Johnson&Johnson, Moderna, Oxford/AstraZeneca, Pfizer/BioNTech, Čína",588566,268558,17,4,857124
2021-03-08,"Johnson&Johnson, Moderna, Oxford/AstraZeneca, Pfizer/BioNTech",618300,273417,17,4,891717
2021-03-09,"Johnson&Johnson, Moderna, Oxford/AstraZeneca, Pfizer/BioNTech",654656,279801,18,4,934457
2021-03-10,"Johnson&Johnson, Moderna, Oxford/AstraZeneca, Pfizer/BioNTech",695972,286761,18,4,982733
2021-03-11,"Indie/AstraZeneca, Johnson&Johnson, Moderna, Oxford/AstraZeneca, Pfizer/BioNTech",740807,295132,19,4,1035939
2021-03-12,"Johnson&Johnson, Moderna, Oxford/AstraZeneca, Pfizer/BioNTech, Čína",779554,303630,20,4,1083184
2021-03-13,"Johnson&Johnson, Moderna, Oxford/AstraZeneca, Pfizer/BioNTech",796650,304944,20,4,1101594
2021-03-14,"Johnson&Johnson, Moderna, Oxford/AstraZeneca, Pfizer/BioNTech",808768,306100,20,5,1114868
2021-03-15,"Johnson&Johnson, Moderna, Oxford/AstraZeneca, Pfizer/BioNTech",837157,314870,20,5,1152027
2021-03-16,"Johnson&Johnson, Moderna, Oxford/AstraZeneca, Pfizer/BioNTech",876038,325405,20,6,1201443
2021-03-17,"Moderna, Oxford/AstraZeneca, Pfizer/BioNTech",913499,335916,20,6,1249415
2021-03-18,"Indie/AstraZeneca, Indie/Bahrat Biotech, Johnson&Johnson, Moderna, Oxford/AstraZeneca, Pfizer/BioNTech",951495,348338,20,6,1299833
2021-03-19,"Johnson&Johnson, Moderna, Oxford/AstraZeneca, Pfizer/BioNTech",985989,361947,20,7,1347936
2021-03-20,"Indie/AstraZeneca, Johnson&Johnson, Moderna, Oxford/AstraZeneca, Pfizer/BioNTech",1001166,363976,20,7,1365142
2021-03-21,"Indie, Johnson&Johnson, Moderna, Oxford/AstraZeneca, Pfizer/BioNTech, Sputnik, Čína",1008619,365538,20,7,1374157
2021-03-22,"Indie/AstraZeneca, Johnson&Johnson, Moderna, Oxford/AstraZeneca, Pfizer/BioNTech",1033191,378033,20,7,1411224
2021-03-23,"Johnson&Johnson, Moderna, Oxford/AstraZeneca, Pfizer/BioNTech",1059838,391397,21,7,1451235
2021-03-24,"Indie/AstraZeneca, Johnson&Johnson, Moderna, Oxford/AstraZeneca, Pfizer/BioNTech, Čína",1086730,407143,21,7,1493873
2021-03-25,"Indie/AstraZeneca, Johnson&Johnson, Moderna, Oxford/AstraZeneca, Pfizer/BioNTech",1113078,424991,21,7,1538069
2021-03-26,"Indie/AstraZeneca, Johnson&Johnson, Moderna, Oxford/AstraZeneca, Pfizer/BioNTech",1137895,442498,24,7,1580393
2021-03-27,"Johnson&Johnson, Moderna, Oxford/AstraZeneca, Pfizer/BioNTech, Čína",1146355,447344,24,7,1593699
2021-03-28,"Moderna, Oxford/AstraZeneca, Pfizer/BioNTech, Čína",1151901,451493,24,7,1603394
2021-03-29,"Johnson&Johnson, Moderna, Oxford/AstraZeneca, Pfizer/BioNTech",1171047,472222,27,7,1643269
2021-03-30,"Johnson&Johnson, Moderna, Oxford/AstraZeneca, Pfizer/BioNTech",1195764,494396,27,7,1690160
2021-03-31,"Indie/AstraZeneca, Johnson&Johnson, Moderna, Oxford/AstraZeneca, Pfizer/BioNTech, Čína",1218927,521444,28,7,1740371
2021-04-01,"Indie/AstraZeneca, Johnson&Johnson, Moderna, Oxford/AstraZeneca, Pfizer/BioNTech",1244627,553479,28,7,1798106
2021-04-02,"Indie/AstraZeneca, Johnson&Johnson, Moderna, Oxford/AstraZeneca, Pfizer/BioNTech",1251622,566278,28,7,1817900
2021-04-03,"Johnson&Johnson, Moderna, Oxford/AstraZeneca, Pfizer/BioNTech",1255282,577207,28,7,1832489
2021-04-04,"Johnson&Johnson, Moderna, Oxford/AstraZeneca, Pfizer/BioNTech",1257828,586128,29,7,1843956
2021-04-05,"Indie/AstraZeneca, Johnson&Johnson, Moderna, Oxford/AstraZeneca, Pfizer/BioNTech",1260269,593331,31,7,1853600
2021-04-06,"Indie/AstraZeneca, Johnson&Johnson, Moderna, Oxford/AstraZeneca, Pfizer/BioNTech, Čína",1276479,622607,31,7,1899086
2021-04-07,"Johnson&Johnson, Moderna, Oxford/AstraZeneca, Pfizer/BioNTech, Čína",1299980,644833,33,7,1944813
2021-04-08,"Indie/AstraZeneca, Johnson&Johnson, Moderna, Oxford/AstraZeneca, Pfizer/BioNTech",1338786,675854,35,7,2014640
2021-04-09,"Indie/AstraZeneca, Johnson&Johnson, Moderna, Oxford/AstraZeneca, Pfizer/BioNTech, Čína",1378380,706043,39,8,2084423
2021-04-10,"Johnson&Johnson, Moderna, Oxford/AstraZeneca, Pfizer/BioNTech",1393947,721347,39,8,2115294
2021-04-11,"Indie/AstraZeneca, Johnson&Johnson, Moderna, Oxford/AstraZeneca, Pfizer/BioNTech",1403738,731401,39,8,2135139
2021-04-12,"Johnson&Johnson, Moderna, Oxford/AstraZeneca, Pfizer/BioNTech, Čína",1442053,756530,39,8,2198583
2021-04-13,"Indie/AstraZeneca, Moderna, Oxford/AstraZeneca, Pfizer/BioNTech",1478350,782556,42,8,2260906
2021-04-14,"Moderna, Oxford/AstraZeneca, Pfizer/BioNTech",1517233,809904,43,8,2327137
2021-04-15,"Moderna, Oxford/AstraZeneca, Pfizer/BioNTech",1565038,835664,45,8,2400702
2021-04-16,"Moderna, Oxford/AstraZeneca, Pfizer/BioNTech",1609731,861322,50,9,2471053
2021-04-17,"Indie, Indie/AstraZeneca, Moderna, Oxford/AstraZeneca, Pfizer/BioNTech",1626455,870350,51,9,2496805
2021-04-18,"Moderna, Oxford/AstraZeneca, Pfizer/BioNTech, Čína",1639458,875330,51,9,2514788
2021-04-19,"Johnson&Johnson, Moderna, Oxford/AstraZeneca, Pfizer/BioNTech",1683417,890750,52,9,2574167
2021-04-20,"Johnson&Johnson, Moderna, Oxford/AstraZeneca, Pfizer/BioNTech, Čína",1725969,906632,54,9,2632601
2021-04-21,"Indie, Moderna, Oxford/AstraZeneca, Pfizer/BioNTech",1773705,920999,57,9,2694704
2021-04-22,"Johnson&Johnson, Moderna, Oxford/AstraZeneca, Pfizer/BioNTech, Čína",1828213,938396,61,9,2766609
2021-04-23,"Johnson&Johnson, Moderna, Oxford/AstraZeneca, Pfizer/BioNTech, Čína",1878208,950458,66,9,2828666
2021-04-24,"Indie/AstraZeneca, Johnson&Johnson, Moderna, Oxford/AstraZeneca, Pfizer/BioNTech, Sputnik, Čína",1896089,955732,66,9,2851821
2021-04-25,"Johnson&Johnson, Moderna, Oxford/AstraZeneca, Pfizer/BioNTech",1910791,959735,66,9,2870526
2021-04-26,"Indie, Johnson&Johnson, Moderna, Oxford/AstraZeneca, Pfizer/BioNTech, Čína",1960390,967305,67,9,2927695
2021-04-27,"Indie/AstraZeneca, Johnson&Johnson, Moderna, Oxford/AstraZeneca, Pfizer/BioNTech, Sputnik, Čína",2009377,979568,67,9,2988945
2021-04-28,"Indie/AstraZeneca, Johnson&Johnson, Moderna, Oxford/AstraZeneca, Pfizer/BioNTech, Čína",2068129,993599,68,9,3061728
2021-04-29,"Indie/AstraZeneca, Johnson&Johnson, Moderna, Oxford/AstraZeneca, Pfizer/BioNTech",2133749,1009511,71,9,3143260
2021-04-30,"Indie/AstraZeneca, Johnson&Johnson, Moderna, Oxford/AstraZeneca, Pfizer/BioNTech, Čína",2196045,1019510,73,9,3215555
2021-05-01,"Indie/AstraZeneca, Johnson&Johnson, Moderna, Oxford/AstraZeneca, Pfizer/BioNTech, Sputnik, Čína",2215448,1022981,73,9,3238429
2021-05-02,"Johnson&Johnson, Moderna, Oxford/AstraZeneca, Pfizer/BioNTech",2234400,1025273,73,9,3259673
2021-05-03,"Johnson&Johnson, Moderna, Oxford/AstraZeneca, Pfizer/BioNTech",2301666,1030363,73,9,3332029
2021-05-04,"Johnson&Johnson, Moderna, Oxford/AstraZeneca, Pfizer/BioNTech",2368227,1038748,77,9,3406975
2021-05-05,"Johnson&Johnson, Moderna, Oxford/AstraZeneca, Pfizer/BioNTech, Čína",2441425,1048187,77,9,3489612
2021-05-06,"Indie/Bahrat Biotech, Johnson&Johnson, Moderna, Oxford/AstraZeneca, Pfizer/BioNTech, Čína",2521865,1058955,78,9,3580820
2021-05-07,"Indie/AstraZeneca, Johnson&Johnson, Moderna, Oxford/AstraZeneca, Pfizer/BioNTech, Čína",2599212,1069107,79,9,3668319
2021-05-08,"Johnson&Johnson, Moderna, Oxford/AstraZeneca, Pfizer/BioNTech",2628757,1070904,81,9,3699661
2021-05-09,"Johnson&Johnson, Moderna, Oxford/AstraZeneca, Pfizer/BioNTech",2652999,1072128,81,9,3725127
2021-05-10,"Johnson&Johnson, Moderna, Oxford/AstraZeneca, Pfizer/BioNTech",2725792,1079383,82,9,3805175
2021-05-11,"Johnson&Johnson, Moderna, Oxford/AstraZeneca, Pfizer/BioNTech",2801940,1088222,84,9,3890162
2021-05-12,"Johnson&Johnson, Moderna, Oxford/AstraZeneca, Pfizer/BioNTech, Sputnik, Čína",2881893,1097376,86,9,3979269
2021-05-13,"Indie/AstraZeneca, Johnson&Johnson, Moderna, Oxford/AstraZeneca, Pfizer/BioNTech, Čína",2965951,1106561,87,9,4072512
2021-05-14,"Indie/AstraZeneca, Johnson&Johnson, Moderna, Oxford/AstraZeneca, Pfizer/BioNTech, Čína",3045511,1114395,88,9,4159906
2021-05-15,"Indie/AstraZeneca, Johnson&Johnson, Moderna, Oxford/AstraZeneca, Pfizer/BioNTech",3077486,1116682,88,9,4194168
2021-05-16,"Johnson&Johnson, Moderna, Oxford/AstraZeneca, Pfizer/BioNTech, Sputnik",3103300,1117975,88,9,4221275
2021-05-17,"Indie, Indie/AstraZeneca, Johnson&Johnson, Moderna, Oxford/AstraZeneca, Pfizer/BioNTech, Čína",3175849,1124747,88,9,4300596
2021-05-18,"Indie/AstraZeneca, Johnson&Johnson, Moderna, Oxford/AstraZeneca, Pfizer/BioNTech, Čína",3247845,1137867,89,9,4385712
2021-05-19,"Indie/AstraZeneca, Johnson&Johnson, Moderna, Oxford/AstraZeneca, Pfizer/BioNTech, Čína",3325353,1153040,90,9,4478393
2021-05-20,"Indie/AstraZeneca, Johnson&Johnson, Moderna, Oxford/AstraZeneca, Pfizer/BioNTech",3400854,1180095,91,9,4580949
2021-05-21,"Johnson&Johnson, Moderna, Oxford/AstraZeneca, Pfizer/BioNTech",3469722,1207898,92,9,4677620
2021-05-22,"Johnson&Johnson, Moderna, Oxford/AstraZeneca, Pfizer/BioNTech, Čína",3502209,1219137,93,9,4721346
2021-05-23,"Johnson&Johnson, Moderna, Oxford/AstraZeneca, Pfizer/BioNTech, Čína",3524667,1228171,94,9,4752838
2021-05-24,"Indie, Indie/AstraZeneca, Johnson&Johnson, Moderna, Oxford/AstraZeneca, Pfizer/BioNTech, Čína",3571897,1261827,96,9,4833724
2021-05-25,"Indie/AstraZeneca, Johnson&Johnson, Moderna, Oxford/AstraZeneca, Pfizer/BioNTech",3623827,1297667,97,9,4921494
2021-05-26,"Indie, Johnson&Johnson, Moderna, Oxford/AstraZeneca, Pfizer/BioNTech, Čína",3691623,1335227,98,9,5026850
2021-05-27,"Indie/AstraZeneca, Johnson&Johnson, Moderna, Oxford/AstraZeneca, Pfizer/BioNTech",3753075,1382572,100,9,5135647
2021-05-28,"Indie/AstraZeneca, Johnson&Johnson, Moderna, Oxford/AstraZeneca, Pfizer/BioNTech",3814861,1429140,103,9,5244001
2021-05-29,"Indie/AstraZeneca, Johnson&Johnson, Moderna, Oxford/AstraZeneca, Pfizer/BioNTech, Čína",3844148,1446293,103,9,5290441
2021-05-30,"Johnson&Johnson, Moderna, Oxford/AstraZeneca, Pfizer/BioNTech, Čína",3866577,1460762,103,9,5327339
2021-05-31,"Indie/AstraZeneca, Johnson&Johnson, Moderna, Oxford/AstraZeneca, Pfizer/BioNTech, Sputnik",3922333,1508282,111,9,5430615
2021-06-01,"Indie/AstraZeneca, Johnson&Johnson, Moderna, Oxford/AstraZeneca, Pfizer/BioNTech, Sputnik, Čína",3981468,1557172,114,9,5538640
2021-06-02,"Indie/AstraZeneca, Johnson&Johnson, Moderna, Oxford/AstraZeneca, Pfizer/BioNTech, Sputnik, Čína",4044475,1611200,116,10,5655675
2021-06-03,"Indie/AstraZeneca, Johnson&Johnson, Moderna, Oxford/AstraZeneca, Pfizer/BioNTech, Čína",4102760,1671408,119,10,5774168
2021-06-04,"Indie/AstraZeneca, Johnson&Johnson, Moderna, Oxford/AstraZeneca, Pfizer/BioNTech",4165919,1728829,120,10,5894748
2021-06-05,"Indie/AstraZeneca, Johnson&Johnson, Moderna, Oxford/AstraZeneca, Pfizer/BioNTech, Čína",4200137,1747764,120,10,5947901
2021-06-06,"Johnson&Johnson, Moderna, Oxford/AstraZeneca, Pfizer/BioNTech, Čína",4227109,1762938,120,10,5990047
2021-06-07,"Indie, Johnson&Johnson, Moderna, Oxford/AstraZeneca, Pfizer/BioNTech, Čína",4290840,1818586,125,10,6109426
2021-06-08,"Indie/AstraZeneca, Johnson&Johnson, Moderna, Oxford/AstraZeneca, Pfizer/BioNTech, Čína",4354875,1873590,129,10,6228465
2021-06-09,"Indie, Indie/AstraZeneca, Johnson&Johnson, Moderna, Oxford/AstraZeneca, Pfizer/BioNTech, Čína",4414140,1938273,132,10,6352413
2021-06-10,"Indie, Indie/AstraZeneca, Johnson&Johnson, Moderna, Oxford/AstraZeneca, Pfizer/BioNTech, Čína",4468043,2009616,134,10,6477659
2021-06-11,"Indie/Bahrat Biotech, Johnson&Johnson, Moderna, Oxford/AstraZeneca, Pfizer/BioNTech, Sputnik, Čína",4520197,2079476,136,12,6599673
2021-06-12,"Indie/AstraZeneca, Johnson&Johnson, Moderna, Oxford/AstraZeneca, Pfizer/BioNTech, Čína",4552257,2100337,137,12,6652594
2021-06-13,"Johnson&Johnson, Moderna, Oxford/AstraZeneca, Pfizer/BioNTech, Čína",4576295,2118787,137,12,6695082
2021-06-14,"Johnson&Johnson, Moderna, Oxford/AstraZeneca, Pfizer/BioNTech, Čína",4619403,2193179,139,12,6812582
2021-06-15,"Indie/AstraZeneca, Indie/Bahrat Biotech, Johnson&Johnson, Moderna, Oxford/AstraZeneca, Pfizer/BioNTech, Čína",4664096,2265575,144,12,6929671
2021-06-16,"Indie/AstraZeneca, Johnson&Johnson, Moderna, Oxford/AstraZeneca, Pfizer/BioNTech, Čína",4706929,2343794,147,12,7050723
2021-06-17,"Indie/AstraZeneca, Johnson&Johnson, Moderna, Oxford/AstraZeneca, Pfizer/BioNTech, Čína",4746392,2426905,148,12,7173297
2021-06-18,"Indie, Johnson&Johnson, Moderna, Oxford/AstraZeneca, Pfizer/BioNTech, Čína",4788847,2507508,149,13,7296355
2021-06-19,"Indie/AstraZeneca, Johnson&Johnson, Moderna, Oxford/AstraZeneca, Pfizer/BioNTech, Čína",4810651,2536874,150,14,7347525
2021-06-20,"Johnson&Johnson, Moderna, Oxford/AstraZeneca, Pfizer/BioNTech, Čína",4828071,2560754,151,14,7388825
2021-06-21,"Johnson&Johnson, Moderna, Oxford/AstraZeneca, Pfizer/BioNTech, Čína",4860613,2639386,152,14,7499999
2021-06-22,"Indie/AstraZeneca, Johnson&Johnson, Moderna, Oxford/AstraZeneca, Pfizer/BioNTech, Čína",4893619,2721729,156,15,7615348
2021-06-23,"Indie/AstraZeneca, Johnson&Johnson, Moderna, Oxford/AstraZeneca, Pfizer/BioNTech, Čína",4925359,2806986,160,15,7732345
2021-06-24,"Indie/AstraZeneca, Johnson&Johnson, Moderna, Oxford/AstraZeneca, Pfizer/BioNTech, Čína",4955253,2897079,164,16,7852332
2021-06-25,"Johnson&Johnson, Moderna, Oxford/AstraZeneca, Pfizer/BioNTech, Sputnik, Čína",4986375,2983360,167,20,7969735
2021-06-26,"Indie, Johnson&Johnson, Moderna, Oxford/AstraZeneca, Pfizer/BioNTech, Čína",5002278,3018267,168,20,8020545
2021-06-27,"Johnson&Johnson, Moderna, Oxford/AstraZeneca, Pfizer/BioNTech, Čína",5016254,3044995,168,20,8061249
2021-06-28,"Indie/AstraZeneca, Johnson&Johnson, Moderna, Oxford/AstraZeneca, Pfizer/BioNTech, Čína",5044703,3130243,172,20,8174946
2021-06-29,"Indie, Johnson&Johnson, Moderna, Oxford/AstraZeneca, Pfizer/BioNTech, Čína",5074008,3216828,174,20,8290836
2021-06-30,"Indie, Johnson&Johnson, Moderna, Oxford/AstraZeneca, Pfizer/BioNTech",5101543,3307906,178,20,8409449
2021-07-01,"Johnson&Johnson, Moderna, Oxford/AstraZeneca, Pfizer/BioNTech, Čína",5125578,3398025,189,20,8523603
2021-07-02,"Indie/AstraZeneca, Johnson&Johnson, Moderna, Oxford/AstraZeneca, Pfizer/BioNTech, Čína",5152361,3484004,196,22,8636365
2021-07-03,"Indie, Indie/AstraZeneca, Johnson&Johnson, Moderna, Oxford/AstraZeneca, Pfizer/BioNTech, Čína",5159491,3515592,196,23,8675083
2021-07-04,"Johnson&Johnson, Moderna, Oxford/AstraZeneca, Pfizer/BioNTech",5167091,3537426,196,23,8704517
2021-07-05,"Indie, Indie/AstraZeneca, Johnson&Johnson, Moderna, Oxford/AstraZeneca, Pfizer/BioNTech, Čína",5174542,3562882,197,24,8737424
2021-07-06,"Indie/AstraZeneca, Johnson&Johnson, Moderna, Oxford/AstraZeneca, Pfizer/BioNTech, Čína",5180055,3590659,197,24,8770714
2021-07-07,"Indie/AstraZeneca, Johnson&Johnson, Moderna, Oxford/AstraZeneca, Pfizer/BioNTech, Čína",5205903,3669698,202,24,8875601
2021-07-08,"Indie, Johnson&Johnson, Moderna, Oxford/AstraZeneca, Pfizer/BioNTech, Čína",5232549,3740063,209,26,8972612
2021-07-09,"Indie, Indie/AstraZeneca, Indie/Bahrat Biotech, Johnson&Johnson, Moderna, Oxford/AstraZeneca, Pfizer/BioNTech, Čína",5260519,3809436,210,26,9069955
2021-07-10,"Indie, Indie/AstraZeneca, Johnson&Johnson, Moderna, Oxford/AstraZeneca, Pfizer/BioNTech, Čína",5269924,3838132,212,26,9108056
2021-07-11,"Johnson&Johnson, Moderna, Oxford/AstraZeneca, Pfizer/BioNTech, Čína",5278493,3861037,212,26,9139530
2021-07-12,"Indie/AstraZeneca, Johnson&Johnson, Moderna, Oxford/AstraZeneca, Pfizer/BioNTech, Čína",5306072,3930147,217,27,9236219
2021-07-13,"Johnson&Johnson, Moderna, Oxford/AstraZeneca, Pfizer/BioNTech, Čína",5332311,4000071,221,29,9332382
2021-07-14,"Indie/AstraZeneca, Johnson&Johnson, Moderna, Oxford/AstraZeneca, Pfizer/BioNTech",5358179,4072108,224,29,9430287
2021-07-15,"Indie, Indie/AstraZeneca, Johnson&Johnson, Moderna, Oxford/AstraZeneca, Pfizer/BioNTech, Čína",5387394,4138166,231,30,9525560
2021-07-16,"Indie/AstraZeneca, Johnson&Johnson, Moderna, Oxford/AstraZeneca, Pfizer/BioNTech, Sputnik, Čína",5415380,4210935,239,32,9626315
2021-07-17,"Johnson&Johnson, Moderna, Oxford/AstraZeneca, Pfizer/BioNTech, Čína",5424201,4242434,239,32,9666635
2021-07-18,"Indie/AstraZeneca, Johnson&Johnson, Moderna, Oxford/AstraZeneca, Pfizer/BioNTech, Čína",5432660,4268451,239,32,9701111
2021-07-19,"Johnson&Johnson, Moderna, Oxford/AstraZeneca, Pfizer/BioNTech, Čína",5456046,4335498,243,35,9791544
2021-07-20,"Johnson&Johnson, Moderna, Oxford/AstraZeneca, Pfizer/BioNTech, Čína",5477495,4402576,253,40,9880071
2021-07-21,"Indie/AstraZeneca, Johnson&Johnson, Moderna, Oxford/AstraZeneca, Pfizer/BioNTech, Čína",5500984,4466094,259,41,9967078
2021-07-22,"Indie/AstraZeneca, Johnson&Johnson, Moderna, Oxford/AstraZeneca, Pfizer/BioNTech, Čína",5523378,4524776,263,41,10048154
2021-07-23,"Johnson&Johnson, Moderna, Oxford/AstraZeneca, Pfizer/BioNTech, Čína",5546646,4579587,267,41,10126233
2021-07-24,"Indie, Indie/AstraZeneca, Johnson&Johnson, Moderna, Oxford/AstraZeneca, Pfizer/BioNTech, Čína",5554027,4607297,268,41,10161324
2021-07-25,"Johnson&Johnson, Moderna, Oxford/AstraZeneca, Pfizer/BioNTech, Čína",5560697,4629450,269,41,10190147
2021-07-26,"Indie/AstraZeneca, Johnson&Johnson, Moderna, Oxford/AstraZeneca, Pfizer/BioNTech",5584283,4678163,273,41,10262446
2021-07-27,"Johnson&Johnson, Moderna, Oxford/AstraZeneca, Pfizer/BioNTech, Čína",5607060,4724869,278,41,10331929
2021-07-28,"Johnson&Johnson, Moderna, Oxford/AstraZeneca, Pfizer/BioNTech, Čína",5628382,4770945,282,42,10399327
2021-07-29,"Johnson&Johnson, Moderna, Oxford/AstraZeneca, Pfizer/BioNTech, Čína",5649744,4812976,287,42,10462720
2021-07-30,"Indie/AstraZeneca, Johnson&Johnson, Moderna, Oxford/AstraZeneca, Pfizer/BioNTech, Čína",5673069,4855592,290,45,10528661
2021-07-31,"Indie/AstraZeneca, Johnson&Johnson, Moderna, Oxford/AstraZeneca, Pfizer/BioNTech, Čína",5682054,4875159,291,45,10557213
2021-08-01,"Indie, Johnson&Johnson, Moderna, Oxford/AstraZeneca, Pfizer/BioNTech, Čína",5688817,4891348,293,45,10580165
2021-08-02,"Indie, Johnson&Johnson, Moderna, Oxford/AstraZeneca, Pfizer/BioNTech",5707501,4928962,298,46,10636463
2021-08-03,"Indie/Bahrat Biotech, Johnson&Johnson, Moderna, Oxford/AstraZeneca, Pfizer/BioNTech, Čína",5725197,4967148,301,46,10692345
2021-08-04,"Johnson&Johnson, Moderna, Oxford/AstraZeneca, Pfizer/BioNTech, Čína",5741356,5003971,305,46,10745327
2021-08-05,"Indie/AstraZeneca, Johnson&Johnson, Moderna, Oxford/AstraZeneca, Pfizer/BioNTech, Čína",5757429,5044508,308,46,10801937
2021-08-06,"Indie/AstraZeneca, Johnson&Johnson, Moderna, Oxford/AstraZeneca, Pfizer/BioNTech, Čína",5774278,5087875,311,46,10862153
2021-08-07,"Indie, Johnson&Johnson, Moderna, Oxford/AstraZeneca, Pfizer/BioNTech, Čína",5779911,5106071,313,46,10885982
2021-08-08,"Johnson&Johnson, Moderna, Oxford/AstraZeneca, Pfizer/BioNTech, Čína",5784310,5121861,314,46,10906171
2021-08-09,"Indie, Indie/AstraZeneca, Johnson&Johnson, Moderna, Oxford/AstraZeneca, Pfizer/BioNTech, Čína",5796970,5166974,320,47,10963944
2021-08-10,"Indie/AstraZeneca, Johnson&Johnson, Moderna, Oxford/AstraZeneca, Pfizer/BioNTech, Čína",5808865,5206603,327,50,11015468
2021-08-11,"Indie/AstraZeneca, Johnson&Johnson, Moderna, Oxford/AstraZeneca, Pfizer/BioNTech, Čína",5820273,5249792,333,53,11070065
2021-08-12,"Indie/AstraZeneca, Johnson&Johnson, Moderna, Oxford/AstraZeneca, Pfizer/BioNTech",5831718,5286982,339,53,11118700
2021-08-13,"Johnson&Johnson, Moderna, Oxford/AstraZeneca, Pfizer/BioNTech, Čína",5842471,5327374,344,56,11169845
2021-08-14,"Indie/AstraZeneca, Indie/Bahrat Biotech, Johnson&Johnson, Moderna, Oxford/AstraZeneca, Pfizer/BioNTech",5845824,5338120,345,56,11183944
2021-08-15,"Johnson&Johnson, Moderna, Oxford/AstraZeneca, Pfizer/BioNTech",5848427,5348528,346,56,11196955
2021-08-16,"Indie/AstraZeneca, Johnson&Johnson, Moderna, Oxford/AstraZeneca, Pfizer/BioNTech, Čína",5858244,5382659,351,56,11240903
2021-08-17,"Indie/AstraZeneca, Johnson&Johnson, Moderna, Oxford/AstraZeneca, Pfizer/BioNTech",5867869,5409811,355,58,11277680
2021-08-18,"Indie, Indie/AstraZeneca, Johnson&Johnson, Moderna, Oxford/AstraZeneca, Pfizer/BioNTech, Čína",5877283,5448746,359,59,11326029
2021-08-19,"Johnson&Johnson, Moderna, Oxford/AstraZeneca, Pfizer/BioNTech, Čína",5886986,5487135,364,59,11374121
2021-08-20,"Indie/AstraZeneca, Johnson&Johnson, Moderna, Oxford/AstraZeneca, Pfizer/BioNTech, Čína",5898400,5527394,367,59,11425794
2021-08-21,"Indie, Indie/AstraZeneca, Johnson&Johnson, Moderna, Oxford/AstraZeneca, Pfizer/BioNTech",5901138,5540207,369,60,11441345
2021-08-22,"Indie, Johnson&Johnson, Moderna, Oxford/AstraZeneca, Pfizer/BioNTech, Čína",5903498,5552202,370,61,11455700
2021-08-23,"Indie, Indie/AstraZeneca, Johnson&Johnson, Moderna, Oxford/AstraZeneca, Pfizer/BioNTech, Čína",5914053,5591525,378,66,11505578
2021-08-24,"Johnson&Johnson, Moderna, Oxford/AstraZeneca, Pfizer/BioNTech",5923951,5624797,385,66,11548748
2021-08-25,"Indie/AstraZeneca, Johnson&Johnson, Moderna, Oxford/AstraZeneca, Pfizer/BioNTech, Čína",5932844,5653249,392,66,11586093
2021-08-26,"Indie/AstraZeneca, Johnson&Johnson, Moderna, Oxford/AstraZeneca, Pfizer/BioNTech, Čína",5941317,5679447,400,67,11620764
2021-08-27,"Indie/AstraZeneca, Johnson&Johnson, Moderna, Oxford/AstraZeneca, Pfizer/BioNTech, Čína",5951667,5705485,404,68,11657152
2021-08-28,"Indie, Indie/AstraZeneca, Johnson&Johnson, Moderna, Oxford/AstraZeneca, Pfizer/BioNTech, Čína",5954419,5712597,406,68,11667016
2021-08-29,"Indie, Johnson&Johnson, Moderna, Oxford/AstraZeneca, Pfizer/BioNTech, Čína",5956840,5719241,408,68,11676081
2021-08-30,"Indie, Johnson&Johnson, Moderna, Oxford/AstraZeneca, Pfizer/BioNTech",5965385,5741173,411,68,11706558
2021-08-31,"Indie/AstraZeneca, Johnson&Johnson, Moderna, Oxford/AstraZeneca, Pfizer/BioNTech, Čína",5973084,5759339,413,68,11732423
2021-09-01,"Johnson&Johnson, Moderna, Oxford/AstraZeneca, Pfizer/BioNTech, Čína",5979044,5773389,415,70,11752433
2021-09-02,"Indie/AstraZeneca, Johnson&Johnson, Moderna, Oxford/AstraZeneca, Pfizer/BioNTech, Čína",5985909,5787828,417,72,11773737
2021-09-03,"Johnson&Johnson, Moderna, Oxford/AstraZeneca, Pfizer/BioNTech, Čína",5995488,5803599,421,72,11799087
2021-09-04,"Indie/AstraZeneca, Johnson&Johnson, Moderna, Oxford/AstraZeneca, Pfizer/BioNTech",5997573,5807189,422,74,11804762
2021-09-05,"Johnson&Johnson, Moderna, Oxford/AstraZeneca, Pfizer/BioNTech, Čína",5999630,5810046,423,74,11809676
2021-09-06,"Indie, Indie/AstraZeneca, Johnson&Johnson, Moderna, Oxford/AstraZeneca, Pfizer/BioNTech, Čína",6005885,5822615,425,74,11828500
2021-09-07,"Indie/AstraZeneca, Johnson&Johnson, Moderna, Oxford/AstraZeneca, Pfizer/BioNTech, Čína",6010284,5833757,427,75,11844041
2021-09-08,"Johnson&Johnson, Moderna, Oxford/AstraZeneca, Pfizer/BioNTech, Čína",6015975,5843648,441,75,11859623
2021-09-09,"Indie/AstraZeneca, Johnson&Johnson, Moderna, Oxford/AstraZeneca, Pfizer/BioNTech, Čína",6022678,5853745,446,77,11876423
2021-09-10,"Indie/AstraZeneca, Johnson&Johnson, Moderna, Oxford/AstraZeneca, Pfizer/BioNTech, Čína",6030396,5865971,449,77,11896367
2021-09-11,"Indie/AstraZeneca, Johnson&Johnson, Moderna, Oxford/AstraZeneca, Pfizer/BioNTech, Čína",6032285,5868496,450,78,11900781
2021-09-12,"Indie/AstraZeneca, Johnson&Johnson, Moderna, Oxford/AstraZeneca, Pfizer/BioNTech",6033411,5870143,453,78,11903554
2021-09-13,"Johnson&Johnson, Moderna, Oxford/AstraZeneca, Pfizer/BioNTech, Čína",6038871,5880469,455,79,11919340
2021-09-14,"Indie/AstraZeneca, Johnson&Johnson, Moderna, Oxford/AstraZeneca, Pfizer/BioNTech, Čína",6044295,5889503,456,79,11933798
2021-09-15,"Indie/AstraZeneca, Johnson&Johnson, Moderna, Oxford/AstraZeneca, Pfizer/BioNTech",6049527,5898058,463,80,11947585
2021-09-16,"Johnson&Johnson, Moderna, Oxford/AstraZeneca, Pfizer/BioNTech, Čína",6054906,5906360,463,80,11961266
2021-09-17,"Indie/AstraZeneca, Johnson&Johnson, Moderna, Oxford/AstraZeneca, Pfizer/BioNTech, Čína",6061487,5916617,469,80,11978104
2021-09-18,"Indie/AstraZeneca, Johnson&Johnson, Moderna, Oxford/AstraZeneca, Pfizer/BioNTech, Čína",6063231,5918996,471,80,11982227
2021-09-19,"Johnson&Johnson, Moderna, Oxford/AstraZeneca, Pfizer/BioNTech",6064187,5920572,474,81,11984759
2021-09-20,"Indie/AstraZeneca, Johnson&Johnson, Moderna, Oxford/AstraZeneca, Pfizer/BioNTech, Čína",6068228,5928799,909,81,11997027
2021-09-21,"Johnson&Johnson, Moderna, Oxford/AstraZeneca, Pfizer/BioNTech",6072486,5936361,1366,81,12008847
2021-09-22,"Johnson&Johnson, Moderna, Oxford/AstraZeneca, Pfizer/BioNTech, Čína",6076696,5941921,1824,81,12018617
2021-09-23,"Johnson&Johnson, Moderna, Oxford/AstraZeneca, Pfizer/BioNTech, Čína",6081678,5948367,2842,81,12030045
2021-09-24,"Indie/AstraZeneca, Johnson&Johnson, Moderna, Oxford/AstraZeneca, Pfizer/BioNTech",6087443,5958009,3341,82,12045452
2021-09-25,"Indie, Indie/AstraZeneca, Johnson&Johnson, Moderna, Oxford/AstraZeneca, Pfizer/BioNTech, Čína",6088954,5960013,3422,83,12048967
2021-09-26,"Johnson&Johnson, Moderna, Oxford/AstraZeneca, Pfizer/BioNTech, Čína",6089707,5961656,3493,84,12051363
2021-09-27,"Indie, Indie/AstraZeneca, Johnson&Johnson, Moderna, Oxford/AstraZeneca, Pfizer/BioNTech, Čína",6093608,5968200,4244,85,12061808
2021-09-28,"Indie, Johnson&Johnson, Moderna, Oxford/AstraZeneca, Pfizer/BioNTech, Čína",6094000,5968843,4307,85,12062843
2021-09-29,"Indie/AstraZeneca, Johnson&Johnson, Moderna, Oxford/AstraZeneca, Pfizer/BioNTech, Čína",6097787,5976325,5321,85,12074112
2021-09-30,"Johnson&Johnson, Moderna, Oxford/AstraZeneca, Pfizer/BioNTech",6102318,5984046,6485,85,12086364
2021-10-01,"Indie/AstraZeneca, Johnson&Johnson, Moderna, Oxford/AstraZeneca, Pfizer/BioNTech, Čína",6106655,5992049,8351,85,12098704
2021-10-02,"Johnson&Johnson, Moderna, Oxford/AstraZeneca, Pfizer/BioNTech, Čína",6107730,5993611,8458,85,12101341
2021-10-03,"Johnson&Johnson, Moderna, Oxford/AstraZeneca, Pfizer/BioNTech",6108458,5994489,8545,86,12102947
2021-10-04,"Johnson&Johnson, Moderna, Oxford/AstraZeneca, Pfizer/BioNTech, Čína",6111552,6000084,10274,87,12111636
2021-10-05,"Johnson&Johnson, Moderna, Oxford/AstraZeneca, Pfizer/BioNTech, Sputnik, Čína",6114733,6005190,12407,89,12119923
2021-10-06,"Johnson&Johnson, Moderna, Oxford/AstraZeneca, Pfizer/BioNTech, Čína",6118268,6010386,15029,90,12128654
2021-10-07,"Johnson&Johnson, Moderna, Oxford/AstraZeneca, Pfizer/BioNTech",6121563,6015659,17439,91,12137222
2021-10-08,"Johnson&Johnson, Moderna, Oxford/AstraZeneca, Pfizer/BioNTech, Čína",6126375,6022326,21369,92,12148701
2021-10-09,"Indie/AstraZeneca, Johnson&Johnson, Moderna, Oxford/AstraZeneca, Pfizer/BioNTech",6127625,6024009,21831,93,12151634
2021-10-10,"Johnson&Johnson, Moderna, Oxford/AstraZeneca, Pfizer/BioNTech",6128583,6024855,22072,93,12153438
2021-10-11,"Indie/AstraZeneca, Johnson&Johnson, Moderna, Oxford/AstraZeneca, Pfizer/BioNTech, Čína",6131518,6029299,24735,93,12160817
2021-10-12,"Johnson&Johnson, Moderna, Oxford/AstraZeneca, Pfizer/BioNTech, Čína",6134475,6033311,28187,93,12167786
2021-10-13,"Johnson&Johnson, Moderna, Oxford/AstraZeneca, Pfizer/BioNTech, Čína",6138027,6037527,32565,93,12175554
2021-10-14,"Johnson&Johnson, Moderna, Oxford/AstraZeneca, Pfizer/BioNTech",6141712,6042480,37333,95,12184192
2021-10-15,"Indie, Johnson&Johnson, Moderna, Oxford/AstraZeneca, Pfizer/BioNTech, Čína",6146964,6048639,42435,96,12195603
2021-10-16,"Indie, Johnson&Johnson, Moderna, Oxford/AstraZeneca, Pfizer/BioNTech, Čína",6148387,6050180,43521,98,12198567
2021-10-17,"Johnson&Johnson, Moderna, Oxford/AstraZeneca, Pfizer/BioNTech, Čína",6149721,6051239,44089,98,12200960
2021-10-18,"Indie, Johnson&Johnson, Moderna, Oxford/AstraZeneca, Pfizer/BioNTech, Čína",6153854,6055360,51272,100,12209214
2021-10-19,"Johnson&Johnson, Moderna, Oxford/AstraZeneca, Pfizer/BioNTech",6157452,6057488,62212,100,12214940
2021-10-20,"Indie/AstraZeneca, Johnson&Johnson, Moderna, Oxford/AstraZeneca, Pfizer/BioNTech, Čína",6162359,6061965,77222,103,12224324
2021-10-21,"Johnson&Johnson, Moderna, Oxford/AstraZeneca, Pfizer/BioNTech, Čína",6170138,6067581,94804,119,12237719
2021-10-22,"Indie/AstraZeneca, Johnson&Johnson, Moderna, Oxford/AstraZeneca, Pfizer/BioNTech",6180618,6074101,113626,138,12254719
2021-10-23,"Indie/AstraZeneca, Johnson&Johnson, Moderna, Oxford/AstraZeneca, Pfizer/BioNTech, Čína",6184306,6076320,117296,138,12260626
2021-10-24,"Indie/AstraZeneca, Johnson&Johnson, Moderna, Oxford/AstraZeneca, Pfizer/BioNTech",6186999,6078107,119796,139,12265106
2021-10-25,"Indie/AstraZeneca, Johnson&Johnson, Moderna, Oxford/AstraZeneca, Pfizer/BioNTech, Čína",6197514,6083949,139658,140,12281463
2021-10-26,"Johnson&Johnson, Moderna, Oxford/AstraZeneca, Pfizer/BioNTech, Čína",6209529,6090517,162167,141,12300046
2021-10-27,"Johnson&Johnson, Moderna, Oxford/AstraZeneca, Pfizer/BioNTech, Čína",6224128,6097934,188583,142,12322062
2021-10-28,"Johnson&Johnson, Moderna, Oxford/AstraZeneca, Pfizer/BioNTech, Čína",6227579,6099642,192836,144,12327221
2021-10-29,"Indie, Johnson&Johnson, Moderna, Oxford/AstraZeneca, Pfizer/BioNTech, Čína",6242007,6107627,211884,165,12349634
2021-10-30,"Johnson&Johnson, Moderna, Oxford/AstraZeneca, Pfizer/BioNTech",6246551,6110554,215735,166,12357105
2021-10-31,"Johnson&Johnson, Moderna, Oxford/AstraZeneca, Pfizer/BioNTech",6250327,6113041,219443,166,12363368
2021-11-01,"Johnson&Johnson, Moderna, Oxford/AstraZeneca, Pfizer/BioNTech",6265538,6120738,241363,169,12386276
2021-11-02,"Johnson&Johnson, Moderna, Oxford/AstraZeneca, Pfizer/BioNTech, Čína",6280977,6128301,266860,171,12409278
2021-11-03,"Indie/AstraZeneca, Johnson&Johnson, Moderna, Oxford/AstraZeneca, Pfizer/BioNTech, Sputnik, Čína",6298172,6135611,297132,174,12433783
2021-11-04,"Johnson&Johnson, Moderna, Oxford/AstraZeneca, Pfizer/BioNTech, Čína",6316508,6143795,328287,181,12460303
2021-11-05,"Indie, Johnson&Johnson, Moderna, Oxford/AstraZeneca, Pfizer/BioNTech",6339293,6155104,359259,184,12494397
2021-11-06,"Indie/AstraZeneca, Johnson&Johnson, Moderna, Oxford/AstraZeneca, Pfizer/BioNTech, Čína",6345809,6158176,366072,185,12503985
2021-11-07,"Johnson&Johnson, Moderna, Oxford/AstraZeneca, Pfizer/BioNTech",6349840,6160622,370734,186,12510462
2021-11-08,"Johnson&Johnson, Moderna, Oxford/AstraZeneca, Pfizer/BioNTech, Čína",6366104,6168267,395991,190,12534371
2021-11-09,"Johnson&Johnson, Moderna, Oxford/AstraZeneca, Pfizer/BioNTech",6380918,6175586,424210,190,12556504
2021-11-10,"Johnson&Johnson, Moderna, Oxford/AstraZeneca, Pfizer/BioNTech, Čína",6396664,6182990,452963,195,12579654
2021-11-11,"Johnson&Johnson, Moderna, Oxford/AstraZeneca, Pfizer/BioNTech, Čína",6412134,6192109,480649,200,12604243
2021-11-12,"Johnson&Johnson, Moderna, Oxford/AstraZeneca, Pfizer/BioNTech",6431926,6204914,508195,203,12636840
2021-11-13,"Johnson&Johnson, Moderna, Oxford/AstraZeneca, Pfizer/BioNTech",6437319,6208802,513947,203,12646121
2021-11-14,"Johnson&Johnson, Moderna, Oxford/AstraZeneca, Pfizer/BioNTech, Čína",6441225,6211820,517597,205,12653045
2021-11-15,"Johnson&Johnson, Moderna, Oxford/AstraZeneca, Pfizer/BioNTech, Čína",6456316,6222552,540165,213,12678868
2021-11-16,"Johnson&Johnson, Moderna, Oxford/AstraZeneca, Pfizer/BioNTech, Čína",6473833,6234557,567276,215,12708390
2021-11-17,"Johnson&Johnson, Moderna, Oxford/AstraZeneca, Pfizer/BioNTech, Čína",6478088,6238139,571800,217,12716227
2021-11-18,"Johnson&Johnson, Moderna, Oxford/AstraZeneca, Pfizer/BioNTech, Čína",6497499,6249853,597549,224,12747352
2021-11-19,"Indie, Johnson&Johnson, Moderna, Oxford/AstraZeneca, Pfizer/BioNTech",6522104,6266838,623030,232,12788942
2021-11-20,"Indie/AstraZeneca, Johnson&Johnson, Moderna, Oxford/AstraZeneca, Pfizer/BioNTech",6530677,6271834,628627,232,12802511
2021-11-21,"Johnson&Johnson, Moderna, Oxford/AstraZeneca, Pfizer/BioNTech",6537436,6275622,631627,232,12813058
2021-11-22,"Johnson&Johnson, Moderna, Oxford/AstraZeneca, Pfizer/BioNTech, Čína",6555933,6289760,654255,237,12845693
2021-11-23,"Johnson&Johnson, Moderna, Oxford/AstraZeneca, Pfizer/BioNTech, Čína",6574965,6303026,682944,242,12877991
2021-11-24,"Johnson&Johnson, Moderna, Oxford/AstraZeneca, Pfizer/BioNTech, Čína",6593960,6318882,712049,253,12912842
2021-11-25,"Johnson&Johnson, Moderna, Oxford/AstraZeneca, Pfizer/BioNTech, Čína",6613083,6333925,745538,256,12947008
2021-11-26,"Indie, Johnson&Johnson, Moderna, Oxford/AstraZeneca, Pfizer/BioNTech, Pfizer/BioNTech Kids",6634723,6353065,780385,261,12987788
2021-11-27,"Johnson&Johnson, Moderna, Oxford/AstraZeneca, Pfizer/BioNTech, Pfizer/BioNTech Kids",6642183,6358622,788359,263,13000805
2021-11-28,"Johnson&Johnson, Moderna, Oxford/AstraZeneca, Pfizer/BioNTech",6645508,6361759,795366,264,13007267
2021-11-29,"Johnson&Johnson, Moderna, Oxford/AstraZeneca, Pfizer/BioNTech, Pfizer/BioNTech Kids, Čína",6660704,6375419,834438,269,13036123
2021-11-30,"Johnson&Johnson, Moderna, Oxford/AstraZeneca, Pfizer/BioNTech, Pfizer/BioNTech Kids",6673904,6386658,885747,277,13060562
2021-12-01,"Johnson&Johnson, Moderna, Oxford/AstraZeneca, Pfizer/BioNTech, Pfizer/BioNTech Kids, Čína",6687932,6399131,949980,284,13087063
2021-12-02,"Johnson&Johnson, Moderna, Oxford/AstraZeneca, Pfizer/BioNTech, Pfizer/BioNTech Kids, Čína",6698570,6411627,1023213,297,13110197
2021-12-03,"Indie/AstraZeneca, Johnson&Johnson, Moderna, Oxford/AstraZeneca, Pfizer/BioNTech, Pfizer/BioNTech Kids, Čína",6708197,6427222,1099162,306,13135419
2021-12-04,"Indie/AstraZeneca, Johnson&Johnson, Moderna, Pfizer/BioNTech, Pfizer/BioNTech Kids",6710754,6431182,1125720,306,13141936
2021-12-05,"Johnson&Johnson, Moderna, Oxford/AstraZeneca, Pfizer/BioNTech, Pfizer/BioNTech Kids",6712116,6433530,1144786,306,13145646
2021-12-06,"Johnson&Johnson, Moderna, Oxford/AstraZeneca, Pfizer/BioNTech, Pfizer/BioNTech Kids, Sputnik, Čína",6720258,6445075,1211681,311,13165333
2021-12-07,"Johnson&Johnson, Moderna, Oxford/AstraZeneca, Pfizer/BioNTech, Pfizer/BioNTech Kids",6728135,6457083,1289771,315,13185218
2021-12-08,"Johnson&Johnson, Moderna, Oxford/AstraZeneca, Pfizer/BioNTech, Pfizer/BioNTech Kids, Čína",6736377,6463021,1371718,327,13199398
2021-12-09,"Johnson&Johnson, Moderna, Oxford/AstraZeneca, Pfizer/BioNTech, Pfizer/BioNTech Kids",6743489,6475837,1452771,339,13219326
2021-12-10,"Johnson&Johnson, Moderna, Oxford/AstraZeneca, Pfizer/BioNTech, Pfizer/BioNTech Kids, Čína",6750397,6493653,1529315,345,13244050
2021-12-11,"Johnson&Johnson, Moderna, Oxford/AstraZeneca, Pfizer/BioNTech, Pfizer/BioNTech Kids",6752049,6498922,1555378,345,13250971
2021-12-12,"Johnson&Johnson, Moderna, Oxford/AstraZeneca, Pfizer/BioNTech, Pfizer/BioNTech Kids",6753357,6503366,1571432,350,13256723
2021-12-13,"Johnson&Johnson, Moderna, Oxford/AstraZeneca, Pfizer/BioNTech, Pfizer/BioNTech Kids",6759711,6516679,1632126,355,13276390
2021-12-14,"Johnson&Johnson, Moderna, Oxford/AstraZeneca, Pfizer/BioNTech, Pfizer/BioNTech Kids",6765906,6530345,1705581,365,13296251
2021-12-15,"Johnson&Johnson, Moderna, Oxford/AstraZeneca, Pfizer/BioNTech, Pfizer/BioNTech Kids, Čína",6772098,6543940,1779379,375,13316038
2021-12-16,"Indie/Bahrat Biotech, Johnson&Johnson, Moderna, Oxford/AstraZeneca, Pfizer/BioNTech, Pfizer/BioNTech Kids, Čína",6779019,6558786,1854276,388,13337805
2021-12-17,"Indie, Johnson&Johnson, Moderna, Oxford/AstraZeneca, Pfizer/BioNTech, Pfizer/BioNTech Kids",6787362,6576060,1928487,399,13363422
2021-12-18,"Johnson&Johnson, Moderna, Oxford/AstraZeneca, Pfizer/BioNTech, Pfizer/BioNTech Kids",6789974,6581516,1954141,403,13371490
2021-12-19,"Johnson&Johnson, Moderna, Pfizer/BioNTech, Pfizer/BioNTech Kids",6791748,6584025,1972293,403,13375773
2021-12-20,"Johnson&Johnson, Moderna, Oxford/AstraZeneca, Pfizer/BioNTech, Pfizer/BioNTech Kids, Čína",6797599,6598096,2037627,408,13395695
2021-12-21,"Johnson&Johnson, Moderna, Oxford/AstraZeneca, Pfizer/BioNTech, Pfizer/BioNTech Kids, Čína",6804258,6610118,2107062,415,13414376
2021-12-22,"Indie/AstraZeneca, Johnson&Johnson, Moderna, Oxford/AstraZeneca, Pfizer/BioNTech, Pfizer/BioNTech Kids",6809293,6623164,2164980,423,13432457
2021-12-23,"Johnson&Johnson, Moderna, Oxford/AstraZeneca, Pfizer/BioNTech, Pfizer/BioNTech Kids",6812163,6628779,2192546,426,13440942
2021-12-24,"Johnson&Johnson, Moderna, Oxford/AstraZeneca, Pfizer/BioNTech",6812212,6628892,2192979,426,13441104
2021-12-25,"Moderna, Pfizer/BioNTech, Pfizer/BioNTech Kids",6812215,6628910,2193003,426,13441125
2021-12-26,"Moderna, Pfizer/BioNTech, Pfizer/BioNTech Kids",6812318,6629114,2194002,426,13441432
2021-12-27,"Johnson&Johnson, Moderna, Pfizer/BioNTech, Pfizer/BioNTech Kids",6816177,6638866,2243588,432,13455043
2021-12-28,"Johnson&Johnson, Moderna, Oxford/AstraZeneca, Pfizer/BioNTech, Pfizer/BioNTech Kids",6821414,6646873,2302107,442,13468287
2021-12-29,"Johnson&Johnson, Moderna, Oxford/AstraZeneca, Pfizer/BioNTech, Pfizer/BioNTech Kids, Čína",6825692,6654605,2358836,446,13480297
2021-12-30,"Johnson&Johnson, Moderna, Pfizer/BioNTech, Pfizer/BioNTech Kids",6829987,6660045,2402545,454,13490032
2021-12-31,"Johnson&Johnson, Moderna, Pfizer/BioNTech, Pfizer/BioNTech Kids",6830496,6661478,2411599,455,13491974
2022-01-01,"Johnson&Johnson, Moderna, Pfizer/BioNTech, Pfizer/BioNTech Kids",6830505,6661497,2411641,455,13492002
2022-01-02,"Johnson&Johnson, Moderna, Oxford/AstraZeneca, Pfizer/BioNTech, Pfizer/BioNTech Kids",6831357,6662876,2424715,456,13494233
2022-01-03,"Johnson&Johnson, Moderna, Oxford/AstraZeneca, Pfizer/BioNTech, Pfizer/BioNTech Kids",6835493,6671786,2483956,462,13507279
2022-01-04,"Indie, Johnson&Johnson, Moderna, Oxford/AstraZeneca, Pfizer/BioNTech, Pfizer/BioNTech Kids",6840578,6679555,2560600,469,13520133
2022-01-05,"Johnson&Johnson, Moderna, Oxford/AstraZeneca, Pfizer/BioNTech, Pfizer/BioNTech Kids, Čína",6846401,6687532,2641443,483,13533933
2022-01-06,"Johnson&Johnson, Moderna, Oxford/AstraZeneca, Pfizer/BioNTech, Pfizer/BioNTech Kids",6852991,6695933,2728506,493,13548924
2022-01-07,"Johnson&Johnson, Moderna, Oxford/AstraZeneca, Pfizer/BioNTech, Pfizer/BioNTech Kids",6860874,6706275,2822441,514,13567149
2022-01-08,"Johnson&Johnson, Moderna, Oxford/AstraZeneca, Pfizer/BioNTech, Pfizer/BioNTech Kids",6863354,6709056,2851712,520,13572410
2022-01-09,"Indie/AstraZeneca, Johnson&Johnson, Moderna, Pfizer/BioNTech, Pfizer/BioNTech Kids",6864438,6710755,2868995,521,13575193
2022-01-10,"Johnson&Johnson, Moderna, Oxford/AstraZeneca, Pfizer/BioNTech, Pfizer/BioNTech Kids",6868943,6716948,2937975,530,13585891
2022-01-11,"Johnson&Johnson, Moderna, Oxford/AstraZeneca, Pfizer/BioNTech, Pfizer/BioNTech Kids",6874384,6723709,3013964,546,13598093
2022-01-12,"Johnson&Johnson, Moderna, Oxford/AstraZeneca, Pfizer/BioNTech, Pfizer/BioNTech Kids",6880314,6729387,3089713,554,13609701
2022-01-13,"Johnson&Johnson, Moderna, Oxford/AstraZeneca, Pfizer/BioNTech, Pfizer/BioNTech Kids",6886207,6734164,3164631,562,13620371
2022-01-14,"Johnson&Johnson, Moderna, Oxford/AstraZeneca, Pfizer/BioNTech, Pfizer/BioNTech Kids, Sputnik, Čína",6892496,6737797,3247696,572,13630293
2022-01-15,"Johnson&Johnson, Moderna, Oxford/AstraZeneca, Pfizer/BioNTech, Pfizer/BioNTech Kids, Sputnik",6893775,6738458,3270376,574,13632233
2022-01-16,"Johnson&Johnson, Moderna, Oxford/AstraZeneca, Pfizer/BioNTech, Pfizer/BioNTech Kids",6894463,6738896,3282169,575,13633359
2022-01-17,"Johnson&Johnson, Moderna, Oxford/AstraZeneca, Pfizer/BioNTech, Pfizer/BioNTech Kids",6898019,6742846,3328769,581,13640865
2022-01-18,"Johnson&Johnson, Moderna, Oxford/AstraZeneca, Pfizer/BioNTech, Pfizer/BioNTech Kids",6901872,6747799,3377841,589,13649671
2022-01-19,"Johnson&Johnson, Moderna, Oxford/AstraZeneca, Pfizer/BioNTech, Pfizer/BioNTech Kids, Čína",6905938,6751738,3422528,599,13657676
2022-01-20,"Johnson&Johnson, Moderna, Oxford/AstraZeneca, Pfizer/BioNTech, Pfizer/BioNTech Kids",6909531,6756202,3469426,607,13665733
2022-01-21,"Johnson&Johnson, Moderna, Oxford/AstraZeneca, Pfizer/BioNTech, Pfizer/BioNTech Kids, Čína",6913533,6758734,3524936,612,13672267
2022-01-22,"Johnson&Johnson, Moderna, Pfizer/BioNTech, Pfizer/BioNTech Kids, Čína",6914316,6759176,3534736,612,13673492
2022-01-23,"Johnson&Johnson, Moderna, Pfizer/BioNTech, Pfizer/BioNTech Kids, Sputnik",6914881,6759811,3540110,613,13674692
2022-01-24,"Johnson&Johnson, Moderna, Oxford/AstraZeneca, Pfizer/BioNTech, Pfizer/BioNTech Kids",6917155,6763251,3572598,621,13680406
2022-01-25,"Johnson&Johnson, Moderna, Oxford/AstraZeneca, Pfizer/BioNTech, Pfizer/BioNTech Kids",6919510,6767244,3603718,626,13686754
2022-01-26,"Johnson&Johnson, Moderna, Oxford/AstraZeneca, Pfizer/BioNTech, Pfizer/BioNTech Kids",6921897,6771812,3636440,633,13693709
2022-01-27,"Johnson&Johnson, Moderna, Oxford/AstraZeneca, Pfizer/BioNTech, Pfizer/BioNTech Kids",6924227,6776629,3669238,640,13700856
2022-01-28,"Johnson&Johnson, Moderna, Oxford/AstraZeneca, Pfizer/BioNTech, Pfizer/BioNTech Kids",6927138,6782787,3716818,646,13709925
2022-01-29,"Johnson&Johnson, Moderna, Oxford/AstraZeneca, Pfizer/BioNTech, Pfizer/BioNTech Kids, Čína",6927741,6784439,3726672,646,13712180
2022-01-30,"Johnson&Johnson, Moderna, Pfizer/BioNTech, Pfizer/BioNTech Kids",6927969,6785223,3730519,648,13713192
2022-01-31,"Johnson&Johnson, Moderna, Pfizer/BioNTech, Pfizer/BioNTech Kids",6929510,6789159,3755367,656,13718669
2022-02-01,"Johnson&Johnson, Moderna, Pfizer/BioNTech, Pfizer/BioNTech Kids",6931100,6793195,3775911,661,13724295
2022-02-02,"Johnson&Johnson, Moderna, Oxford/AstraZeneca, Pfizer/BioNTech, Pfizer/BioNTech Kids",6932667,6797711,3796159,668,13730378
2022-02-03,"Johnson&Johnson, Moderna, Pfizer/BioNTech, Pfizer/BioNTech Kids",6934043,6802199,3816828,674,13736242
2022-02-04,"Johnson&Johnson, Moderna, Oxford/AstraZeneca, Pfizer/BioNTech, Pfizer/BioNTech Kids",6935654,6807320,3846606,679,13742974
2022-02-05,"Johnson&Johnson, Moderna, Pfizer/BioNTech, Pfizer/BioNTech Kids",6935833,6807932,3851514,679,13743765
2022-02-06,"Johnson&Johnson, Moderna, Pfizer/BioNTech, Pfizer/BioNTech Kids",6935926,6808252,3853406,680,13744178
2022-02-07,"Indie/AstraZeneca, Johnson&Johnson, Moderna, Pfizer/BioNTech, Pfizer/BioNTech Kids",6936633,6811471,3866001,683,13748104
2022-02-08,"Johnson&Johnson, Moderna, Pfizer/BioNTech, Pfizer/BioNTech Kids, Sputnik",6937429,6814665,3878130,688,13752094
2022-02-09,"Johnson&Johnson, Moderna, Oxford/AstraZeneca, Pfizer/BioNTech, Pfizer/BioNTech Kids",6938250,6818038,3890130,694,13756288
2022-02-10,"Johnson&Johnson, Moderna, Pfizer/BioNTech, Pfizer/BioNTech Kids",6939061,6821173,3902300,698,13760234
2022-02-11,"Johnson&Johnson, Moderna, Pfizer/BioNTech, Pfizer/BioNTech Kids",6940017,6825056,3921292,707,13765073
2022-02-12,"Johnson&Johnson, Moderna, Pfizer/BioNTech, Pfizer/BioNTech Kids",6940131,6825482,3923659,707,13765613
2022-02-13,"Johnson&Johnson, Moderna, Pfizer/BioNTech, Pfizer/BioNTech Kids",6940171,6825921,3925093,707,13766092
2022-02-14,"Indie, Johnson&Johnson, Moderna, Pfizer/BioNTech, Pfizer/BioNTech Kids",6940629,6828039,3933196,709,13768668
2022-02-15,"Johnson&Johnson, Moderna, Oxford/AstraZeneca, Pfizer/BioNTech, Pfizer/BioNTech Kids",6941185,6830254,3940578,712,13771439
2022-02-16,"Johnson&Johnson, Moderna, Pfizer/BioNTech, Pfizer/BioNTech Kids",6941781,6832360,3948572,715,13774141
2022-02-17,"Johnson&Johnson, Moderna, Oxford/AstraZeneca, Pfizer/BioNTech, Pfizer/BioNTech Kids",6942377,6834708,3956949,720,13777085
2022-02-18,"Johnson&Johnson, Moderna, Oxford/AstraZeneca, Pfizer/BioNTech, Pfizer/BioNTech Kids",6943012,6837770,3970774,722,13780782
2022-02-19,"Johnson&Johnson, Moderna, Pfizer/BioNTech, Pfizer/BioNTech Kids",6943092,6838056,3972731,722,13781148
2022-02-20,"Johnson&Johnson, Moderna, Oxford/AstraZeneca, Pfizer/BioNTech, Pfizer/BioNTech Kids",6943134,6838206,3973473,724,13781340
2022-02-21,"Johnson&Johnson, Moderna, Oxford/AstraZeneca, Pfizer/BioNTech, Pfizer/BioNTech Kids",6943500,6839911,3979385,727,13783411
2022-02-22,"Johnson&Johnson, Moderna, Oxford/AstraZeneca, Pfizer/BioNTech, Pfizer/BioNTech Kids, Čína",6943901,6841614,3984998,727,13785515
2022-02-23,"Johnson&Johnson, Moderna, Pfizer/BioNTech, Pfizer/BioNTech Kids, Čína",6944356,6843261,3990791,728,13787617
2022-02-24,"Johnson&Johnson, Moderna, Pfizer/BioNTech, Pfizer/BioNTech Kids, Sputnik",6944763,6844896,3996904,733,13789659
2022-02-25,"Johnson&Johnson, Moderna, Pfizer/BioNTech, Pfizer/BioNTech Kids, Čína",6945344,6846994,4008075,737,13792338
2022-02-26,"Johnson&Johnson, Moderna, Pfizer/BioNTech, Pfizer/BioNTech Kids",6945404,6847160,4009719,737,13792564
2022-02-27,"Johnson&Johnson, Moderna, Pfizer/BioNTech, Pfizer/BioNTech Kids",6945435,6847238,4010336,737,13792673
2022-02-28,"Johnson&Johnson, Moderna, Pfizer/BioNTech, Pfizer/BioNTech Kids",6945682,6848217,4015071,738,13793899
2022-03-01,"Johnson&Johnson, Moderna, Pfizer/BioNTech, Pfizer/BioNTech Kids",6945985,6849004,4018052,739,13794989
2022-03-02,"Indie, Johnson&Johnson, Moderna, Pfizer/BioNTech, Pfizer/BioNTech Kids",6946357,6849917,4021852,741,13796274
2022-03-03,"Indie, Johnson&Johnson, Moderna, Pfizer/BioNTech, Pfizer/BioNTech Kids",6946694,6850865,4025561,743,13797559
2022-03-04,"Indie, Johnson&Johnson, Moderna, Pfizer/BioNTech, Pfizer/BioNTech Kids",6947325,6852090,4032803,743,13799415
2022-03-05,"Indie, Johnson&Johnson, Moderna, Pfizer/BioNTech, Pfizer/BioNTech Kids",6947405,6852183,4033425,743,13799588
2022-03-06,"Indie, Moderna, Oxford/AstraZeneca, Pfizer/BioNTech, Pfizer/BioNTech Kids",6947418,6852201,4033625,743,13799619
2022-03-07,"Indie, Johnson&Johnson, Moderna, Pfizer/BioNTech, Pfizer/BioNTech Kids",6947755,6852762,4036369,746,13800517
2022-03-08,"Indie, Johnson&Johnson, Moderna, Oxford/AstraZeneca, Pfizer/BioNTech, Pfizer/BioNTech Kids, Čína",6948091,6853307,4038908,748,13801398
2022-03-09,"Indie, Johnson&Johnson, Moderna, Pfizer/BioNTech, Pfizer/BioNTech Kids",6948479,6853904,4042218,751,13802383
2022-03-10,"Indie, Johnson&Johnson, Moderna, Pfizer/BioNTech, Pfizer/BioNTech Kids",6948893,6854584,4045323,752,13803477
2022-03-11,"Indie, Johnson&Johnson, Moderna, Pfizer/BioNTech, Pfizer/BioNTech Kids, Čína",6949642,6855495,4051676,755,13805137
2022-03-12,"Indie, Johnson&Johnson, Moderna, Pfizer/BioNTech, Pfizer/BioNTech Kids",6949715,6855599,4052574,755,13805314
2022-03-13,"Indie, Johnson&Johnson, Moderna, Pfizer/BioNTech, Pfizer/BioNTech Kids",6949729,6855622,4052761,755,13805351
2022-03-14,"Indie, Johnson&Johnson, Moderna, Pfizer/BioNTech, Pfizer/BioNTech Kids",6949996,6856008,4055527,756,13806004
2022-03-15,"Indie, Johnson&Johnson, Moderna, Pfizer/BioNTech, Pfizer/BioNTech Kids",6950282,6856446,4058157,756,13806728
2022-03-16,"Indie, Johnson&Johnson, Moderna, Oxford/AstraZeneca, Pfizer/BioNTech, Pfizer/BioNTech Kids",6950602,6856991,4061085,757,13807593
2022-03-17,"Indie, Johnson&Johnson, Moderna, Oxford/AstraZeneca, Pfizer/BioNTech, Pfizer/BioNTech Kids",6950897,6857423,4064186,758,13808320
2022-03-18,"Indie, Johnson&Johnson, Moderna, Pfizer/BioNTech, Pfizer/BioNTech Kids",6951593,6858221,4070930,759,13809814
2022-03-19,"Indie, Moderna, Pfizer/BioNTech, Pfizer/BioNTech Kids",6951649,6858265,4071379,759,13809914
2022-03-20,"Indie, Moderna, Pfizer/BioNTech, Pfizer/BioNTech Kids",6951666,6858278,4071558,759,13809944
2022-03-21,"Indie, Johnson&Johnson, Moderna, Pfizer/BioNTech, Pfizer/BioNTech Kids",6951852,6858606,4074030,763,13810458
2022-03-22,"Indie, Johnson&Johnson, Moderna, Pfizer/BioNTech, Pfizer/BioNTech Kids",6952089,6859006,4076290,772,13811095
2022-03-23,"Indie, Johnson&Johnson, Moderna, Pfizer/BioNTech, Pfizer/BioNTech Kids",6952428,6859444,4079127,774,13811872
2022-03-24,"Indie, Johnson&Johnson, Moderna, Pfizer/BioNTech, Pfizer/BioNTech Kids",6952739,6859914,4082290,774,13812653
2022-03-25,"Indie, Johnson&Johnson, Moderna, Pfizer/BioNTech, Pfizer/BioNTech Kids",6953236,6860728,4088879,774,13813964
2022-03-26,"Indie, Johnson&Johnson, Moderna, Pfizer/BioNTech, Pfizer/BioNTech Kids",6953289,6860805,4089272,774,13814094
2022-03-27,"Indie, Moderna, Pfizer/BioNTech, Pfizer/BioNTech Kids",6953305,6860822,4089389,774,13814127
2022-03-28,"Indie, Johnson&Johnson, Moderna, Pfizer/BioNTech, Pfizer/BioNTech Kids",6953460,6861205,4091727,775,13814665
2022-03-29,"Indie, Johnson&Johnson, Moderna, Pfizer/BioNTech, Pfizer/BioNTech Kids",6953725,6861611,4094035,775,13815336
2022-03-30,"Indie, Johnson&Johnson, Moderna, Pfizer/BioNTech, Pfizer/BioNTech Kids",6954029,6862105,4096872,775,13816134
2022-03-31,"Indie, Johnson&Johnson, Moderna, Pfizer/BioNTech, Pfizer/BioNTech Kids",6954330,6862601,4100175,775,13816931
2022-04-01,"Indie, Johnson&Johnson, Moderna, Pfizer/BioNTech, Pfizer/BioNTech Kids",6954938,6863362,4106085,779,13818300
2022-04-02,"Indie, Moderna, Pfizer/BioNTech, Pfizer/BioNTech Kids",6954995,6863448,4106897,780,13818443
2022-04-03,"Indie, Moderna, Pfizer/BioNTech, Pfizer/BioNTech Kids",6955008,6863477,4107067,780,13818485
2022-04-04,"Indie, Johnson&Johnson, Moderna, Pfizer/BioNTech, Pfizer/BioNTech Kids",6955188,6863760,4108904,790,13818948
2022-04-05,"Indie, Johnson&Johnson, Moderna, Pfizer/BioNTech, Pfizer/BioNTech Kids",6955379,6863998,4110518,790,13819377
2022-04-06,"Indie, Johnson&Johnson, Moderna, Pfizer/BioNTech, Pfizer/BioNTech Kids",6955598,6864345,4113265,791,13819943
2022-04-07,"Indie, Johnson&Johnson, Moderna, Pfizer/BioNTech, Pfizer/BioNTech Kids",6955821,6864759,4116115,792,13820580
2022-04-08,"Indie, Johnson&Johnson, Moderna, Pfizer/BioNTech, Pfizer/BioNTech Kids",6956276,6865483,4122159,794,13821759
2022-04-09,"Indie, Johnson&Johnson, Moderna, Pfizer/BioNTech, Pfizer/BioNTech Kids",6956336,6865555,4122684,794,13821891
2022-04-10,"Indie, Moderna, Pfizer/BioNTech, Pfizer/BioNTech Kids",6956350,6865565,4122806,794,13821915
2022-04-11,"Indie, Johnson&Johnson, Moderna, Pfizer/BioNTech, Pfizer/BioNTech Kids",6956512,6865796,4124663,795,13822308
2022-04-12,"Indie, Johnson&Johnson, Moderna, Pfizer/BioNTech, Pfizer/BioNTech Kids, Čína",6956761,6866097,4126579,799,13822858
2022-04-13,"Indie, Johnson&Johnson, Moderna, Pfizer/BioNTech, Pfizer/BioNTech Kids",6956993,6866454,4129717,802,13823447
2022-04-14,"Indie, Johnson&Johnson, Moderna, Pfizer/BioNTech, Pfizer/BioNTech Kids",6957258,6866839,4133451,805,13824097
2022-04-15,"Indie, Moderna, Pfizer/BioNTech, Pfizer/BioNTech Kids",6957272,6866870,4133600,805,13824142
2022-04-16,"Indie, Johnson&Johnson, Moderna, Pfizer/BioNTech, Pfizer/BioNTech Kids",6957292,6866905,4133817,805,13824197
2022-04-17,"Indie, Moderna, Pfizer/BioNTech",6957293,6866906,4133868,805,13824199
2022-04-18,"Indie, Johnson&Johnson, Moderna, Oxford/AstraZeneca, Pfizer/BioNTech, Pfizer/BioNTech Kids",6957310,6866925,4133879,806,13824235
2022-04-19,"Indie, Johnson&Johnson, Moderna, Oxford/AstraZeneca, Pfizer/BioNTech, Pfizer/BioNTech Kids",6957449,6867257,4135668,808,13824706
2022-04-20,"Indie, Johnson&Johnson, Moderna, Oxford/AstraZeneca, Pfizer/BioNTech, Pfizer/BioNTech Kids, Čína",6957674,6867648,4138178,809,13825322
2022-04-21,"Indie, Johnson&Johnson, Moderna, Pfizer/BioNTech, Pfizer/BioNTech Kids",6957890,6868075,4140592,811,13825965
2022-04-22,"Indie, Johnson&Johnson, Moderna, Pfizer/BioNTech, Pfizer/BioNTech Kids",6958359,6868902,4146189,815,13827261
2022-04-23,"Indie, Moderna, Pfizer/BioNTech, Pfizer/BioNTech Kids",6958390,6868981,4146978,815,13827371
2022-04-24,"Indie, Moderna, Pfizer/BioNTech, Pfizer/BioNTech Kids",6958396,6868992,4147107,815,13827388
2022-04-25,"Indie, Johnson&Johnson, Moderna, Pfizer/BioNTech, Pfizer/BioNTech Kids",6958552,6869202,4148953,816,13827754
2022-04-26,"Indie, Johnson&Johnson, Moderna, Pfizer/BioNTech, Pfizer/BioNTech Kids",6958692,6869464,4150520,819,13828156
2022-04-27,"Indie, Johnson&Johnson, Moderna, Pfizer/BioNTech, Pfizer/BioNTech Kids",6958960,6869798,4152969,824,13828758
2022-04-28,"Indie, Johnson&Johnson, Moderna, Pfizer/BioNTech, Pfizer/BioNTech Kids",6959155,6870088,4155396,826,13829243
2022-04-29,"Indie, Johnson&Johnson, Moderna, Pfizer/BioNTech, Pfizer/BioNTech Kids",6959592,6870676,4160179,828,13830268
2022-04-30,"Indie, Moderna, Pfizer/BioNTech, Pfizer/BioNTech Kids",6959637,6870743,4160758,829,13830380
2022-05-01,"Indie, Moderna, Oxford/AstraZeneca, Pfizer/BioNTech, Pfizer/BioNTech Kids",6959642,6870753,4160859,829,13830395
2022-05-02,"Indie, Johnson&Johnson, Moderna, Pfizer/BioNTech, Pfizer/BioNTech Kids",6959781,6870936,4162149,829,13830717
2022-05-03,"Indie, Johnson&Johnson, Moderna, Pfizer/BioNTech, Pfizer/BioNTech Kids",6959938,6871190,4163537,831,13831128
2022-05-04,"Indie, Johnson&Johnson, Moderna, Pfizer/BioNTech, Pfizer/BioNTech Kids, Sputnik",6960143,6871466,4165668,832,13831609
2022-05-05,"Indie, Johnson&Johnson, Moderna, Pfizer/BioNTech, Pfizer/BioNTech Kids",6960350,6871757,4167800,834,13832107
2022-05-06,"Indie, Johnson&Johnson, Moderna, Pfizer/BioNTech, Pfizer/BioNTech Kids",6960723,6872098,4172752,839,13832821
2022-05-07,"Indie, Moderna, Pfizer/BioNTech, Pfizer/BioNTech Kids",6960750,6872125,4173094,840,13832875
2022-05-08,"Moderna, Pfizer/BioNTech, Pfizer/BioNTech Kids",6960752,6872134,4173139,840,13832886
2022-05-09,"Indie, Johnson&Johnson, Moderna, Pfizer/BioNTech, Pfizer/BioNTech Kids",6960861,6872224,4174428,840,13833085
2022-05-10,"Indie, Johnson&Johnson, Moderna, Pfizer/BioNTech, Pfizer/BioNTech Kids",6961009,6872452,4176050,855,13833461
2022-05-11,"Indie, Johnson&Johnson, Moderna, Oxford/AstraZeneca, Pfizer/BioNTech, Pfizer/BioNTech Kids",6961232,6872724,4178365,856,13833956
2022-05-12,"Indie, Johnson&Johnson, Moderna, Pfizer/BioNTech, Pfizer/BioNTech Kids",6961441,6873002,4180496,859,13834443
2022-05-13,"Indie, Johnson&Johnson, Moderna, Pfizer/BioNTech, Pfizer/BioNTech Kids",6961788,6873504,4184713,860,13835292
2022-05-14,"Indie, Johnson&Johnson, Moderna, Pfizer/BioNTech, Pfizer/BioNTech Kids",6961829,6873542,4185302,862,13835371
2022-05-15,"Indie, Johnson&Johnson, Moderna, Pfizer/BioNTech, Pfizer/BioNTech Kids",6961844,6873554,4185404,863,13835398
2022-05-16,"Indie, Johnson&Johnson, Moderna, Pfizer/BioNTech, Pfizer/BioNTech Kids",6961954,6873674,4186742,866,13835628
2022-05-17,"Indie, Johnson&Johnson, Moderna, Pfizer/BioNTech, Pfizer/BioNTech Kids",6962096,6873832,4188157,868,13835928
2022-05-18,"Indie, Indie/AstraZeneca, Johnson&Johnson, Moderna, Pfizer/BioNTech, Pfizer/BioNTech Kids",6962333,6874167,4190177,869,13836500
2022-05-19,"Indie, Johnson&Johnson, Moderna, Pfizer/BioNTech, Pfizer/BioNTech Kids",6962527,6874419,4192014,876,13836946
2022-05-20,"Indie, Johnson&Johnson, Moderna, Pfizer/BioNTech, Pfizer/BioNTech Kids",6962830,6874972,4196040,884,13837802
2022-05-21,"Indie, Johnson&Johnson, Moderna, Pfizer/BioNTech, Pfizer/BioNTech Kids",6962869,6875001,4196312,885,13837870
2022-05-22,"Johnson&Johnson, Moderna, Pfizer/BioNTech, Pfizer/BioNTech Kids",6962879,6875010,4196455,885,13837889
2022-05-23,"Indie, Johnson&Johnson, Moderna, Pfizer/BioNTech, Pfizer/BioNTech Kids",6963001,6875159,4197781,887,13838160
2022-05-24,"Indie, Johnson&Johnson, Moderna, Pfizer/BioNTech, Pfizer/BioNTech Kids",6963131,6875335,4199032,887,13838466
2022-05-25,"Indie, Indie/AstraZeneca, Johnson&Johnson, Moderna, Oxford/AstraZeneca, Pfizer/BioNTech, Pfizer/BioNTech Kids",6963308,6875585,4201411,888,13838893
2022-05-26,"Indie, Johnson&Johnson, Moderna, Pfizer/BioNTech, Pfizer/BioNTech Kids",6963463,6875810,4203072,891,13839273
2022-05-27,"Indie, Johnson&Johnson, Moderna, Pfizer/BioNTech, Pfizer/BioNTech Kids",6963735,6876275,4206831,898,13840010
2022-05-28,"Indie, Moderna, Pfizer/BioNTech, Pfizer/BioNTech Kids",6963773,6876324,4207220,898,13840097
2022-05-29,"Indie, Moderna, Pfizer/BioNTech, Pfizer/BioNTech Kids",6963782,6876328,4207336,898,13840110
2022-05-30,"Indie, Johnson&Johnson, Moderna, Oxford/AstraZeneca, Pfizer/BioNTech, Pfizer/BioNTech Kids",6963873,6876492,4208420,899,13840365
2022-05-31,"Indie, Johnson&Johnson, Moderna, Pfizer/BioNTech, Pfizer/BioNTech Kids",6964024,6876691,4209677,903,13840715
2022-06-01,"Indie, Johnson&Johnson, Moderna, Pfizer/BioNTech, Pfizer/BioNTech Kids",6964163,6876915,4211113,909,13841078
2022-06-02,"Indie, Moderna, Pfizer/BioNTech, Pfizer/BioNTech Kids",6964296,6877158,4212454,913,13841454
2022-06-03,"Indie, Johnson&Johnson, Moderna, Pfizer/BioNTech, Pfizer/BioNTech Kids",6964559,6877619,4215375,917,13842178
2022-06-04,"Indie, Johnson&Johnson, Moderna, Pfizer/BioNTech, Pfizer/BioNTech Kids",6964591,6877657,4215779,918,13842248
2022-06-05,"Indie, Moderna, Pfizer/BioNTech, Pfizer/BioNTech Kids",6964598,6877663,4215886,918,13842261
2022-06-06,"Indie, Johnson&Johnson, Moderna, Pfizer/BioNTech, Pfizer/BioNTech Kids",6964686,6877803,4217014,924,13842489
2022-06-07,"Indie, Johnson&Johnson, Moderna, Pfizer/BioNTech, Pfizer/BioNTech Kids",6964774,6877959,4217869,929,13842733
2022-06-08,"Indie, Indie/AstraZeneca, Johnson&Johnson, Moderna, Pfizer/BioNTech, Pfizer/BioNTech Kids",6964910,6878209,4219372,929,13843119
2022-06-09,"Indie, Johnson&Johnson, Moderna, Pfizer/BioNTech, Pfizer/BioNTech Kids",6965012,6878410,4220581,930,13843422
2022-06-10,"Indie, Johnson&Johnson, Moderna, Pfizer/BioNTech, Pfizer/BioNTech Kids",6965200,6878753,4222860,933,13843953
2022-06-11,"Indie, Moderna, Pfizer/BioNTech, Pfizer/BioNTech Kids",6965211,6878792,4223042,933,13844003
2022-06-12,"Indie, Moderna, Pfizer/BioNTech, Pfizer/BioNTech Kids",6965217,6878815,4223124,933,13844032
2022-06-13,"Indie, Johnson&Johnson, Moderna, Oxford/AstraZeneca, Pfizer/BioNTech, Pfizer/BioNTech Kids",6965281,6878942,4223977,936,13844223
2022-06-14,"Indie, Johnson&Johnson, Moderna, Pfizer/BioNTech, Pfizer/BioNTech Kids",6965360,6879091,4224777,941,13844451
2022-06-15,"Indie, Johnson&Johnson, Moderna, Pfizer/BioNTech, Pfizer/BioNTech Kids",6965444,6879287,4225943,943,13844731
2022-06-16,"Indie, Johnson&Johnson, Moderna, Pfizer/BioNTech, Pfizer/BioNTech Kids",6965510,6879465,4226901,944,13844975
2022-06-17,"Indie, Johnson&Johnson, Moderna, Pfizer/BioNTech, Pfizer/BioNTech Kids, Čína",6965665,6879753,4229069,946,13845418
2022-06-18,"Indie, Moderna, Pfizer/BioNTech, Pfizer/BioNTech Kids, Čína",6965677,6879793,4229179,946,13845470
2022-06-19,"Moderna, Pfizer/BioNTech, Pfizer/BioNTech Kids",6965681,6879801,4229238,946,13845482
2022-06-20,"Indie, Johnson&Johnson, Moderna, Pfizer/BioNTech, Pfizer/BioNTech Kids",6965746,6879922,4229956,951,13845668
2022-06-21,"Indie, Johnson&Johnson, Moderna, Pfizer/BioNTech, Pfizer/BioNTech Kids",6965808,6880049,4230739,953,13845857
2022-06-22,"Indie, Johnson&Johnson, Moderna, Pfizer/BioNTech, Pfizer/BioNTech Kids",6965901,6880233,4231875,960,13846134
2022-06-23,"Indie, Johnson&Johnson, Moderna, Pfizer/BioNTech, Pfizer/BioNTech Kids",6965961,6880404,4232867,964,13846365
2022-06-24,"Indie, Johnson&Johnson, Moderna, Pfizer/BioNTech, Pfizer/BioNTech Kids",6966121,6880755,4234771,967,13846876
2022-06-25,"Indie, Moderna, Pfizer/BioNTech, Pfizer/BioNTech Kids",6966140,6880808,4235120,969,13846948
2022-06-26,"Moderna, Pfizer/BioNTech, Pfizer/BioNTech Kids",6966142,6880819,4235187,969,13846961
2022-06-27,"Indie, Johnson&Johnson, Moderna, Pfizer/BioNTech, Pfizer/BioNTech Kids",6966216,6880934,4236024,973,13847150
2022-06-28,"Indie, Johnson&Johnson, Moderna, Pfizer/BioNTech, Pfizer/BioNTech Kids",6966289,6881051,4236851,977,13847340
2022-06-29,"Indie, Johnson&Johnson, Moderna, Pfizer/BioNTech, Pfizer/BioNTech Kids",6966410,6881237,4238177,981,13847647
2022-06-30,"Indie, Johnson&Johnson, Moderna, Pfizer/BioNTech, Pfizer/BioNTech Kids",6966510,6881396,4239351,986,13847906
2022-07-01,"Indie, Johnson&Johnson, Moderna, Oxford/AstraZeneca, Pfizer/BioNTech, Pfizer/BioNTech Kids",6966696,6881650,4241415,991,13848346
2022-07-02,"Indie, Indie/AstraZeneca, Moderna, Pfizer/BioNTech, Pfizer/BioNTech Kids",6966710,6881657,4241558,992,13848367
2022-07-03,"Moderna, Pfizer/BioNTech, Pfizer/BioNTech Kids",6966713,6881668,4241623,992,13848381
2022-07-04,"Indie, Johnson&Johnson, Moderna, Pfizer/BioNTech, Pfizer/BioNTech Kids",6966797,6881734,4242414,992,13848531
2022-07-05,"Indie, Moderna, Pfizer/BioNTech, Pfizer/BioNTech Kids",6966808,6881737,4242450,995,13848545
2022-07-06,"Moderna, Pfizer/BioNTech",6966816,6881745,4242488,995,13848561
2022-07-07,"Indie, Johnson&Johnson, Moderna, Pfizer/BioNTech, Pfizer/BioNTech Kids",6966924,6881848,4243478,999,13848772
2022-07-08,"Indie, Johnson&Johnson, Moderna, Pfizer/BioNTech, Pfizer/BioNTech Kids",6967090,6882042,4245612,1016,13849132
2022-07-09,"Indie, Johnson&Johnson, Moderna, Pfizer/BioNTech, Pfizer/BioNTech Kids",6967100,6882051,4245732,1016,13849151
2022-07-10,"Moderna, Pfizer/BioNTech, Pfizer/BioNTech Kids",6967104,6882061,4245805,1016,13849165
2022-07-11,"Indie, Johnson&Johnson, Moderna, Pfizer/BioNTech, Pfizer/BioNTech Kids",6967202,6882152,4246892,1030,13849354
2022-07-12,"Indie, Johnson&Johnson, Moderna, Pfizer/BioNTech, Pfizer/BioNTech Kids",6967303,6882246,4247951,1040,13849549
2022-07-13,"Indie, Johnson&Johnson, Moderna, Pfizer/BioNTech, Pfizer/BioNTech Kids",6967475,6882373,4249842,1051,13849848
2022-07-14,"Indie, Johnson&Johnson, Moderna, Pfizer/BioNTech, Pfizer/BioNTech Kids",6967608,6882463,4251161,1074,13850071
2022-07-15,"Indie, Johnson&Johnson, Moderna, Pfizer/BioNTech, Pfizer/BioNTech Kids",6967868,6882677,4254396,1121,13850545
2022-07-16,"Indie, Johnson&Johnson, Moderna, Pfizer/BioNTech, Pfizer/BioNTech Kids",6967905,6882709,4254799,1123,13850614
2022-07-17,"Moderna, Pfizer/BioNTech, Pfizer/BioNTech Kids, Čína",6967911,6882716,4254897,1123,13850627
2022-07-18,"Indie, Johnson&Johnson, Moderna, Oxford/AstraZeneca, Pfizer/BioNTech, Pfizer/BioNTech Kids",6968049,6882819,4255943,3086,13850868
2022-07-19,"Indie, Johnson&Johnson, Moderna, Pfizer/BioNTech, Pfizer/BioNTech Kids",6968144,6882889,4256963,6152,13851033
2022-07-20,"Indie, Johnson&Johnson, Moderna, Pfizer/BioNTech, Pfizer/BioNTech Kids",6968248,6882996,4258712,9967,13851244
2022-07-21,"Indie, Johnson&Johnson, Moderna, Pfizer/BioNTech, Pfizer/BioNTech Kids",6968366,6883081,4260068,14216,13851447
2022-07-22,"Indie, Johnson&Johnson, Moderna, Oxford/AstraZeneca, Pfizer/BioNTech, Pfizer/BioNTech Kids, Čína",6968579,6883296,4262908,22074,13851875
2022-07-23,"Indie, Johnson&Johnson, Moderna, Pfizer/BioNTech, Pfizer/BioNTech Kids",6968603,6883312,4263037,22431,13851915
2022-07-24,"Moderna, Pfizer/BioNTech, Pfizer/BioNTech Kids",6968608,6883322,4263100,22651,13851930
2022-07-25,"Indie, Johnson&Johnson, Moderna, Pfizer/BioNTech, Pfizer/BioNTech Kids",6968702,6883400,4264093,26743,13852102
2022-07-26,"Indie, Johnson&Johnson, Moderna, Pfizer/BioNTech, Pfizer/BioNTech Kids",6968810,6883474,4265280,32176,13852284
2022-07-27,"Indie, Johnson&Johnson, Moderna, Pfizer/BioNTech, Pfizer/BioNTech Kids",6968939,6883566,4267017,38621,13852505
2022-07-28,"Indie, Johnson&Johnson, Moderna, Pfizer/BioNTech, Pfizer/BioNTech Kids",6969059,6883694,4268539,44249,13852753
2022-07-29,"Indie, Johnson&Johnson, Moderna, Pfizer/BioNTech, Pfizer/BioNTech Kids",6969302,6883909,4271104,50709,13853211
2022-07-30,"Indie, Johnson&Johnson, Moderna, Pfizer/BioNTech, Pfizer/BioNTech Kids",6969318,6883924,4271296,51416,13853242
2022-07-31,"Johnson&Johnson, Moderna, Pfizer/BioNTech, Pfizer/BioNTech Kids",6969333,6883929,4271383,51526,13853262
2022-08-01,"Indie, Johnson&Johnson, Moderna, Pfizer/BioNTech, Pfizer/BioNTech Kids",6969430,6884021,4272301,54216,13853451
2022-08-02,"Indie, Johnson&Johnson, Moderna, Pfizer/BioNTech, Pfizer/BioNTech Kids",6969545,6884108,4273367,58481,13853653
2022-08-03,"Indie, Johnson&Johnson, Moderna, Pfizer/BioNTech, Pfizer/BioNTech Kids",6969683,6884246,4274710,63046,13853929
2022-08-04,"Indie, Johnson&Johnson, Moderna, Pfizer/BioNTech, Pfizer/BioNTech Kids",6969822,6884399,4276169,68210,13854221
2022-08-05,"Indie, Johnson&Johnson, Moderna, Pfizer/BioNTech, Pfizer/BioNTech Kids",6970059,6884651,4278206,73846,13854710
2022-08-06,"Indie, Johnson&Johnson, Moderna, Pfizer/BioNTech, Pfizer/BioNTech Kids, Čína",6970076,6884679,4278504,74074,13854755
2022-08-07,"Moderna, Pfizer/BioNTech, Pfizer/BioNTech Kids",6970081,6884683,4278571,74155,13854764
2022-08-08,"Indie, Johnson&Johnson, Moderna, Pfizer/BioNTech, Pfizer/BioNTech Kids, Čína",6970182,6884796,4279351,77100,13854978
2022-08-09,"Indie, Johnson&Johnson, Moderna, Pfizer/BioNTech, Pfizer/BioNTech Kids",6970287,6884881,4280444,81658,13855168
2022-08-10,"Indie, Johnson&Johnson, Moderna, Pfizer/BioNTech, Pfizer/BioNTech Kids",6970411,6884991,4281592,86447,13855402
2022-08-11,"Indie, Johnson&Johnson, Moderna, Pfizer/BioNTech, Pfizer/BioNTech Kids",6970517,6885124,4282749,91340,13855641
2022-08-12,"Indie, Johnson&Johnson, Moderna, Pfizer/BioNTech, Pfizer/BioNTech Kids",6970664,6885332,4284557,96801,13855996
2022-08-13,"Johnson&Johnson, Moderna, Pfizer/BioNTech, Pfizer/BioNTech Kids",6970679,6885361,4284651,96989,13856040
2022-08-14,"Moderna, Pfizer/BioNTech, Pfizer/BioNTech Kids",6970682,6885366,4284702,97028,13856048
2022-08-15,"Indie, Johnson&Johnson, Moderna, Pfizer/BioNTech, Pfizer/BioNTech Kids",6970773,6885485,4285490,100111,13856258
2022-08-16,"Indie, Johnson&Johnson, Moderna, Pfizer/BioNTech, Pfizer/BioNTech Kids, Čína",6970871,6885595,4286408,104415,13856466
2022-08-17,"Indie, Johnson&Johnson, Moderna, Pfizer/BioNTech, Pfizer/BioNTech Kids, Čína",6970960,6885721,4287444,109796,13856681
2022-08-18,"Indie, Johnson&Johnson, Moderna, Pfizer/BioNTech, Pfizer/BioNTech Kids",6971066,6885865,4288625,115778,13856931
2022-08-19,"Indie, Johnson&Johnson, Moderna, Pfizer/BioNTech, Pfizer/BioNTech Kids",6971242,6886084,4290460,122842,13857326
2022-08-20,"Indie, Moderna, Oxford/AstraZeneca, Pfizer/BioNTech, Pfizer/BioNTech Kids",6971252,6886095,4290632,123739,13857347
2022-08-21,"Moderna, Pfizer/BioNTech, Pfizer/BioNTech Kids",6971254,6886104,4290682,123954,13857358
2022-08-22,"Indie, Johnson&Johnson, Moderna, Oxford/AstraZeneca, Pfizer/BioNTech, Pfizer/BioNTech Kids",6971338,6886206,4291460,127773,13857544
2022-08-23,"Indie, Johnson&Johnson, Moderna, Pfizer/BioNTech, Pfizer/BioNTech Kids",6971463,6886347,4292403,132473,13857810
2022-08-24,"Indie, Johnson&Johnson, Moderna, Pfizer/BioNTech, Pfizer/BioNTech Kids",6971557,6886481,4293473,137910,13858038
2022-08-25,"Indie, Johnson&Johnson, Moderna, Pfizer/BioNTech, Pfizer/BioNTech Kids",6971672,6886593,4294675,144087,13858265
2022-08-26,"Indie, Johnson&Johnson, Moderna, Pfizer/BioNTech, Pfizer/BioNTech Kids",6971838,6886827,4296358,150818,13858665
2022-08-27,"Indie, Johnson&Johnson, Moderna, Pfizer/BioNTech, Pfizer/BioNTech Kids",6971873,6886855,4296582,151166,13858728
2022-08-28,"Indie, Moderna, Pfizer/BioNTech, Pfizer/BioNTech Kids",6971881,6886868,4296627,151251,13858749
2022-08-29,"Indie, Johnson&Johnson, Moderna, Pfizer/BioNTech, Pfizer/BioNTech Kids",6971956,6886965,4297402,154741,13858921
2022-08-30,"Indie, Johnson&Johnson, Moderna, Pfizer/BioNTech, Pfizer/BioNTech Kids",6972054,6887067,4298321,159700,13859121
2022-08-31,"Indie, Johnson&Johnson, Moderna, Pfizer/BioNTech, Pfizer/BioNTech Kids",6972172,6887199,4299325,164302,13859371
2022-09-01,"Indie, Johnson&Johnson, Moderna, Pfizer/BioNTech, Pfizer/BioNTech Kids",6972283,6887319,4300289,170026,13859602
2022-09-02,"Indie, Johnson&Johnson, Moderna, Pfizer/BioNTech, Pfizer/BioNTech Kids",6972456,6887512,4301649,176246,13859968
2022-09-03,"Indie, Johnson&Johnson, Moderna, Pfizer/BioNTech, Pfizer/BioNTech Kids",6972471,6887528,4301729,176354,13859999
2022-09-04,"Indie, Moderna, Pfizer/BioNTech, Pfizer/BioNTech Kids",6972476,6887532,4301761,176388,13860008
2022-09-05,"Indie, Johnson&Johnson, Moderna, Pfizer/BioNTech, Pfizer/BioNTech Kids",6972552,6887627,4302497,180228,13860179
2022-09-06,"Indie, Johnson&Johnson, Moderna, Pfizer/BioNTech, Pfizer/BioNTech Kids, Čína",6972625,6887718,4303230,185022,13860343
2022-09-07,"Indie, Johnson&Johnson, Moderna, Oxford/AstraZeneca, Pfizer/BioNTech, Pfizer/BioNTech Kids, Pfizer/BioNTech original + BA.1, Pfizer/BioNTech original + BA.4/5",6972706,6887810,4304127,190807,13860516
2022-09-08,"Indie, Johnson&Johnson, Moderna, Pfizer/BioNTech, Pfizer/BioNTech Kids, Pfizer/BioNTech original + BA.1",6972794,6887904,4305128,196820,13860698
2022-09-09,"Indie, Johnson&Johnson, Moderna, Pfizer/BioNTech, Pfizer/BioNTech Kids, Pfizer/BioNTech original + BA.1, Pfizer/BioNTech original + BA.4/5",6972941,6888049,4306305,202559,13860990
2022-09-10,"Indie, Moderna, Pfizer/BioNTech, Pfizer/BioNTech Kids, Pfizer/BioNTech original + BA.1",6972952,6888064,4306391,202705,13861016
2022-09-11,"Moderna, Pfizer/BioNTech, Pfizer/BioNTech Kids, Pfizer/BioNTech original + BA.1",6972960,6888067,4306414,202743,13861027
2022-09-12,"Indie, Johnson&Johnson, Moderna, Moderna bivalent BA.1, Pfizer/BioNTech, Pfizer/BioNTech Kids, Pfizer/BioNTech original + BA.1, Pfizer/BioNTech original + BA.4/5",6973054,6888162,4307022,206127,13861216
2022-09-13,"Indie, Johnson&Johnson, Moderna, Pfizer/BioNTech, Pfizer/BioNTech Kids, Pfizer/BioNTech original + BA.1",6973144,6888254,4307743,211384,13861398
2022-09-14,"Indie, Johnson&Johnson, Moderna, Pfizer/BioNTech, Pfizer/BioNTech Kids, Pfizer/BioNTech original + BA.1, Pfizer/BioNTech original + BA.4/5",6973238,6888362,4308578,217642,13861600
2022-09-15,"Indie, Johnson&Johnson, Moderna, Oxford/AstraZeneca, Pfizer/BioNTech, Pfizer/BioNTech Kids, Pfizer/BioNTech original + BA.1, Pfizer/BioNTech original + BA.4/5",6973340,6888458,4309584,225067,13861798
2022-09-16,"Indie, Johnson&Johnson, Moderna, Moderna bivalent BA.1, Pfizer/BioNTech, Pfizer/BioNTech Kids, Pfizer/BioNTech original + BA.1, Pfizer/BioNTech original + BA.4/5",6973494,6888631,4310960,234361,13862125
2022-09-17,"Johnson&Johnson, Moderna, Pfizer/BioNTech, Pfizer/BioNTech Kids, Pfizer/BioNTech original + BA.1",6973502,6888651,4311152,235196,13862153
2022-09-18,"Indie, Johnson&Johnson, Moderna, Pfizer/BioNTech, Pfizer/BioNTech Kids, Pfizer/BioNTech original + BA.1, Pfizer/BioNTech original + BA.4/5",6973509,6888660,4311228,235428,13862169
2022-09-19,"Indie, Johnson&Johnson, Moderna, Moderna bivalent BA.1, Pfizer/BioNTech, Pfizer/BioNTech Kids, Pfizer/BioNTech original + BA.1, Pfizer/BioNTech original + BA.4/5",6973572,6888721,4311871,241024,13862293
2022-09-20,"Indie, Johnson&Johnson, Moderna, Pfizer/BioNTech, Pfizer/BioNTech Kids, Pfizer/BioNTech original + BA.1, Pfizer/BioNTech original + BA.4/5",6973663,6888796,4312806,249198,13862459
2022-09-21,"Indie, Moderna, Moderna bivalent BA.1, Oxford/AstraZeneca, Pfizer/BioNTech, Pfizer/BioNTech Kids, Pfizer/BioNTech original + BA.1, Pfizer/BioNTech original + BA.4/5",6973761,6888893,4313859,258765,13862654
2022-09-22,"Indie, Johnson&Johnson, Moderna, Moderna bivalent BA.1, Pfizer/BioNTech, Pfizer/BioNTech Kids, Pfizer/BioNTech original + BA.1, Pfizer/BioNTech original + BA.4/5",6973830,6888985,4314758,268235,13862815
2022-09-23,"Indie, Johnson&Johnson, Moderna, Moderna bivalent BA.1, Pfizer/BioNTech, Pfizer/BioNTech Kids, Pfizer/BioNTech original + BA.1, Pfizer/BioNTech original + BA.4/5",6973961,6889134,4315970,278976,13863095
2022-09-24,"Indie, Moderna, Moderna bivalent BA.1, Pfizer/BioNTech, Pfizer/BioNTech Kids, Pfizer/BioNTech original + BA.1, Pfizer/BioNTech original + BA.4/5",6973966,6889150,4316061,279354,13863116
2022-09-25,"Moderna, Pfizer/BioNTech, Pfizer/BioNTech original + BA.1, Pfizer/BioNTech original + BA.4/5",6973968,6889151,4316087,279498,13863119
2022-09-26,"Indie, Johnson&Johnson, Moderna, Moderna bivalent BA.1, Pfizer/BioNTech, Pfizer/BioNTech Kids, Pfizer/BioNTech original + BA.1, Pfizer/BioNTech original + BA.4/5",6974003,6889217,4316790,286090,13863220
2022-09-27,"Indie, Johnson&Johnson, Moderna, Moderna bivalent BA.1, Oxford/AstraZeneca, Pfizer/BioNTech, Pfizer/BioNTech Kids, Pfizer/BioNTech original + BA.1, Pfizer/BioNTech original + BA.4/5",6974080,6889320,4317664,294875,13863400
2022-09-28,"Moderna, Pfizer/BioNTech, Pfizer/BioNTech Kids, Pfizer/BioNTech original + BA.1, Pfizer/BioNTech original + BA.4/5, Valneva",6974085,6889321,4317676,294944,13863406
2022-09-29,"Indie, Johnson&Johnson, Moderna, Moderna bivalent BA.1, Pfizer/BioNTech, Pfizer/BioNTech Kids, Pfizer/BioNTech original + BA.1, Pfizer/BioNTech original + BA.4/5",6974150,6889410,4318619,304244,13863560
2022-09-30,"Indie, Johnson&Johnson, Moderna, Moderna bivalent BA.1, Pfizer/BioNTech, Pfizer/BioNTech Kids, Pfizer/BioNTech original + BA.1, Pfizer/BioNTech original + BA.4/5",6974285,6889578,4320003,315774,13863863
2022-10-01,"Moderna, Moderna bivalent BA.1, Pfizer/BioNTech, Pfizer/BioNTech Kids, Pfizer/BioNTech original + BA.1, Pfizer/BioNTech original + BA.4/5",6974293,6889589,4320099,316340,13863882
2022-10-02,"Indie, Moderna bivalent BA.1, Pfizer/BioNTech, Pfizer/BioNTech original + BA.4/5",6974296,6889590,4320176,316878,13863886
2022-10-03,"Indie, Johnson&Johnson, Moderna, Moderna bivalent BA.1, Pfizer/BioNTech, Pfizer/BioNTech Kids, Pfizer/BioNTech original + BA.1, Pfizer/BioNTech original + BA.4/5",6974388,6889676,4320943,324826,13864064
2022-10-04,"Indie, Johnson&Johnson, Moderna, Moderna bivalent BA.1, Pfizer/BioNTech, Pfizer/BioNTech Kids, Pfizer/BioNTech original + BA.1, Pfizer/BioNTech original + BA.4/5, Čína",6974470,6889769,4321833,334985,13864239
2022-10-05,"Indie, Johnson&Johnson, Moderna, Moderna bivalent BA.1, Pfizer/BioNTech, Pfizer/BioNTech Kids, Pfizer/BioNTech original + BA.1, Pfizer/BioNTech original + BA.4/5",6974547,6889862,4322931,347025,13864409
2022-10-06,"Indie, Johnson&Johnson, Moderna, Moderna bivalent BA.1, Pfizer/BioNTech, Pfizer/BioNTech Kids, Pfizer/BioNTech original + BA.1, Pfizer/BioNTech original + BA.4/5, Čína",6974647,6889993,4324154,360458,13864640
2022-10-07,"Indie, Johnson&Johnson, Moderna, Moderna bivalent BA.1, Pfizer/BioNTech, Pfizer/BioNTech Kids, Pfizer/BioNTech original + BA.1, Pfizer/BioNTech original + BA.4/5",6974796,6890159,4325837,377503,13864955
2022-10-08,"Indie, Moderna bivalent BA.1, Pfizer/BioNTech, Pfizer/BioNTech Kids, Pfizer/BioNTech original + BA.1, Pfizer/BioNTech original + BA.4/5",6974812,6890165,4325973,378464,13864977
2022-10-09,"Moderna bivalent BA.1, Pfizer/BioNTech, Pfizer/BioNTech original + BA.1, Pfizer/BioNTech original + BA.4/5",6974812,6890166,4326002,378618,13864978
2022-10-10,"Indie, Johnson&Johnson, Moderna, Moderna bivalent BA.1, Pfizer/BioNTech, Pfizer/BioNTech Kids, Pfizer/BioNTech original + BA.1, Pfizer/BioNTech original + BA.4/5",6974870,6890236,4326783,387874,13865106
2022-10-11,"Indie, Johnson&Johnson, Moderna, Moderna bivalent BA.1, Pfizer/BioNTech, Pfizer/BioNTech Kids, Pfizer/BioNTech original + BA.1, Pfizer/BioNTech original + BA.4/5",6974945,6890336,4327919,400524,13865281
2022-10-12,"Indie, Moderna, Moderna bivalent BA.1, Pfizer/BioNTech, Pfizer/BioNTech Kids, Pfizer/BioNTech original + BA.1, Pfizer/BioNTech original + BA.4/5",6975052,6890429,4329206,414290,13865481
2022-10-13,"Indie, Johnson&Johnson, Moderna, Moderna bivalent BA.1, Pfizer/BioNTech, Pfizer/BioNTech Kids, Pfizer/BioNTech original + BA.1, Pfizer/BioNTech original + BA.4/5",6975145,6890526,4330589,429205,13865671
2022-10-14,"Indie, Johnson&Johnson, Moderna, Moderna bivalent BA.1, Pfizer/BioNTech, Pfizer/BioNTech Kids, Pfizer/BioNTech original + BA.1, Pfizer/BioNTech original + BA.4/5",6975291,6890668,4332627,447906,13865959
2022-10-15,"Moderna bivalent BA.1, Pfizer/BioNTech, Pfizer/BioNTech Kids, Pfizer/BioNTech original + BA.1, Pfizer/BioNTech original + BA.4/5",6975306,6890679,4332789,449143,13865985
2022-10-16,"Indie, Moderna, Moderna bivalent BA.1, Pfizer/BioNTech, Pfizer/BioNTech Kids, Pfizer/BioNTech original + BA.1, Pfizer/BioNTech original + BA.4/5",6975307,6890682,4332819,449315,13865989
2022-10-17,"Indie, Johnson&Johnson, Moderna, Moderna bivalent BA.1, Pfizer/BioNTech, Pfizer/BioNTech Kids, Pfizer/BioNTech original + BA.1, Pfizer/BioNTech original + BA.4/5",6975363,6890733,4333722,458016,13866096
2022-10-18,"Indie, Johnson&Johnson, Moderna, Moderna bivalent BA.1, Pfizer/BioNTech, Pfizer/BioNTech Kids, Pfizer/BioNTech original + BA.1, Pfizer/BioNTech original + BA.4/5",6975431,6890793,4334904,470517,13866224
2022-10-19,"Indie, Johnson&Johnson, Moderna, Moderna bivalent BA.1, Pfizer/BioNTech, Pfizer/BioNTech Kids, Pfizer/BioNTech original + BA.1, Pfizer/BioNTech original + BA.4/5",6975495,6890851,4336145,483995,13866346
2022-10-20,"Indie, Johnson&Johnson, Moderna, Moderna bivalent BA.1, Pfizer/BioNTech, Pfizer/BioNTech Kids, Pfizer/BioNTech original + BA.1, Pfizer/BioNTech original + BA.4/5",6975571,6890918,4337521,499339,13866489
2022-10-21,"Indie, Johnson&Johnson, Moderna, Moderna bivalent BA.1, Pfizer/BioNTech, Pfizer/BioNTech Kids, Pfizer/BioNTech original + BA.1, Pfizer/BioNTech original + BA.4/5",6975695,6891029,4339449,518033,13866724
2022-10-22,"Indie, Johnson&Johnson, Moderna, Moderna bivalent BA.1, Pfizer/BioNTech, Pfizer/BioNTech Kids, Pfizer/BioNTech original + BA.1, Pfizer/BioNTech original + BA.4/5",6975711,6891044,4339601,519547,13866755
2022-10-23,"Indie, Moderna, Moderna bivalent BA.1, Pfizer/BioNTech, Pfizer/BioNTech Kids, Pfizer/BioNTech original + BA.1, Pfizer/BioNTech original + BA.4/5",6975713,6891048,4339629,519711,13866761
2022-10-24,"Indie, Johnson&Johnson, Moderna, Moderna bivalent BA.1, Pfizer/BioNTech, Pfizer/BioNTech Kids, Pfizer/BioNTech original + BA.1, Pfizer/BioNTech original + BA.4/5",6975750,6891098,4340425,528480,13866848
2022-10-25,"Indie, Johnson&Johnson, Moderna, Moderna bivalent BA.1, Pfizer/BioNTech, Pfizer/BioNTech Kids, Pfizer/BioNTech original + BA.1, Pfizer/BioNTech original + BA.4/5",6975822,6891174,4341442,540328,13866996
2022-10-26,"Indie, Johnson&Johnson, Moderna, Moderna bivalent BA.1, Pfizer/BioNTech, Pfizer/BioNTech Kids, Pfizer/BioNTech original + BA.1, Pfizer/BioNTech original + BA.4/5",6975889,6891231,4342551,552681,13867120
2022-10-27,"Indie, Johnson&Johnson, Moderna, Moderna bivalent BA.1, Pfizer/BioNTech, Pfizer/BioNTech Kids, Pfizer/BioNTech original + BA.1, Pfizer/BioNTech original + BA.4/5",6975935,6891320,4343843,566070,13867255
2022-10-28,"Moderna, Pfizer/BioNTech, Pfizer/BioNTech original + BA.1, Pfizer/BioNTech original + BA.4/5, Valneva",6975939,6891326,4343881,566529,13867265
2022-10-29,"Indie, Johnson&Johnson, Moderna, Moderna bivalent BA.1, Pfizer/BioNTech, Pfizer/BioNTech Kids, Pfizer/BioNTech original + BA.1, Pfizer/BioNTech original + BA.4/5",6975945,6891341,4344012,567443,13867286
2022-10-30,"Moderna, Moderna bivalent BA.1, Pfizer/BioNTech, Pfizer/BioNTech Kids, Pfizer/BioNTech original + BA.4/5",6975947,6891344,4344041,567870,13867291
2022-10-31,"Indie, Johnson&Johnson, Moderna, Moderna bivalent BA.1, Pfizer/BioNTech, Pfizer/BioNTech Kids, Pfizer/BioNTech original + BA.1, Pfizer/BioNTech original + BA.4/5",6976004,6891426,4344692,574844,13867430
2022-11-01,"Indie, Johnson&Johnson, Moderna, Moderna bivalent BA.1, Pfizer/BioNTech, Pfizer/BioNTech Kids, Pfizer/BioNTech original + BA.1, Pfizer/BioNTech original + BA.4/5",6976058,6891480,4345509,584978,13867538
2022-11-02,"Indie, Johnson&Johnson, Moderna, Moderna bivalent BA.1, Pfizer/BioNTech, Pfizer/BioNTech Kids, Pfizer/BioNTech original + BA.1, Pfizer/BioNTech original + BA.4/5",6976106,6891553,4346376,595743,13867659
2022-11-03,"Indie, Johnson&Johnson, Moderna, Moderna bivalent BA.1, Pfizer/BioNTech, Pfizer/BioNTech Kids, Pfizer/BioNTech original + BA.1, Pfizer/BioNTech original + BA.4/5",6976151,6891634,4347273,607491,13867785
2022-11-04,"Indie, Johnson&Johnson, Moderna, Moderna bivalent BA.1, Pfizer/BioNTech, Pfizer/BioNTech Kids, Pfizer/BioNTech original + BA.1, Pfizer/BioNTech original + BA.4/5",6976280,6891780,4348682,622785,13868060
2022-11-05,"Indie, Moderna, Moderna bivalent BA.1, Pfizer/BioNTech, Pfizer/BioNTech Kids, Pfizer/BioNTech original + BA.1, Pfizer/BioNTech original + BA.4/5",6976288,6891791,4348779,623613,13868079
2022-11-06,"Indie, Moderna bivalent BA.1, Pfizer/BioNTech, Pfizer/BioNTech original + BA.1, Pfizer/BioNTech original + BA.4/5",6976290,6891791,4348805,623744,13868081
2022-11-07,"Indie, Johnson&Johnson, Moderna, Moderna bivalent BA.1, Pfizer/BioNTech, Pfizer/BioNTech Kids, Pfizer/BioNTech original + BA.1, Pfizer/BioNTech original + BA.4/5",6976328,6891854,4349380,630489,13868182
2022-11-08,"Indie, Johnson&Johnson, Moderna, Moderna bivalent BA.1, Pfizer/BioNTech, Pfizer/BioNTech Kids, Pfizer/BioNTech original + BA.1, Pfizer/BioNTech original + BA.4/5",6976376,6891918,4350091,639965,13868294
2022-11-09,"Indie, Johnson&Johnson, Moderna, Moderna bivalent BA.1, Pfizer/BioNTech, Pfizer/BioNTech Kids, Pfizer/BioNTech original + BA.1, Pfizer/BioNTech original + BA.4/5",6976422,6891967,4350839,648667,13868389
2022-11-10,"Indie, Johnson&Johnson, Moderna, Moderna bivalent BA.1, Pfizer/BioNTech, Pfizer/BioNTech Kids, Pfizer/BioNTech original + BA.1, Pfizer/BioNTech original + BA.4/5",6976480,6892031,4351585,657762,13868511
2022-11-11,"Indie, Johnson&Johnson, Moderna, Moderna bivalent BA.1, Pfizer/BioNTech, Pfizer/BioNTech Kids, Pfizer/BioNTech original + BA.1, Pfizer/BioNTech original + BA.4/5",6976572,6892157,4352586,668781,13868729
2022-11-12,"Indie, Johnson&Johnson, Moderna bivalent BA.1, Pfizer/BioNTech, Pfizer/BioNTech Kids, Pfizer/BioNTech original + BA.4/5",6976578,6892164,4352625,669017,13868742
2022-11-13,"Indie, Moderna, Pfizer/BioNTech original + BA.4/5",6976579,6892166,4352646,669115,13868745
2022-11-14,"Indie, Johnson&Johnson, Moderna, Moderna bivalent BA.1, Pfizer/BioNTech, Pfizer/BioNTech Kids, Pfizer/BioNTech original + BA.1, Pfizer/BioNTech original + BA.4/5",6976622,6892218,4353033,674112,13868840
2022-11-15,"Indie, Johnson&Johnson, Moderna, Moderna bivalent BA.1, Pfizer/BioNTech, Pfizer/BioNTech Kids, Pfizer/BioNTech original + BA.1, Pfizer/BioNTech original + BA.4/5",6976675,6892284,4353639,681643,13868959
2022-11-16,"Indie, Johnson&Johnson, Moderna, Moderna bivalent BA.1, Pfizer/BioNTech, Pfizer/BioNTech Kids, Pfizer/BioNTech Mini, Pfizer/BioNTech original + BA.1, Pfizer/BioNTech original + BA.4/5",6976728,6892359,4354300,689760,13869087
2022-11-17,"Moderna, Moderna bivalent BA.1, Pfizer/BioNTech, Pfizer/BioNTech original + BA.1, Pfizer/BioNTech original + BA.4/5",6976729,6892360,4354317,689966,13869089
2022-11-18,"Indie, Johnson&Johnson, Moderna, Moderna bivalent BA.1, Pfizer/BioNTech, Pfizer/BioNTech Kids, Pfizer/BioNTech original + BA.1, Pfizer/BioNTech original + BA.4/5",6976786,6892408,4354904,696285,13869194
2022-11-19,"Indie, Johnson&Johnson, Moderna bivalent BA.1, Pfizer/BioNTech, Pfizer/BioNTech Kids, Pfizer/BioNTech original + BA.1, Pfizer/BioNTech original + BA.4/5",6976788,6892411,4354936,696596,13869199
2022-11-20,"Moderna bivalent BA.1, Pfizer/BioNTech, Pfizer/BioNTech original + BA.1, Pfizer/BioNTech original + BA.4/5",6976791,6892412,4354965,696883,13869203
2022-11-21,"Indie, Johnson&Johnson, Moderna, Moderna bivalent BA.1, Pfizer/BioNTech, Pfizer/BioNTech Kids, Pfizer/BioNTech original + BA.1, Pfizer/BioNTech original + BA.4/5",6976835,6892462,4355281,701031,13869297
2022-11-22,"Indie, Johnson&Johnson, Moderna, Moderna bivalent BA.1, Pfizer/BioNTech, Pfizer/BioNTech Kids, Pfizer/BioNTech original + BA.1, Pfizer/BioNTech original + BA.4/5",6976876,6892532,4355731,706769,13869408
2022-11-23,"Indie, Johnson&Johnson, Moderna, Moderna bivalent BA.1, Pfizer/BioNTech, Pfizer/BioNTech Kids, Pfizer/BioNTech original + BA.1, Pfizer/BioNTech original + BA.4/5",6976912,6892572,4356243,712462,13869484
2022-11-24,"Indie, Johnson&Johnson, Moderna, Moderna bivalent BA.1, Pfizer/BioNTech, Pfizer/BioNTech Kids, Pfizer/BioNTech original + BA.1, Pfizer/BioNTech original + BA.4/5",6976956,6892610,4356784,719101,13869566
2022-11-25,"Indie, Johnson&Johnson, Moderna, Moderna bivalent BA.1, Pfizer/BioNTech, Pfizer/BioNTech Kids, Pfizer/BioNTech original + BA.1, Pfizer/BioNTech original + BA.4/5",6977039,6892715,4357458,727221,13869754
2022-11-26,"Moderna, Moderna bivalent BA.1, Pfizer/BioNTech, Pfizer/BioNTech Kids, Pfizer/BioNTech original + BA.4/5",6977041,6892727,4357514,727382,13869768
2022-11-27,"Pfizer/BioNTech, Pfizer/BioNTech Kids, Pfizer/BioNTech original + BA.4/5",6977041,6892728,4357535,727470,13869769
2022-11-28,"Indie, Johnson&Johnson, Moderna, Moderna bivalent BA.1, Pfizer/BioNTech, Pfizer/BioNTech Kids, Pfizer/BioNTech Mini, Pfizer/BioNTech original + BA.1, Pfizer/BioNTech original + BA.4/5",6977069,6892760,4357793,730420,13869829
2022-11-29,"Indie, Johnson&Johnson, Moderna, Moderna bivalent BA.1, Pfizer/BioNTech, Pfizer/BioNTech Kids, Pfizer/BioNTech original + BA.1, Pfizer/BioNTech original + BA.4/5",6977101,6892809,4358183,734912,13869910
2022-11-30,"Indie, Moderna, Moderna bivalent BA.1, Pfizer/BioNTech, Pfizer/BioNTech Kids, Pfizer/BioNTech original + BA.1, Pfizer/BioNTech original + BA.4/5",6977153,6892861,4358587,739234,13870014
2022-12-01,"Indie, Johnson&Johnson, Moderna, Moderna bivalent BA.1, Pfizer/BioNTech, Pfizer/BioNTech Kids, Pfizer/BioNTech original + BA.1, Pfizer/BioNTech original + BA.4/5",6977191,6892890,4358931,743268,13870081
2022-12-02,"Indie, Johnson&Johnson, Moderna, Moderna bivalent BA.1, Pfizer/BioNTech, Pfizer/BioNTech Kids, Pfizer/BioNTech original + BA.1, Pfizer/BioNTech original + BA.4/5",6977224,6892935,4359341,747831,13870159
2022-12-03,"Moderna bivalent BA.1, Pfizer/BioNTech, Pfizer/BioNTech Kids, Pfizer/BioNTech original + BA.1, Pfizer/BioNTech original + BA.4/5",6977224,6892949,4359385,748263,13870173
2022-12-04,"Moderna, Moderna bivalent BA.1, Pfizer/BioNTech, Pfizer/BioNTech Kids, Pfizer/BioNTech original + BA.4/5",6977226,6892949,4359398,748314,13870175
2022-12-05,"Indie, Johnson&Johnson, Moderna, Moderna bivalent BA.1, Pfizer/BioNTech, Pfizer/BioNTech Kids, Pfizer/BioNTech original + BA.1, Pfizer/BioNTech original + BA.4/5",6977247,6892976,4359634,750406,13870223
2022-12-06,"Indie, Johnson&Johnson, Moderna, Moderna bivalent BA.1, Pfizer/BioNTech, Pfizer/BioNTech Kids, Pfizer/BioNTech original + BA.1, Pfizer/BioNTech original + BA.4/5",6977265,6893002,4359889,753594,13870267
2022-12-07,"Indie, Johnson&Johnson, Moderna, Moderna bivalent BA.1, Pfizer/BioNTech, Pfizer/BioNTech Kids, Pfizer/BioNTech Mini, Pfizer/BioNTech original + BA.1, Pfizer/BioNTech original + BA.4/5",6977304,6893048,4360239,757020,13870352
2022-12-08,"Indie, Johnson&Johnson, Moderna, Moderna bivalent BA.1, Pfizer/BioNTech, Pfizer/BioNTech Kids, Pfizer/BioNTech original + BA.1, Pfizer/BioNTech original + BA.4/5",6977333,6893072,4360579,760397,13870405
2022-12-09,"Indie, Johnson&Johnson, Moderna, Moderna bivalent BA.1, Pfizer/BioNTech, Pfizer/BioNTech Kids, Pfizer/BioNTech original + BA.1, Pfizer/BioNTech original + BA.4/5",6977374,6893114,4360940,763772,13870488
2022-12-10,"Indie, Moderna bivalent BA.1, Pfizer/BioNTech, Pfizer/BioNTech Kids, Pfizer/BioNTech original + BA.4/5",6977376,6893116,4360966,763841,13870492
2022-12-11,"Indie, Pfizer/BioNTech, Pfizer/BioNTech Kids, Pfizer/BioNTech original + BA.4/5",6977378,6893118,4360984,763875,13870496
2022-12-12,"Indie, Johnson&Johnson, Moderna, Moderna bivalent BA.1, Pfizer/BioNTech, Pfizer/BioNTech Kids, Pfizer/BioNTech Mini, Pfizer/BioNTech original + BA.1, Pfizer/BioNTech original + BA.4/5",6977400,6893158,4361136,765186,13870558
2022-12-13,"Indie, Johnson&Johnson, Moderna, Moderna bivalent BA.1, Pfizer/BioNTech, Pfizer/BioNTech Kids, Pfizer/BioNTech Mini, Pfizer/BioNTech original + BA.1, Pfizer/BioNTech original + BA.4/5",6977432,6893192,4361345,767242,13870624
2022-12-14,"Indie, Moderna, Moderna bivalent BA.1, Pfizer/BioNTech, Pfizer/BioNTech Kids, Pfizer/BioNTech Mini, Pfizer/BioNTech original + BA.1, Pfizer/BioNTech original + BA.4/5",6977454,6893221,4361589,769294,13870675
2022-12-15,"Indie, Moderna, Moderna bivalent BA.1, Pfizer/BioNTech, Pfizer/BioNTech Kids, Pfizer/BioNTech original + BA.1, Pfizer/BioNTech original + BA.4/5",6977471,6893250,4361840,771417,13870721
2022-12-16,"Indie, Johnson&Johnson, Moderna, Moderna bivalent BA.1, Pfizer/BioNTech, Pfizer/BioNTech Kids, Pfizer/BioNTech original + BA.1, Pfizer/BioNTech original + BA.4/5",6977511,6893297,4362088,773696,13870808
2022-12-17,"Pfizer/BioNTech, Pfizer/BioNTech Kids, Pfizer/BioNTech original + BA.4/5",6977512,6893301,4362114,773803,13870813
2022-12-18,Pfizer/BioNTech original + BA.4/5,6977512,6893301,4362119,773826,13870813
2022-12-19,"Indie, Johnson&Johnson, Moderna, Moderna bivalent BA.1, Pfizer/BioNTech, Pfizer/BioNTech Kids, Pfizer/BioNTech Mini, Pfizer/BioNTech original + BA.1, Pfizer/BioNTech original + BA.4/5",6977535,6893334,4362264,774769,13870869
2022-12-20,"Indie, Johnson&Johnson, Moderna, Moderna bivalent BA.1, Pfizer/BioNTech, Pfizer/BioNTech Kids, Pfizer/BioNTech Mini, Pfizer/BioNTech original + BA.1, Pfizer/BioNTech original + BA.4/5",6977561,6893361,4362418,775633,13870922
2022-12-21,"Indie, Johnson&Johnson, Moderna, Moderna bivalent BA.1, Pfizer/BioNTech, Pfizer/BioNTech Kids, Pfizer/BioNTech Mini, Pfizer/BioNTech original + BA.1, Pfizer/BioNTech original + BA.4/5",6977583,6893390,4362547,776440,13870973
2022-12-22,"Indie, Moderna, Moderna bivalent BA.1, Pfizer/BioNTech, Pfizer/BioNTech Kids, Pfizer/BioNTech original + BA.1, Pfizer/BioNTech original + BA.4/5",6977611,6893418,4362683,776973,13871029
2022-12-23,"Johnson&Johnson, Moderna, Moderna bivalent BA.1, Pfizer/BioNTech, Pfizer/BioNTech Kids, Pfizer/BioNTech original + BA.1, Pfizer/BioNTech original + BA.4/5",6977622,6893435,4362723,777121,13871057
2022-12-25,Pfizer/BioNTech,6977622,6893435,4362723,777122,13871057
2022-12-26,Johnson&Johnson,6977623,6893436,4362723,777122,13871059
2022-12-27,"Indie, Moderna, Pfizer/BioNTech, Pfizer/BioNTech original + BA.1, Pfizer/BioNTech original + BA.4/5",6977624,6893448,4362744,777282,13871072
2022-12-28,"Indie, Johnson&Johnson, Moderna, Moderna bivalent BA.1, Pfizer/BioNTech, Pfizer/BioNTech Kids, Pfizer/BioNTech original + BA.1, Pfizer/BioNTech original + BA.4/5",6977639,6893466,4362822,777612,13871105
2022-12-29,"Indie, Moderna bivalent BA.1, Pfizer/BioNTech, Pfizer/BioNTech Kids, Pfizer/BioNTech original + BA.1, Pfizer/BioNTech original + BA.4/5",6977643,6893479,4362877,777854,13871122
2022-12-30,"Johnson&Johnson, Moderna, Moderna bivalent BA.1, Pfizer/BioNTech, Pfizer/BioNTech Kids, Pfizer/BioNTech original + BA.1, Pfizer/BioNTech original + BA.4/5",6977652,6893501,4362928,778004,13871153
2022-12-31,"Indie, Pfizer/BioNTech original + BA.4/5",6977652,6893503,4362929,778008,13871155
2023-01-01,"Pfizer/BioNTech, Pfizer/BioNTech original + BA.4/5",6977652,6893503,4362931,778012,13871155
2023-01-02,"Johnson&Johnson, Moderna, Moderna bivalent BA.1, Pfizer/BioNTech, Pfizer/BioNTech Kids, Pfizer/BioNTech original + BA.1, Pfizer/BioNTech original + BA.4/5",6977693,6893527,4363015,778351,13871220
2023-01-03,"Indie, Johnson&Johnson, Moderna, Moderna bivalent BA.1, Pfizer/BioNTech, Pfizer/BioNTech Kids, Pfizer/BioNTech original + BA.1, Pfizer/BioNTech original + BA.4/5",6977705,6893558,4363100,778794,13871263
2023-01-04,"Indie, Johnson&Johnson, Moderna, Moderna bivalent BA.1, Pfizer/BioNTech, Pfizer/BioNTech Kids, Pfizer/BioNTech Mini, Pfizer/BioNTech original + BA.1, Pfizer/BioNTech original + BA.4/5",6977731,6893587,4363246,779547,13871318
2023-01-05,"Indie, Johnson&Johnson, Moderna, Moderna bivalent BA.1, Pfizer/BioNTech, Pfizer/BioNTech Kids, Pfizer/BioNTech original + BA.1, Pfizer/BioNTech original + BA.4/5",6977758,6893608,4363386,780386,13871366
2023-01-06,"Indie, Johnson&Johnson, Moderna, Moderna bivalent BA.1, Pfizer/BioNTech, Pfizer/BioNTech Kids, Pfizer/BioNTech original + BA.1, Pfizer/BioNTech original + BA.4/5",6977814,6893680,4363678,781834,13871494
2023-01-07,"Pfizer/BioNTech, Pfizer/BioNTech Kids, Pfizer/BioNTech original + BA.4/5",6977816,6893685,4363707,781973,13871501
2023-01-08,"Pfizer/BioNTech, Pfizer/BioNTech original + BA.4/5",6977817,6893685,4363717,781992,13871502
2023-01-09,"Indie, Johnson&Johnson, Moderna, Moderna bivalent BA.1, Pfizer/BioNTech, Pfizer/BioNTech Kids, Pfizer/BioNTech Mini, Pfizer/BioNTech original + BA.1, Pfizer/BioNTech original + BA.4/5",6977875,6893742,4363873,782661,13871617
2023-01-10,"Johnson&Johnson, Moderna, Moderna bivalent BA.1, Pfizer/BioNTech, Pfizer/BioNTech Kids, Pfizer/BioNTech Mini, Pfizer/BioNTech original + BA.1, Pfizer/BioNTech original + BA.4/5",6977928,6893770,4364013,783412,13871698
2023-01-11,"Johnson&Johnson, Moderna, Moderna bivalent BA.1, Pfizer/BioNTech, Pfizer/BioNTech Kids, Pfizer/BioNTech Mini, Pfizer/BioNTech original + BA.1, Pfizer/BioNTech original + BA.4/5",6977964,6893803,4364241,784541,13871767
2023-01-12,"Indie, Johnson&Johnson, Moderna, Moderna bivalent BA.1, Pfizer/BioNTech, Pfizer/BioNTech Kids, Pfizer/BioNTech original + BA.1, Pfizer/BioNTech original + BA.4/5",6978001,6893834,4364449,785623,13871835
2023-01-13,"Indie, Johnson&Johnson, Moderna, Moderna bivalent BA.1, Pfizer/BioNTech, Pfizer/BioNTech Kids, Pfizer/BioNTech Mini, Pfizer/BioNTech original + BA.1, Pfizer/BioNTech original + BA.4/5",6978056,6893890,4364699,786889,13871946
2023-01-14,"Johnson&Johnson, Pfizer/BioNTech, Pfizer/BioNTech Kids, Pfizer/BioNTech original + BA.4/5",6978062,6893894,4364724,786943,13871956
2023-01-15,"Johnson&Johnson, Moderna, Moderna bivalent BA.1, Pfizer/BioNTech, Pfizer/BioNTech original + BA.4/5",6978063,6893894,4364726,786973,13871957
2023-01-16,"Johnson&Johnson, Moderna, Moderna bivalent BA.1, Pfizer/BioNTech, Pfizer/BioNTech Kids, Pfizer/BioNTech original + BA.1, Pfizer/BioNTech original + BA.4/5",6978088,6893911,4364847,787550,13871999
2023-01-17,"Moderna, Moderna bivalent BA.1, Pfizer/BioNTech, Pfizer/BioNTech Kids, Pfizer/BioNTech Mini, Pfizer/BioNTech original + BA.1, Pfizer/BioNTech original + BA.4/5",6978112,6893938,4364981,788219,13872050
2023-01-18,"Moderna, Moderna bivalent BA.1, Moderna bivalent BA.4-5, Pfizer/BioNTech, Pfizer/BioNTech Kids, Pfizer/BioNTech original + BA.1, Pfizer/BioNTech original + BA.4/5",6978132,6893949,4365150,788975,13872081
2023-01-19,"Indie, Johnson&Johnson, Moderna, Moderna bivalent BA.1, Pfizer/BioNTech, Pfizer/BioNTech Kids, Pfizer/BioNTech original + BA.1, Pfizer/BioNTech original + BA.4/5",6978160,6893968,4365277,789708,13872128
2023-01-20,"Johnson&Johnson, Moderna, Moderna bivalent BA.1, Moderna bivalent BA.4-5, Pfizer/BioNTech, Pfizer/BioNTech Kids, Pfizer/BioNTech original + BA.1, Pfizer/BioNTech original + BA.4/5",6978204,6893996,4365453,790670,13872200
2023-01-21,"Johnson&Johnson, Pfizer/BioNTech, Pfizer/BioNTech Kids, Pfizer/BioNTech original + BA.4/5",6978209,6894002,4365472,790697,13872211
2023-01-22,"Moderna, Pfizer/BioNTech original + BA.4/5",6978209,6894002,4365476,790708,13872211
2023-01-23,"Johnson&Johnson, Moderna, Moderna bivalent BA.1, Pfizer/BioNTech, Pfizer/BioNTech Kids, Pfizer/BioNTech original + BA.1, Pfizer/BioNTech original + BA.4/5",6978242,6894033,4365569,791014,13872275
2023-01-24,"Indie, Johnson&Johnson, Moderna, Moderna bivalent BA.1, Pfizer/BioNTech, Pfizer/BioNTech Kids, Pfizer/BioNTech original + BA.1, Pfizer/BioNTech original + BA.4/5",6978256,6894043,4365673,791390,13872299
2023-01-25,"Indie, Johnson&Johnson, Moderna, Moderna bivalent BA.1, Moderna bivalent BA.4-5, Pfizer/BioNTech, Pfizer/BioNTech Kids, Pfizer/BioNTech Mini, Pfizer/BioNTech original + BA.1, Pfizer/BioNTech original + BA.4/5",6978276,6894062,4365792,791979,13872338
2023-01-26,"Johnson&Johnson, Moderna, Moderna bivalent BA.1, Pfizer/BioNTech, Pfizer/BioNTech Kids, Pfizer/BioNTech original + BA.1, Pfizer/BioNTech original + BA.4/5",6978301,6894095,4365893,792445,13872396
2023-01-27,"Johnson&Johnson, Moderna, Moderna bivalent BA.1, Moderna bivalent BA.4-5, Pfizer/BioNTech, Pfizer/BioNTech Kids, Pfizer/BioNTech original + BA.1, Pfizer/BioNTech original + BA.4/5",6978355,6894147,4366054,793189,13872502
2023-01-28,"Pfizer/BioNTech, Pfizer/BioNTech Kids, Pfizer/BioNTech original + BA.4/5",6978355,6894149,4366067,793257,13872504
2023-01-30,"Johnson&Johnson, Moderna, Moderna bivalent BA.1, Pfizer/BioNTech, Pfizer/BioNTech Kids, Pfizer/BioNTech Mini, Pfizer/BioNTech original + BA.1, Pfizer/BioNTech original + BA.4/5",6978390,6894170,4366161,793600,13872560
2023-01-31,"Johnson&Johnson, Moderna bivalent BA.1, Pfizer/BioNTech, Pfizer/BioNTech Kids, Pfizer/BioNTech original + BA.1, Pfizer/BioNTech original + BA.4/5",6978416,6894194,4366226,793971,13872610
2023-02-01,"Johnson&Johnson, Moderna, Moderna bivalent BA.1, Pfizer/BioNTech, Pfizer/BioNTech Kids, Pfizer/BioNTech Mini, Pfizer/BioNTech original + BA.1, Pfizer/BioNTech original + BA.4/5",6978448,6894218,4366311,794307,13872666
2023-02-02,"Johnson&Johnson, Moderna, Moderna bivalent BA.1, Pfizer/BioNTech, Pfizer/BioNTech Kids, Pfizer/BioNTech original + BA.1, Pfizer/BioNTech original + BA.4/5",6978472,6894245,4366399,794657,13872717
2023-02-03,"Johnson&Johnson, Moderna, Moderna bivalent BA.1, Pfizer/BioNTech, Pfizer/BioNTech Kids, Pfizer/BioNTech original + BA.1, Pfizer/BioNTech original + BA.4/5",6978518,6894298,4366572,795176,13872816
2023-02-04,"Johnson&Johnson, Pfizer/BioNTech, Pfizer/BioNTech Kids, Pfizer/BioNTech original + BA.4/5",6978522,6894301,4366573,795181,13872823
2023-02-05,Moderna,6978524,6894302,4366573,795182,13872826
2023-02-06,"Johnson&Johnson, Moderna, Pfizer/BioNTech, Pfizer/BioNTech Kids, Pfizer/BioNTech original + BA.1, Pfizer/BioNTech original + BA.4/5",6978561,6894327,4366621,795363,13872888
2023-02-07,"Johnson&Johnson, Moderna, Moderna bivalent BA.1, Pfizer/BioNTech, Pfizer/BioNTech Kids, Pfizer/BioNTech original + BA.1, Pfizer/BioNTech original + BA.4/5",6978578,6894341,4366690,795658,13872919
2023-02-08,"Johnson&Johnson, Moderna, Moderna bivalent BA.1, Pfizer/BioNTech, Pfizer/BioNTech Kids, Pfizer/BioNTech Mini, Pfizer/BioNTech original + BA.1, Pfizer/BioNTech original + BA.4/5",6978592,6894369,4366748,795891,13872961
2023-02-09,"Johnson&Johnson, Moderna bivalent BA.1, Pfizer/BioNTech, Pfizer/BioNTech Kids, Pfizer/BioNTech original + BA.1, Pfizer/BioNTech original + BA.4/5",6978611,6894391,4366820,796208,13873002
2023-02-10,"Johnson&Johnson, Moderna, Moderna bivalent BA.1, Pfizer/BioNTech, Pfizer/BioNTech Kids, Pfizer/BioNTech original + BA.1, Pfizer/BioNTech original + BA.4/5",6978644,6894438,4366929,796537,13873082
2023-02-11,"Pfizer/BioNTech, Pfizer/BioNTech original + BA.4/5",6978645,6894440,4366932,796545,13873085
2023-02-12,Pfizer/BioNTech original + BA.4/5,6978645,6894440,4366932,796547,13873085
2023-02-13,"Johnson&Johnson, Moderna, Moderna bivalent BA.1, Pfizer/BioNTech, Pfizer/BioNTech Kids, Pfizer/BioNTech original + BA.1, Pfizer/BioNTech original + BA.4/5",6978664,6894481,4366988,796713,13873145
2023-02-14,"Johnson&Johnson, Moderna bivalent BA.1, Pfizer/BioNTech, Pfizer/BioNTech Kids, Pfizer/BioNTech Mini, Pfizer/BioNTech original + BA.1, Pfizer/BioNTech original + BA.4/5",6978682,6894496,4367033,796870,13873178
2023-02-15,"Johnson&Johnson, Moderna, Moderna bivalent BA.1, Pfizer/BioNTech, Pfizer/BioNTech Kids, Pfizer/BioNTech Mini, Pfizer/BioNTech original + BA.4/5",6978698,6894512,4367093,797078,13873210
2023-02-16,"Johnson&Johnson, Moderna, Moderna bivalent BA.1, Pfizer/BioNTech, Pfizer/BioNTech Kids, Pfizer/BioNTech Mini, Pfizer/BioNTech original + BA.1, Pfizer/BioNTech original + BA.4/5",6978710,6894531,4367149,797306,13873241
2023-02-17,"Johnson&Johnson, Moderna, Moderna bivalent BA.1, Pfizer/BioNTech, Pfizer/BioNTech Kids, Pfizer/BioNTech original + BA.1, Pfizer/BioNTech original + BA.4/5",6978734,6894565,4367246,797681,13873299
2023-02-18,"Johnson&Johnson, Pfizer/BioNTech, Pfizer/BioNTech Kids, Pfizer/BioNTech original + BA.4/5",6978739,6894567,4367252,797686,13873306
2023-02-20,"Johnson&Johnson, Moderna, Pfizer/BioNTech, Pfizer/BioNTech Kids, Pfizer/BioNTech Mini, Pfizer/BioNTech original + BA.1, Pfizer/BioNTech original + BA.4/5",6978752,6894587,4367300,797793,13873339
2023-02-21,"Johnson&Johnson, Moderna, Moderna bivalent BA.1, Pfizer/BioNTech, Pfizer/BioNTech Kids, Pfizer/BioNTech original + BA.1, Pfizer/BioNTech original + BA.4/5",6978770,6894604,4367355,797942,13873374
2023-02-22,"Johnson&Johnson, Moderna, Moderna bivalent BA.1, Pfizer/BioNTech, Pfizer/BioNTech Kids, Pfizer/BioNTech original + BA.1, Pfizer/BioNTech original + BA.4/5",6978777,6894620,4367407,798108,13873397
2023-02-23,"Johnson&Johnson, Moderna, Moderna bivalent BA.1, Pfizer/BioNTech, Pfizer/BioNTech Kids, Pfizer/BioNTech Mini, Pfizer/BioNTech original + BA.1, Pfizer/BioNTech original + BA.4/5",6978790,6894643,4367480,798357,13873433
2023-02-24,"Johnson&Johnson, Moderna, Moderna bivalent BA.1, Pfizer/BioNTech, Pfizer/BioNTech Kids, Pfizer/BioNTech original + BA.1, Pfizer/BioNTech original + BA.4/5",6978817,6894675,4367555,798690,13873492
2023-02-25,"Moderna, Pfizer/BioNTech, Pfizer/BioNTech Kids, Pfizer/BioNTech original + BA.1, Pfizer/BioNTech original + BA.4/5",6978818,6894676,4367571,798727,13873494
2023-02-26,Pfizer/BioNTech original + BA.4/5,6978818,6894676,4367572,798727,13873494
2023-02-27,"Johnson&Johnson, Moderna, Moderna bivalent BA.1, Pfizer/BioNTech, Pfizer/BioNTech Kids, Pfizer/BioNTech Mini, Pfizer/BioNTech original + BA.1, Pfizer/BioNTech original + BA.4/5",6978836,6894696,4367616,798855,13873532
2023-02-28,"Johnson&Johnson, Moderna bivalent BA.1, Pfizer/BioNTech, Pfizer/BioNTech Kids, Pfizer/BioNTech Mini, Pfizer/BioNTech original + BA.1, Pfizer/BioNTech original + BA.4/5",6978855,6894728,4367655,798981,13873583
2023-03-01,"Johnson&Johnson, Moderna, Moderna bivalent BA.1, Pfizer/BioNTech, Pfizer/BioNTech Kids, Pfizer/BioNTech Mini, Pfizer/BioNTech original + BA.1, Pfizer/BioNTech original + BA.4/5, Čína",6978886,6894741,4367696,799069,13873627
2023-03-02,"Johnson&Johnson, Moderna, Moderna bivalent BA.1, Pfizer/BioNTech, Pfizer/BioNTech Kids, Pfizer/BioNTech original + BA.1, Pfizer/BioNTech original + BA.4/5",6978892,6894753,4367751,799186,13873645
2023-03-03,"Johnson&Johnson, Moderna, Moderna bivalent BA.1, Pfizer/BioNTech, Pfizer/BioNTech Kids, Pfizer/BioNTech original + BA.1, Pfizer/BioNTech original + BA.4/5",6978921,6894774,4367834,799396,13873695
2023-03-04,"Pfizer/BioNTech, Pfizer/BioNTech original + BA.4/5",6978922,6894775,4367838,799402,13873697
2023-03-05,Pfizer/BioNTech original + BA.4/5,6978922,6894775,4367839,799402,13873697
2023-03-06,"Johnson&Johnson, Moderna, Moderna bivalent BA.1, Pfizer/BioNTech, Pfizer/BioNTech Kids, Pfizer/BioNTech Mini, Pfizer/BioNTech original + BA.1, Pfizer/BioNTech original + BA.4/5",6978941,6894787,4367865,799507,13873728
2023-03-07,"Johnson&Johnson, Moderna, Moderna bivalent BA.1, Pfizer/BioNTech, Pfizer/BioNTech Kids, Pfizer/BioNTech original + BA.1, Pfizer/BioNTech original + BA.4/5",6978955,6894805,4367900,799613,13873760
2023-03-08,"Johnson&Johnson, Moderna bivalent BA.1, Pfizer/BioNTech, Pfizer/BioNTech Kids, Pfizer/BioNTech original + BA.1, Pfizer/BioNTech original + BA.4/5",6978976,6894816,4367930,799712,13873792
2023-03-09,"Johnson&Johnson, Moderna, Moderna bivalent BA.1, Pfizer/BioNTech, Pfizer/BioNTech Mini, Pfizer/BioNTech original + BA.1, Pfizer/BioNTech original + BA.4/5",6978994,6894826,4367998,799859,13873820
2023-03-10,"Johnson&Johnson, Moderna, Moderna bivalent BA.1, Pfizer/BioNTech, Pfizer/BioNTech Kids, Pfizer/BioNTech Mini, Pfizer/BioNTech original + BA.1, Pfizer/BioNTech original + BA.4/5",6979036,6894865,4368106,800071,13873901
2023-03-11,"Pfizer/BioNTech, Pfizer/BioNTech original + BA.4/5",6979036,6894867,4368107,800074,13873903
2023-03-12,Pfizer/BioNTech,6979036,6894867,4368114,800179,13873903
2023-03-13,"Johnson&Johnson, Moderna bivalent BA.1, Pfizer/BioNTech, Pfizer/BioNTech Kids, Pfizer/BioNTech original + BA.1, Pfizer/BioNTech original + BA.4/5",6979052,6894882,4368149,800236,13873934
2023-03-14,"Johnson&Johnson, Moderna, Moderna bivalent BA.1, Pfizer/BioNTech, Pfizer/BioNTech Kids, Pfizer/BioNTech Mini, Pfizer/BioNTech original + BA.1, Pfizer/BioNTech original + BA.4/5",6979063,6894895,4368184,800317,13873958
2023-03-15,"Johnson&Johnson, Moderna bivalent BA.1, Pfizer/BioNTech, Pfizer/BioNTech Kids, Pfizer/BioNTech Mini, Pfizer/BioNTech original + BA.1, Pfizer/BioNTech original + BA.4/5",6979079,6894904,4368246,800415,13873983
2023-03-16,"Johnson&Johnson, Moderna bivalent BA.1, Pfizer/BioNTech, Pfizer/BioNTech Kids, Pfizer/BioNTech original + BA.1, Pfizer/BioNTech original + BA.4/5",6979087,6894912,4368280,800527,13873999
2023-03-17,"Johnson&Johnson, Moderna, Moderna bivalent BA.1, Pfizer/BioNTech, Pfizer/BioNTech Kids, Pfizer/BioNTech Mini, Pfizer/BioNTech original + BA.1, Pfizer/BioNTech original + BA.4/5",6979097,6894929,4368330,800652,13874026
2023-03-18,"Johnson&Johnson, Pfizer/BioNTech, Pfizer/BioNTech Kids, Pfizer/BioNTech original + BA.4/5",6979099,6894931,4368330,800653,13874030
2023-03-20,"Johnson&Johnson, Moderna, Pfizer/BioNTech, Pfizer/BioNTech Kids, Pfizer/BioNTech original + BA.1, Pfizer/BioNTech original + BA.4/5",6979111,6894947,4368378,800757,13874058
2023-03-21,"Moderna bivalent BA.1, Pfizer/BioNTech, Pfizer/BioNTech original + BA.4/5",6979118,6894961,4368407,800812,13874079
2023-03-22,"Johnson&Johnson, Moderna bivalent BA.1, Pfizer/BioNTech, Pfizer/BioNTech Kids, Pfizer/BioNTech Mini, Pfizer/BioNTech original + BA.1, Pfizer/BioNTech original + BA.4/5",6979136,6894974,4368450,800871,13874110
2023-03-23,"Johnson&Johnson, Moderna, Moderna bivalent BA.1, Pfizer/BioNTech, Pfizer/BioNTech Kids, Pfizer/BioNTech original + BA.4/5",6979141,6894987,4368480,800937,13874128
2023-03-24,"Johnson&Johnson, Moderna, Moderna bivalent BA.1, Pfizer/BioNTech, Pfizer/BioNTech Kids, Pfizer/BioNTech original + BA.1, Pfizer/BioNTech original + BA.4/5",6979162,6895009,4368540,801023,13874171
2023-03-25,"Pfizer/BioNTech, Pfizer/BioNTech Kids, Pfizer/BioNTech original + BA.4/5",6979162,6895011,4368550,801036,13874173
2023-03-27,"Johnson&Johnson, Moderna bivalent BA.1, Pfizer/BioNTech, Pfizer/BioNTech Kids, Pfizer/BioNTech original + BA.1, Pfizer/BioNTech original + BA.4/5",6979174,6895022,4368582,801103,13874196
2023-03-28,"Johnson&Johnson, Moderna bivalent BA.1, Pfizer/BioNTech, Pfizer/BioNTech original + BA.1, Pfizer/BioNTech original + BA.4/5",6979187,6895032,4368602,801161,13874219
2023-03-29,"Moderna bivalent BA.1, Moderna bivalent BA.4-5, Pfizer/BioNTech, Pfizer/BioNTech Kids, Pfizer/BioNTech Mini, Pfizer/BioNTech original + BA.1, Pfizer/BioNTech original + BA.4/5",6979193,6895051,4368637,801208,13874244
2023-03-30,"Moderna bivalent BA.1, Pfizer/BioNTech, Pfizer/BioNTech original + BA.1, Pfizer/BioNTech original + BA.4/5",6979199,6895062,4368672,801322,13874261
2023-03-31,"Johnson&Johnson, Moderna, Moderna bivalent BA.1, Pfizer/BioNTech, Pfizer/BioNTech Kids, Pfizer/BioNTech Mini, Pfizer/BioNTech original + BA.1, Pfizer/BioNTech original + BA.4/5",6979240,6895097,4368728,801423,13874337
2023-04-01,"Pfizer/BioNTech, Pfizer/BioNTech Kids, Pfizer/BioNTech original + BA.4/5",6979240,6895098,4368734,801427,13874338
2023-04-02,"Moderna, Pfizer/BioNTech original + BA.1, Pfizer/BioNTech original + BA.4/5",6979241,6895100,4368735,801427,13874341
2023-04-03,"Moderna, Moderna bivalent BA.1, Pfizer/BioNTech, Pfizer/BioNTech original + BA.1, Pfizer/BioNTech original + BA.4/5",6979248,6895110,4368754,801454,13874358
2023-04-04,"Moderna, Moderna bivalent BA.1, Pfizer/BioNTech, Pfizer/BioNTech Kids, Pfizer/BioNTech original + BA.1, Pfizer/BioNTech original + BA.4/5",6979256,6895120,4368770,801481,13874376
2023-04-05,"Johnson&Johnson, Moderna bivalent BA.1, Pfizer/BioNTech, Pfizer/BioNTech Kids, Pfizer/BioNTech Mini, Pfizer/BioNTech original + BA.1, Pfizer/BioNTech original + BA.4/5",6979269,6895137,4368811,801539,13874406
2023-04-06,"Johnson&Johnson, Moderna, Moderna bivalent BA.1, Pfizer/BioNTech, Pfizer/BioNTech Kids, Pfizer/BioNTech original + BA.1, Pfizer/BioNTech original + BA.4/5",6979294,6895160,4368834,801599,13874454
2023-04-07,"Pfizer/BioNTech Kids, Pfizer/BioNTech original + BA.1",6979296,6895160,4368834,801599,13874456
2023-04-10,"Johnson&Johnson, Pfizer/BioNTech",6979297,6895161,4368834,801600,13874458
2023-04-11,"Johnson&Johnson, Moderna, Moderna bivalent BA.1, Pfizer/BioNTech, Pfizer/BioNTech Kids, Pfizer/BioNTech Mini, Pfizer/BioNTech original + BA.1, Pfizer/BioNTech original + BA.4/5",6979305,6895168,4368857,801619,13874473
2023-04-12,"Johnson&Johnson, Moderna bivalent BA.4-5, Pfizer/BioNTech, Pfizer/BioNTech Kids, Pfizer/BioNTech Mini, Pfizer/BioNTech original + BA.4/5",6979317,6895183,4368885,801654,13874500
2023-04-13,"Moderna bivalent BA.1, Pfizer/BioNTech, Pfizer/BioNTech original + BA.1, Pfizer/BioNTech original + BA.4/5",6979322,6895188,4368908,801688,13874510
2023-04-14,"Johnson&Johnson, Moderna, Moderna bivalent BA.1, Pfizer/BioNTech, Pfizer/BioNTech Kids, Pfizer/BioNTech original + BA.1, Pfizer/BioNTech original + BA.4/5",6979350,6895210,4368947,801737,13874560
2023-04-15,Pfizer/BioNTech original + BA.4/5,6979350,6895210,4368954,801738,13874560
2023-04-17,"Moderna, Moderna bivalent BA.1, Moderna bivalent BA.4-5, Pfizer/BioNTech, Pfizer/BioNTech original + BA.4/5",6979358,6895223,4368980,801764,13874581
2023-04-18,"Moderna bivalent BA.1, Pfizer/BioNTech, Pfizer/BioNTech Mini, Pfizer/BioNTech original + BA.1, Pfizer/BioNTech original + BA.4/5",6979368,6895230,4369006,801850,13874598
2023-04-19,"Johnson&Johnson, Moderna bivalent BA.1, Pfizer/BioNTech, Pfizer/BioNTech Kids, Pfizer/BioNTech Mini, Pfizer/BioNTech original + BA.4/5",6979378,6895244,4369043,801900,13874622
2023-04-20,"Johnson&Johnson, Moderna bivalent BA.1, Pfizer/BioNTech, Pfizer/BioNTech original + BA.1, Pfizer/BioNTech original + BA.4/5",6979389,6895252,4369069,801967,13874641
2023-04-21,"Johnson&Johnson, Moderna bivalent BA.1, Pfizer/BioNTech, Pfizer/BioNTech original + BA.1, Pfizer/BioNTech original + BA.4/5",6979421,6895278,4369109,801994,13874699
2023-04-22,"Pfizer/BioNTech, Pfizer/BioNTech Kids, Pfizer/BioNTech original + BA.4/5",6979421,6895279,4369115,801999,13874700
2023-04-24,"Johnson&Johnson, Moderna bivalent BA.1, Pfizer/BioNTech, Pfizer/BioNTech Kids, Pfizer/BioNTech original + BA.1, Pfizer/BioNTech original + BA.4/5",6979431,6895289,4369139,802037,13874720
2023-04-25,"Moderna bivalent BA.1, Pfizer/BioNTech, Pfizer/BioNTech Mini, Pfizer/BioNTech original + BA.1, Pfizer/BioNTech original + BA.4/5",6979433,6895301,4369161,802056,13874734
2023-04-26,"Moderna, Moderna bivalent BA.1, Moderna bivalent BA.4-5, Pfizer/BioNTech, Pfizer/BioNTech Kids, Pfizer/BioNTech Mini, Pfizer/BioNTech original + BA.1, Pfizer/BioNTech original + BA.4/5",6979441,6895312,4369192,802091,13874753
2023-04-27,"Johnson&Johnson, Moderna, Moderna bivalent BA.1, Pfizer/BioNTech, Pfizer/BioNTech original + BA.1, Pfizer/BioNTech original + BA.4/5",6979452,6895322,4369212,802105,13874774
2023-04-28,"Johnson&Johnson, Moderna, Moderna bivalent BA.1, Pfizer/BioNTech, Pfizer/BioNTech Kids, Pfizer/BioNTech original + BA.1, Pfizer/BioNTech original + BA.4/5",6979469,6895346,4369241,802152,13874815
2023-04-30,"Moderna, Pfizer/BioNTech original + BA.1, Pfizer/BioNTech original + BA.4/5",6979469,6895350,4369242,802152,13874819
2023-05-02,"Moderna, Moderna bivalent BA.1, Pfizer/BioNTech, Pfizer/BioNTech original + BA.1, Pfizer/BioNTech original + BA.4/5",6979472,6895354,4369263,802166,13874826
2023-05-03,"Johnson&Johnson, Moderna, Pfizer/BioNTech, Pfizer/BioNTech Kids, Pfizer/BioNTech original + BA.1, Pfizer/BioNTech original + BA.4/5",6979482,6895364,4369289,802193,13874846
2023-05-04,"Johnson&Johnson, Moderna, Moderna bivalent BA.1, Pfizer/BioNTech, Pfizer/BioNTech original + BA.1, Pfizer/BioNTech original + BA.4/5",6979489,6895377,4369315,802228,13874866
2023-05-05,"Johnson&Johnson, Moderna bivalent BA.1, Pfizer/BioNTech, Pfizer/BioNTech Kids, Pfizer/BioNTech original + BA.4/5",6979500,6895390,4369336,802257,13874890
2023-05-06,Pfizer/BioNTech,6979502,6895390,4369338,802257,13874892
2023-05-08,Pfizer/BioNTech original + BA.4/5,6979504,6895390,4369339,802257,13874894
2023-05-09,"Johnson&Johnson, Pfizer/BioNTech, Pfizer/BioNTech Kids, Pfizer/BioNTech original + BA.4/5",6979510,6895394,4369348,802271,13874904
2023-05-10,"Johnson&Johnson, Pfizer/BioNTech, Pfizer/BioNTech Kids, Pfizer/BioNTech Mini, Pfizer/BioNTech original + BA.1, Pfizer/BioNTech original + BA.4/5",6979522,6895401,4369364,802297,13874923
2023-05-11,"Johnson&Johnson, Pfizer/BioNTech, Pfizer/BioNTech original + BA.1, Pfizer/BioNTech original + BA.4/5",6979528,6895406,4369373,802313,13874934
2023-05-12,"Johnson&Johnson, Moderna bivalent BA.4-5, Pfizer/BioNTech, Pfizer/BioNTech original + BA.4/5",6979539,6895422,4369386,802328,13874961
2023-05-13,Pfizer/BioNTech original + BA.4/5,6979539,6895422,4369387,802330,13874961
2023-05-15,"Pfizer/BioNTech, Pfizer/BioNTech original + BA.1, Pfizer/BioNTech original + BA.4/5",6979541,6895426,4369397,802346,13874967
2023-05-16,"Moderna bivalent BA.1, Pfizer/BioNTech, Pfizer/BioNTech Mini, Pfizer/BioNTech original + BA.1, Pfizer/BioNTech original + BA.4/5",6979545,6895430,4369402,802358,13874975
2023-05-17,"Moderna, Pfizer/BioNTech, Pfizer/BioNTech Kids, Pfizer/BioNTech Mini, Pfizer/BioNTech original + BA.4/5",6979551,6895438,4369418,802374,13874989
2023-05-18,"Johnson&Johnson, Moderna bivalent BA.1, Pfizer/BioNTech, Pfizer/BioNTech original + BA.4/5",6979556,6895445,4369429,802388,13875001
2023-05-19,"Moderna bivalent BA.1, Pfizer/BioNTech, Pfizer/BioNTech Kids, Pfizer/BioNTech original + BA.4/5",6979558,6895450,4369439,802416,13875008
2023-05-20,"Pfizer/BioNTech, Pfizer/BioNTech Kids, Pfizer/BioNTech original + BA.4/5",6979559,6895450,4369442,802416,13875009
2023-05-22,"Pfizer/BioNTech, Pfizer/BioNTech original + BA.4/5",6979559,6895450,4369444,802425,13875009
2023-05-23,"Moderna bivalent BA.1, Pfizer/BioNTech, Pfizer/BioNTech original + BA.4/5",6979560,6895453,4369449,802432,13875013
2023-05-24,"Pfizer/BioNTech, Pfizer/BioNTech Kids, Pfizer/BioNTech Mini, Pfizer/BioNTech original + BA.4/5",6979563,6895459,4369452,802438,13875022
2023-05-25,"Johnson&Johnson, Moderna bivalent BA.1, Pfizer/BioNTech, Pfizer/BioNTech Mini, Pfizer/BioNTech original + BA.4/5",6979569,6895468,4369457,802450,13875037
2023-05-26,"Moderna bivalent BA.1, Pfizer/BioNTech, Pfizer/BioNTech original + BA.1, Pfizer/BioNTech original + BA.4/5",6979576,6895472,4369482,802470,13875048
2023-05-27,Pfizer/BioNTech original + BA.4/5,6979576,6895472,4369482,802471,13875048
2023-05-28,Pfizer/BioNTech original + BA.1,6979577,6895472,4369482,802471,13875049
2023-05-29,"Pfizer/BioNTech, Pfizer/BioNTech original + BA.4/5",6979578,6895473,4369486,802478,13875051
2023-05-30,"Pfizer/BioNTech, Pfizer/BioNTech Kids, Pfizer/BioNTech original + BA.4/5",6979583,6895474,4369495,802489,13875057
2023-05-31,"Pfizer/BioNTech, Pfizer/BioNTech Kids, Pfizer/BioNTech Mini, Pfizer/BioNTech original + BA.1, Pfizer/BioNTech original + BA.4/5",6979591,6895479,4369511,802505,13875070
2023-06-01,"Moderna bivalent BA.1, Pfizer/BioNTech, Pfizer/BioNTech original + BA.1, Pfizer/BioNTech original + BA.4/5",6979593,6895482,4369520,802513,13875075
2023-06-02,"Pfizer/BioNTech, Pfizer/BioNTech Kids, Pfizer/BioNTech original + BA.4/5",6979596,6895486,4369530,802523,13875082
2023-06-03,Pfizer/BioNTech original + BA.4/5,6979596,6895486,4369530,802525,13875082
2023-06-05,"Moderna bivalent BA.1, Pfizer/BioNTech, Pfizer/BioNTech original + BA.4/5",6979597,6895487,4369542,802532,13875084
2023-06-06,"Pfizer/BioNTech, Pfizer/BioNTech original + BA.1, Pfizer/BioNTech original + BA.4/5",6979597,6895487,4369545,802536,13875084
2023-06-07,"Moderna bivalent BA.1, Pfizer/BioNTech, Pfizer/BioNTech Kids, Pfizer/BioNTech Mini, Pfizer/BioNTech original + BA.1, Pfizer/BioNTech original + BA.4/5",6979598,6895494,4369554,802568,13875092
2023-06-08,"Johnson&Johnson, Moderna bivalent BA.1, Pfizer/BioNTech, Pfizer/BioNTech original + BA.4/5",6979601,6895495,4369560,802579,13875096
2023-06-09,"Johnson&Johnson, Moderna bivalent BA.4-5, Pfizer/BioNTech, Pfizer/BioNTech original + BA.1, Pfizer/BioNTech original + BA.4/5",6979605,6895499,4369566,802594,13875104
2023-06-10,"Pfizer/BioNTech, Pfizer/BioNTech Kids, Pfizer/BioNTech original + BA.4/5",6979607,6895500,4369567,802594,13875107
2023-06-12,"Moderna bivalent BA.4-5, Pfizer/BioNTech, Pfizer/BioNTech original + BA.4/5",6979608,6895501,4369575,802602,13875109
2023-06-13,"Moderna, Pfizer/BioNTech, Pfizer/BioNTech original + BA.4/5",6979609,6895508,4369576,802605,13875117
2023-06-14,"Pfizer/BioNTech, Pfizer/BioNTech Mini, Pfizer/BioNTech original + BA.4/5",6979612,6895512,4369586,802653,13875124
2023-06-15,"Pfizer/BioNTech, Pfizer/BioNTech original + BA.4/5",6979613,6895513,4369588,802659,13875126
2023-06-16,"Johnson&Johnson, Moderna bivalent BA.1, Pfizer/BioNTech, Pfizer/BioNTech original + BA.4/5",6979615,6895517,4369589,802662,13875132
2023-06-17,Pfizer/BioNTech original + BA.4/5,6979615,6895517,4369589,802663,13875132
2023-06-19,"Johnson&Johnson, Moderna bivalent BA.1, Pfizer/BioNTech, Pfizer/BioNTech original + BA.1, Pfizer/BioNTech original + BA.4/5",6979617,6895520,4369605,802673,13875137
2023-06-20,"Pfizer/BioNTech, Pfizer/BioNTech original + BA.1, Pfizer/BioNTech original + BA.4/5",6979618,6895522,4369610,802673,13875140
2023-06-21,"Moderna bivalent BA.4-5, Pfizer/BioNTech, Pfizer/BioNTech Kids, Pfizer/BioNTech Mini, Pfizer/BioNTech original + BA.4/5",6979619,6895525,4369616,802677,13875144
2023-06-22,"Moderna bivalent BA.1, Pfizer/BioNTech, Pfizer/BioNTech original + BA.4/5",6979620,6895528,4369620,802680,13875148
2023-06-23,"Pfizer/BioNTech, Pfizer/BioNTech original + BA.4/5",6979621,6895529,4369623,802688,13875150
2023-06-26,"Moderna, Pfizer/BioNTech, Pfizer/BioNTech Kids, Pfizer/BioNTech Mini, Pfizer/BioNTech original + BA.4/5",6979624,6895533,4369626,802696,13875157
2023-06-27,Pfizer/BioNTech original + BA.4/5,6979625,6895533,4369630,802696,13875158
2023-06-28,"Moderna bivalent BA.1, Moderna bivalent BA.4-5, Pfizer/BioNTech, Pfizer/BioNTech Kids, Pfizer/BioNTech Mini, Pfizer/BioNTech original + BA.4/5",6979629,6895535,4369635,802708,13875164
2023-06-29,"Moderna bivalent BA.1, Pfizer/BioNTech, Pfizer/BioNTech original + BA.4/5",6979629,6895537,4369640,802714,13875166
2023-06-30,"Johnson&Johnson, Pfizer/BioNTech, Pfizer/BioNTech original + BA.4/5",6979631,6895541,4369642,802719,13875172
2023-07-02,Pfizer/BioNTech,6979631,6895542,4369642,802719,13875173
2023-07-03,"Moderna bivalent BA.1, Pfizer/BioNTech, Pfizer/BioNTech original + BA.4/5",6979631,6895544,4369644,802723,13875175
2023-07-04,Pfizer/BioNTech original + BA.4/5,6979632,6895544,4369646,802724,13875176
2023-07-05,Pfizer/BioNTech,6979632,6895544,4369646,802725,13875176
2023-07-06,Pfizer/BioNTech original + BA.1,6979632,6895544,4369646,802726,13875176
2023-07-10,"Pfizer/BioNTech, Pfizer/BioNTech original + BA.4/5",6979632,6895545,4369648,802727,13875177
2023-07-11,"Johnson&Johnson, Pfizer/BioNTech original + BA.4/5",6979633,6895546,4369649,802730,13875179
2023-07-12,"Pfizer/BioNTech Kids, Pfizer/BioNTech original + BA.4/5",6979635,6895546,4369656,802733,13875181
2023-07-13,"Moderna, Pfizer/BioNTech original + BA.4/5",6979635,6895546,4369659,802739,13875181
2023-07-14,"Moderna bivalent BA.4-5, Pfizer/BioNTech, Pfizer/BioNTech original + BA.4/5",6979636,6895547,4369663,802743,13875183
2023-07-17,"Pfizer/BioNTech Kids, Pfizer/BioNTech original + BA.4/5",6979637,6895547,4369668,802746,13875184
2023-07-18,Pfizer/BioNTech original + BA.4/5,6979637,6895547,4369669,802749,13875184
2023-07-19,"Pfizer/BioNTech Kids, Pfizer/BioNTech Mini, Pfizer/BioNTech original + BA.4/5",6979639,6895550,4369672,802757,13875189
2023-07-20,"Johnson&Johnson, Pfizer/BioNTech original + BA.4/5",6979640,6895552,4369673,802762,13875192
2023-07-21,Pfizer/BioNTech original + BA.4/5,6979640,6895552,4369675,802766,13875192
2023-07-24,"Pfizer/BioNTech, Pfizer/BioNTech Kids, Pfizer/BioNTech original + BA.4/5",6979640,6895553,4369677,802770,13875193
2023-07-25,Pfizer/BioNTech original + BA.4/5,6979640,6895553,4369679,802771,13875193
2023-07-26,"Pfizer/BioNTech, Pfizer/BioNTech Mini, Pfizer/BioNTech original + BA.4/5",6979641,6895553,4369688,802776,13875194
2023-07-27,"Moderna, Pfizer/BioNTech, Pfizer/BioNTech original + BA.4/5",6979642,6895555,4369688,802779,13875197
2023-07-28,"Johnson&Johnson, Pfizer/BioNTech original + BA.4/5",6979643,6895556,4369689,802781,13875199
2023-07-31,Pfizer/BioNTech original + BA.4/5,6979644,6895556,4369690,802787,13875200
2023-08-01,"Johnson&Johnson, Moderna bivalent BA.1, Pfizer/BioNTech, Pfizer/BioNTech original + BA.4/5",6979647,6895557,4369693,802788,13875204
2023-08-02,"Johnson&Johnson, Pfizer/BioNTech original + BA.4/5",6979648,6895558,4369693,802795,13875206
2023-08-03,Pfizer/BioNTech original + BA.4/5,6979650,6895559,4369696,802797,13875209
2023-08-04,Pfizer/BioNTech original + BA.4/5,6979651,6895559,4369697,802800,13875210
2023-08-05,Pfizer/BioNTech,6979651,6895559,4369698,802800,13875210
2023-08-07,Pfizer/BioNTech original + BA.4/5,6979651,6895559,4369698,802802,13875210
2023-08-08,"Pfizer/BioNTech Mini, Pfizer/BioNTech original + BA.4/5",6979651,6895560,4369699,802803,13875211
2023-08-09,"Pfizer/BioNTech, Pfizer/BioNTech original + BA.1, Pfizer/BioNTech original + BA.4/5",6979652,6895560,4369701,802810,13875212
2023-08-10,Pfizer/BioNTech original + BA.4/5,6979655,6895560,4369703,802813,13875215
2023-08-11,"Pfizer/BioNTech Kids, Pfizer/BioNTech Mini, Pfizer/BioNTech original + BA.4/5",6979655,6895560,4369706,802816,13875215
2023-08-14,"Pfizer/BioNTech original + BA.1, Pfizer/BioNTech original + BA.4/5",6979655,6895560,4369708,802821,13875215
2023-08-15,"Johnson&Johnson, Pfizer/BioNTech original + BA.4/5",6979656,6895561,4369708,802823,13875217
2023-08-16,"Moderna bivalent BA.1, Pfizer/BioNTech original + BA.4/5",6979656,6895561,4369710,802828,13875217
2023-08-17,"Pfizer/BioNTech, Pfizer/BioNTech original + BA.4/5",6979656,6895562,4369712,802833,13875218
2023-08-18,"Pfizer/BioNTech, Pfizer/BioNTech Kids, Pfizer/BioNTech original + BA.4/5",6979656,6895563,4369714,802839,13875219
2023-08-21,"Moderna bivalent BA.1, Pfizer/BioNTech Kids, Pfizer/BioNTech original + BA.1, Pfizer/BioNTech original + BA.4/5",6979658,6895564,4369718,802844,13875222
2023-08-22,"Pfizer/BioNTech, Pfizer/BioNTech original + BA.4/5",6979659,6895565,4369718,802847,13875224
2023-08-23,"Johnson&Johnson, Pfizer/BioNTech original + BA.4/5",6979660,6895566,4369718,802848,13875226
2023-08-24,"Pfizer/BioNTech original + BA.1, Pfizer/BioNTech original + BA.4/5",6979660,6895566,4369745,802857,13875226
2023-08-25,"Moderna bivalent BA.4-5, Pfizer/BioNTech original + BA.1, Pfizer/BioNTech original + BA.4/5",6979660,6895566,4369747,802860,13875226
2023-08-28,"Pfizer/BioNTech, Pfizer/BioNTech Kids, Pfizer/BioNTech original + BA.4/5",6979661,6895566,4369750,802872,13875227
2023-08-29,"Pfizer/BioNTech, Pfizer/BioNTech original + BA.4/5",6979662,6895566,4369753,802880,13875228
2023-08-30,"Pfizer/BioNTech Kids, Pfizer/BioNTech Mini, Pfizer/BioNTech original + BA.4/5",6979664,6895567,4369760,802894,13875231
2023-08-31,"Moderna bivalent BA.4-5, Pfizer/BioNTech, Pfizer/BioNTech original + BA.1, Pfizer/BioNTech original + BA.4/5",6979666,6895567,4369766,802899,13875233
2023-09-01,"Moderna bivalent BA.4-5, Pfizer/BioNTech original + BA.4/5",6979668,6895567,4369767,802902,13875235
2023-09-04,"Pfizer/BioNTech, Pfizer/BioNTech original + BA.4/5",6979669,6895567,4369769,802911,13875236
2023-09-05,Pfizer/BioNTech original + BA.4/5,6979669,6895569,4369769,802916,13875238
2023-09-06,"Pfizer/BioNTech, Pfizer/BioNTech Mini, Pfizer/BioNTech original + BA.1, Pfizer/BioNTech original + BA.4/5",6979671,6895569,4369774,802931,13875240
2023-09-07,"Pfizer/BioNTech original + BA.1, Pfizer/BioNTech original + BA.4/5",6979672,6895569,4369777,802940,13875241
2023-09-08,"Moderna bivalent BA.1, Pfizer/BioNTech original + BA.4/5",6979672,6895569,4369779,802956,13875241
2023-09-10,Pfizer/BioNTech,6979672,6895569,4369779,802956,13875241
2023-09-11,"Pfizer/BioNTech Mini, Pfizer/BioNTech original + BA.4/5",6979672,6895569,4369781,802967,13875241
2023-09-12,"Moderna bivalent BA.1, Pfizer/BioNTech, Pfizer/BioNTech original + BA.4/5",6979673,6895569,4369784,802974,13875242
2023-09-13,"Moderna bivalent BA.4-5, Pfizer/BioNTech, Pfizer/BioNTech Mini, Pfizer/BioNTech original + BA.1, Pfizer/BioNTech original + BA.4/5",6979676,6895569,4369786,802999,13875245
2023-09-14,"Moderna bivalent BA.1, Pfizer/BioNTech, Pfizer/BioNTech XBB.1.5, Pfizer/BioNTech original + BA.1, Pfizer/BioNTech original + BA.4/5",6979678,6895569,4369794,803040,13875247
2023-09-15,"Moderna bivalent BA.4-5, Pfizer/BioNTech XBB.1.5, Pfizer/BioNTech original + BA.4/5",6979679,6895569,4369799,803065,13875248
2023-09-16,Pfizer/BioNTech original + BA.4/5,6979679,6895569,4369799,803065,13875248
2023-09-18,"Pfizer/BioNTech, Pfizer/BioNTech Kids, Pfizer/BioNTech XBB.1.5, Pfizer/BioNTech original + BA.4/5",6979680,6895570,4369806,803099,13875250
2023-09-19,"Pfizer/BioNTech, Pfizer/BioNTech XBB.1.5, Pfizer/BioNTech original + BA.1, Pfizer/BioNTech original + BA.4/5",6979682,6895570,4369813,803153,13875252
2023-09-20,"Moderna bivalent BA.1, Pfizer/BioNTech, Pfizer/BioNTech Kids, Pfizer/BioNTech Kids XBB.1.5, Pfizer/BioNTech Mini, Pfizer/BioNTech XBB.1.5, Pfizer/BioNTech original + BA.1, Pfizer/BioNTech original + BA.4/5",6979687,6895573,4369828,803329,13875260
2023-09-21,"Pfizer/BioNTech, Pfizer/BioNTech Kids XBB.1.5, Pfizer/BioNTech XBB.1.5, Pfizer/BioNTech original + BA.1, Pfizer/BioNTech original + BA.4/5",6979693,6895575,4369868,803620,13875268
2023-09-22,"Moderna, Moderna bivalent BA.4-5, Pfizer/BioNTech, Pfizer/BioNTech Kids, Pfizer/BioNTech Kids XBB.1.5, Pfizer/BioNTech XBB.1.5, Pfizer/BioNTech original + BA.1, Pfizer/BioNTech original + BA.4/5",6979707,6895578,4369890,804006,13875285
2023-09-23,"Pfizer/BioNTech Kids XBB.1.5, Pfizer/BioNTech XBB.1.5",6979707,6895578,4369890,804016,13875285
2023-09-24,Pfizer/BioNTech XBB.1.5,6979707,6895578,4369890,804016,13875285
2023-09-25,"Johnson&Johnson, Moderna, Moderna bivalent BA.4-5, Pfizer/BioNTech, Pfizer/BioNTech Kids XBB.1.5, Pfizer/BioNTech XBB.1.5, Pfizer/BioNTech original + BA.1, Pfizer/BioNTech original + BA.4/5",6979713,6895579,4369914,804342,13875292
2023-09-26,"Moderna, Moderna bivalent BA.1, Pfizer/BioNTech, Pfizer/BioNTech Kids XBB.1.5, Pfizer/BioNTech XBB.1.5, Pfizer/BioNTech original + BA.1, Pfizer/BioNTech original + BA.4/5",6979740,6895579,4369957,804967,13875319
2023-09-27,"Moderna, Moderna bivalent BA.1, Pfizer/BioNTech, Pfizer/BioNTech Kids, Pfizer/BioNTech Kids XBB.1.5, Pfizer/BioNTech Mini, Pfizer/BioNTech XBB.1.5, Pfizer/BioNTech original + BA.1, Pfizer/BioNTech original + BA.4/5",6979758,6895581,4370021,805582,13875339
2023-09-28,"Pfizer/BioNTech, Pfizer/BioNTech XBB.1.5",6979758,6895581,4370025,805600,13875339
2023-09-29,"Moderna, Moderna bivalent BA.4-5, Pfizer/BioNTech, Pfizer/BioNTech Kids, Pfizer/BioNTech Kids XBB.1.5, Pfizer/BioNTech XBB.1.5, Pfizer/BioNTech original + BA.1, Pfizer/BioNTech original + BA.4/5",6979771,6895582,4370066,805982,13875353
2023-09-30,"Pfizer/BioNTech, Pfizer/BioNTech XBB.1.5",6979771,6895582,4370068,805994,13875353
2023-10-01,"Pfizer/BioNTech, Pfizer/BioNTech XBB.1.5",6979771,6895582,4370069,806000,13875353
2023-10-02,"Moderna bivalent BA.1, Moderna bivalent BA.4-5, Pfizer/BioNTech, Pfizer/BioNTech Kids XBB.1.5, Pfizer/BioNTech XBB.1.5, Pfizer/BioNTech original + BA.1, Pfizer/BioNTech original + BA.4/5",6979781,6895582,4370115,806679,13875363
2023-10-03,"Moderna, Moderna bivalent BA.1, Pfizer/BioNTech, Pfizer/BioNTech Kids XBB.1.5, Pfizer/BioNTech XBB.1.5, Pfizer/BioNTech original + BA.1, Pfizer/BioNTech original + BA.4/5",6979801,6895584,4370201,807763,13875385
2023-10-04,"Moderna, Moderna bivalent BA.1, Moderna bivalent BA.4-5, Pfizer/BioNTech, Pfizer/BioNTech Kids XBB.1.5, Pfizer/BioNTech Mini, Pfizer/BioNTech XBB.1.5, Pfizer/BioNTech original + BA.1, Pfizer/BioNTech original + BA.4/5",6979841,6895586,4370301,809013,13875427
2023-10-05,"Moderna, Moderna bivalent BA.1, Moderna bivalent BA.4-5, Pfizer/BioNTech, Pfizer/BioNTech Kids XBB.1.5, Pfizer/BioNTech XBB.1.5, Pfizer/BioNTech original + BA.1, Pfizer/BioNTech original + BA.4/5",6979891,6895586,4370465,810569,13875477
2023-10-06,"Moderna, Moderna bivalent BA.1, Moderna bivalent BA.4-5, Pfizer/BioNTech, Pfizer/BioNTech Kids XBB.1.5, Pfizer/BioNTech Mini, Pfizer/BioNTech XBB.1.5, Pfizer/BioNTech original + BA.1, Pfizer/BioNTech original + BA.4/5",6979911,6895588,4370552,812020,13875499
2023-10-07,Pfizer/BioNTech XBB.1.5,6979912,6895588,4370552,812026,13875500
2023-10-08,"Pfizer/BioNTech Kids XBB.1.5, Pfizer/BioNTech XBB.1.5",6979912,6895588,4370553,812037,13875500
2023-10-09,"Moderna, Moderna bivalent BA.1, Moderna bivalent BA.4-5, Pfizer/BioNTech, Pfizer/BioNTech Kids XBB.1.5, Pfizer/BioNTech XBB.1.5, Pfizer/BioNTech original + BA.1, Pfizer/BioNTech original + BA.4/5",6979941,6895588,4370652,813641,13875529
2023-10-10,"Moderna bivalent BA.1, Moderna bivalent BA.4-5, Pfizer/BioNTech, Pfizer/BioNTech Kids, Pfizer/BioNTech Kids XBB.1.5, Pfizer/BioNTech Mini, Pfizer/BioNTech XBB.1.5, Pfizer/BioNTech original + BA.1, Pfizer/BioNTech original + BA.4/5",6979981,6895590,4370794,815754,13875571
2023-10-11,"Moderna, Moderna bivalent BA.1, Moderna bivalent BA.4-5, Pfizer/BioNTech, Pfizer/BioNTech Kids XBB.1.5, Pfizer/BioNTech Mini, Pfizer/BioNTech XBB.1.5, Pfizer/BioNTech original + BA.1, Pfizer/BioNTech original + BA.4/5",6980021,6895592,4370962,818160,13875613
2023-10-12,"Moderna, Moderna bivalent BA.1, Moderna bivalent BA.4-5, Pfizer/BioNTech, Pfizer/BioNTech Kids XBB.1.5, Pfizer/BioNTech XBB.1.5, Pfizer/BioNTech original + BA.1, Pfizer/BioNTech original + BA.4/5",6980063,6895594,4371097,820536,13875657
2023-10-13,"Moderna, Moderna bivalent BA.4-5, Pfizer/BioNTech, Pfizer/BioNTech Kids XBB.1.5, Pfizer/BioNTech XBB.1.5, Pfizer/BioNTech original + BA.1, Pfizer/BioNTech original + BA.4/5",6980095,6895598,4371230,822487,13875693
2023-10-14,"Pfizer/BioNTech, Pfizer/BioNTech XBB.1.5",6980095,6895598,4371231,822511,13875693
2023-10-15,"Pfizer/BioNTech, Pfizer/BioNTech XBB.1.5",6980095,6895598,4371231,822525,13875693
2023-10-16,"Moderna, Moderna bivalent BA.4-5, Pfizer/BioNTech, Pfizer/BioNTech Kids XBB.1.5, Pfizer/BioNTech Mini, Pfizer/BioNTech XBB.1.5, Pfizer/BioNTech original + BA.1, Pfizer/BioNTech original + BA.4/5",6980132,6895598,4371358,824463,13875730
2023-10-17,"Moderna, Moderna bivalent BA.4-5, Pfizer/BioNTech, Pfizer/BioNTech Kids XBB.1.5, Pfizer/BioNTech XBB.1.5, Pfizer/BioNTech original + BA.1, Pfizer/BioNTech original + BA.4/5",6980169,6895601,4371522,827068,13875770
2023-10-18,"Moderna, Moderna bivalent BA.1, Moderna bivalent BA.4-5, Pfizer/BioNTech, Pfizer/BioNTech Kids XBB.1.5, Pfizer/BioNTech Mini, Pfizer/BioNTech XBB.1.5, Pfizer/BioNTech original + BA.1, Pfizer/BioNTech original + BA.4/5",6980233,6895605,4371743,829965,13875838
2023-10-19,"Moderna, Moderna bivalent BA.1, Pfizer/BioNTech, Pfizer/BioNTech Kids XBB.1.5, Pfizer/BioNTech XBB.1.5, Pfizer/BioNTech original + BA.1, Pfizer/BioNTech original + BA.4/5",6980296,6895611,4371957,832871,13875907
2023-10-20,"Moderna, Moderna bivalent BA.4-5, Pfizer/BioNTech, Pfizer/BioNTech Kids XBB.1.5, Pfizer/BioNTech XBB.1.5, Pfizer/BioNTech original + BA.1, Pfizer/BioNTech original + BA.4/5",6980336,6895614,4372140,835299,13875950
2023-10-21,"Pfizer/BioNTech Kids XBB.1.5, Pfizer/BioNTech XBB.1.5",6980336,6895614,4372141,835337,13875950
2023-10-22,"Pfizer/BioNTech Kids XBB.1.5, Pfizer/BioNTech XBB.1.5",6980336,6895614,4372141,835347,13875950
2023-10-23,"Moderna, Moderna bivalent BA.1, Moderna bivalent BA.4-5, Pfizer/BioNTech, Pfizer/BioNTech Kids, Pfizer/BioNTech Kids XBB.1.5, Pfizer/BioNTech XBB.1.5, Pfizer/BioNTech original + BA.1, Pfizer/BioNTech original + BA.4/5",6980368,6895616,4372289,837577,13875984
2023-10-24,"Moderna, Moderna bivalent BA.4-5, Pfizer/BioNTech, Pfizer/BioNTech Kids XBB.1.5, Pfizer/BioNTech XBB.1.5, Pfizer/BioNTech original + BA.1, Pfizer/BioNTech original + BA.4/5",6980433,6895623,4372482,840387,13876056
2023-10-25,"Moderna, Moderna bivalent BA.1, Pfizer/BioNTech, Pfizer/BioNTech Kids XBB.1.5, Pfizer/BioNTech XBB.1.5, Pfizer/BioNTech original + BA.1, Pfizer/BioNTech original + BA.4/5",6980486,6895626,4372693,843458,13876112
2023-10-26,"Johnson&Johnson, Moderna bivalent BA.1, Pfizer/BioNTech, Pfizer/BioNTech Kids, Pfizer/BioNTech Kids XBB.1.5, Pfizer/BioNTech XBB.1.5, Pfizer/BioNTech original + BA.1, Pfizer/BioNTech original + BA.4/5",6980553,6895631,4372901,846507,13876184
2023-10-27,"Pfizer/BioNTech, Pfizer/BioNTech Kids, Pfizer/BioNTech Kids XBB.1.5, Pfizer/BioNTech XBB.1.5, Pfizer/BioNTech original + BA.1, Pfizer/BioNTech original + BA.4/5",6980592,6895633,4373048,848611,13876225
2023-10-28,"Pfizer/BioNTech, Pfizer/BioNTech XBB.1.5, Pfizer/BioNTech original + BA.4/5",6980595,6895633,4373053,848646,13876228
2023-10-29,"Pfizer/BioNTech, Pfizer/BioNTech XBB.1.5",6980595,6895633,4373053,848656,13876228
2023-10-30,"Moderna bivalent BA.1, Moderna bivalent BA.4-5, Pfizer/BioNTech, Pfizer/BioNTech Kids, Pfizer/BioNTech Kids XBB.1.5, Pfizer/BioNTech XBB.1.5, Pfizer/BioNTech original + BA.1, Pfizer/BioNTech original + BA.4/5",6980649,6895636,4373180,850620,13876285
2023-10-31,"Moderna, Moderna bivalent BA.4-5, Pfizer/BioNTech, Pfizer/BioNTech Kids, Pfizer/BioNTech Kids XBB.1.5, Pfizer/BioNTech XBB.1.5, Pfizer/BioNTech original + BA.1, Pfizer/BioNTech original + BA.4/5",6980687,6895639,4373358,853233,13876326
2023-11-01,"Moderna, Pfizer/BioNTech, Pfizer/BioNTech Kids XBB.1.5, Pfizer/BioNTech Mini, Pfizer/BioNTech XBB.1.5, Pfizer/BioNTech original + BA.1, Pfizer/BioNTech original + BA.4/5",6980735,6895647,4373551,856034,13876382
2023-11-02,"Moderna, Pfizer/BioNTech, Pfizer/BioNTech Kids XBB.1.5, Pfizer/BioNTech XBB.1.5, Pfizer/BioNTech original + BA.1, Pfizer/BioNTech original + BA.4/5",6980772,6895650,4373746,859065,13876422
2023-11-03,"Moderna, Moderna bivalent BA.1, Pfizer/BioNTech, Pfizer/BioNTech Kids XBB.1.5, Pfizer/BioNTech XBB.1.5, Pfizer/BioNTech original + BA.1, Pfizer/BioNTech original + BA.4/5",6980816,6895652,4373907,861541,13876468
2023-11-04,"Pfizer/BioNTech, Pfizer/BioNTech Kids XBB.1.5, Pfizer/BioNTech XBB.1.5",6980816,6895652,4373912,861611,13876468
2023-11-05,Pfizer/BioNTech XBB.1.5,6980817,6895652,4373915,861640,13876469
2023-11-06,"Moderna bivalent BA.1, Moderna bivalent BA.4-5, Pfizer/BioNTech, Pfizer/BioNTech Kids XBB.1.5, Pfizer/BioNTech XBB.1.5, Pfizer/BioNTech original + BA.1, Pfizer/BioNTech original + BA.4/5",6980857,6895657,4374053,863554,13876514
2023-11-07,"Moderna, Moderna bivalent BA.1, Moderna bivalent BA.4-5, Pfizer/BioNTech, Pfizer/BioNTech Kids XBB.1.5, Pfizer/BioNTech XBB.1.5, Pfizer/BioNTech original + BA.1, Pfizer/BioNTech original + BA.4/5",6980895,6895665,4374219,866100,13876560
2023-11-08,"Moderna, Moderna bivalent BA.4-5, Pfizer/BioNTech, Pfizer/BioNTech Kids XBB.1.5, Pfizer/BioNTech Mini, Pfizer/BioNTech XBB.1.5, Pfizer/BioNTech original + BA.1, Pfizer/BioNTech original + BA.4/5",6980937,6895667,4374364,868284,13876604
2023-11-09,"Moderna, Moderna bivalent BA.1, Moderna bivalent BA.4-5, Pfizer/BioNTech, Pfizer/BioNTech Kids XBB.1.5, Pfizer/BioNTech Mini, Pfizer/BioNTech XBB.1.5, Pfizer/BioNTech original + BA.1, Pfizer/BioNTech original + BA.4/5",6980973,6895671,4374491,870386,13876644
2023-11-10,"Moderna bivalent BA.1, Moderna bivalent BA.4-5, Pfizer/BioNTech, Pfizer/BioNTech Kids XBB.1.5, Pfizer/BioNTech XBB.1.5, Pfizer/BioNTech original + BA.1, Pfizer/BioNTech original + BA.4/5",6981001,6895676,4374610,872138,13876677
2023-11-11,"Pfizer/BioNTech, Pfizer/BioNTech XBB.1.5",6981001,6895676,4374614,872182,13876677
2023-11-12,"Pfizer/BioNTech, Pfizer/BioNTech XBB.1.5",6981001,6895676,4374614,872191,13876677
2023-11-13,"Moderna, Moderna bivalent BA.1, Moderna bivalent BA.4-5, Pfizer/BioNTech, Pfizer/BioNTech Kids, Pfizer/BioNTech Kids XBB.1.5, Pfizer/BioNTech XBB.1.5, Pfizer/BioNTech original + BA.1, Pfizer/BioNTech original + BA.4/5",6981030,6895677,4374717,873510,13876707
2023-11-14,"Moderna, Moderna bivalent BA.4-5, Pfizer/BioNTech, Pfizer/BioNTech Kids XBB.1.5, Pfizer/BioNTech XBB.1.5, Pfizer/BioNTech original + BA.1, Pfizer/BioNTech original + BA.4/5",6981050,6895678,4374817,875204,13876728
2023-11-15,"Moderna, Moderna bivalent BA.4-5, Pfizer/BioNTech, Pfizer/BioNTech Kids XBB.1.5, Pfizer/BioNTech Mini, Pfizer/BioNTech XBB.1.5, Pfizer/BioNTech original + BA.1, Pfizer/BioNTech original + BA.4/5",6981093,6895683,4374928,877099,13876776
2023-11-16,"Moderna bivalent BA.4-5, Pfizer/BioNTech, Pfizer/BioNTech Kids XBB.1.5, Pfizer/BioNTech XBB.1.5, Pfizer/BioNTech original + BA.1, Pfizer/BioNTech original + BA.4/5",6981133,6895684,4375041,878717,13876817
2023-11-17,Pfizer/BioNTech XBB.1.5,6981133,6895684,4375044,878736,13876817
2023-11-18,Pfizer/BioNTech XBB.1.5,6981133,6895684,4375044,878736,13876817
2023-11-19,Pfizer/BioNTech XBB.1.5,6981133,6895684,4375045,878738,13876817
2023-11-20,"Moderna bivalent BA.1, Pfizer/BioNTech, Pfizer/BioNTech Kids XBB.1.5, Pfizer/BioNTech XBB.1.5, Pfizer/BioNTech original + BA.1, Pfizer/BioNTech original + BA.4/5",6981151,6895685,4375117,879674,13876836
2023-11-21,"Moderna, Pfizer/BioNTech, Pfizer/BioNTech Kids XBB.1.5, Pfizer/BioNTech XBB.1.5, Pfizer/BioNTech original + BA.1, Pfizer/BioNTech original + BA.4/5",6981177,6895688,4375197,881073,13876865
2023-11-22,"Moderna bivalent BA.1, Pfizer/BioNTech, Pfizer/BioNTech Kids XBB.1.5, Pfizer/BioNTech Mini, Pfizer/BioNTech XBB.1.5, Pfizer/BioNTech original + BA.1, Pfizer/BioNTech original + BA.4/5",6981209,6895689,4375321,882766,13876898
2023-11-23,"Moderna, Moderna bivalent BA.1, Pfizer/BioNTech, Pfizer/BioNTech Kids XBB.1.5, Pfizer/BioNTech XBB.1.5, Pfizer/BioNTech original + BA.1, Pfizer/BioNTech original + BA.4/5",6981248,6895690,4375423,884453,13876938
2023-11-24,"Moderna, Pfizer/BioNTech, Pfizer/BioNTech Kids, Pfizer/BioNTech Kids XBB.1.5, Pfizer/BioNTech Mini, Pfizer/BioNTech XBB.1.5, Pfizer/BioNTech original + BA.1, Pfizer/BioNTech original + BA.4/5",6981266,6895692,4375536,885975,13876958
2023-11-25,Pfizer/BioNTech XBB.1.5,6981267,6895692,4375537,885989,13876959
2023-11-26,"Pfizer/BioNTech, Pfizer/BioNTech XBB.1.5",6981267,6895692,4375537,885999,13876959
2023-11-27,"Moderna bivalent BA.4-5, Pfizer/BioNTech, Pfizer/BioNTech Kids XBB.1.5, Pfizer/BioNTech XBB.1.5, Pfizer/BioNTech original + BA.1, Pfizer/BioNTech original + BA.4/5",6981297,6895693,4375611,887171,13876990
2023-11-28,"Moderna, Moderna bivalent BA.4-5, Pfizer/BioNTech, Pfizer/BioNTech Kids XBB.1.5, Pfizer/BioNTech XBB.1.5, Pfizer/BioNTech original + BA.1, Pfizer/BioNTech original + BA.4/5",6981328,6895695,4375751,888661,13877023
2023-11-29,"Moderna bivalent BA.1, Pfizer/BioNTech, Pfizer/BioNTech Kids XBB.1.5, Pfizer/BioNTech Mini XBB.1.5, Pfizer/BioNTech XBB.1.5, Pfizer/BioNTech original + BA.1, Pfizer/BioNTech original + BA.4/5",6981370,6895699,4375872,890191,13877069
2023-11-30,"Moderna bivalent BA.1, Moderna bivalent BA.4-5, Pfizer/BioNTech, Pfizer/BioNTech Kids XBB.1.5, Pfizer/BioNTech XBB.1.5, Pfizer/BioNTech original + BA.1, Pfizer/BioNTech original + BA.4/5",6981399,6895701,4375963,891479,13877100
2023-12-01,"Indie, Moderna, Pfizer/BioNTech, Pfizer/BioNTech Kids XBB.1.5, Pfizer/BioNTech XBB.1.5, Pfizer/BioNTech original + BA.1, Pfizer/BioNTech original + BA.4/5",6981414,6895703,4376048,892463,13877117
2023-12-02,Pfizer/BioNTech XBB.1.5,6981415,6895703,4376051,892471,13877118
2023-12-03,"Pfizer/BioNTech XBB.1.5, Pfizer/BioNTech original + BA.1",6981415,6895703,4376051,892472,13877118
2023-12-04,"Pfizer/BioNTech, Pfizer/BioNTech Kids, Pfizer/BioNTech Kids XBB.1.5, Pfizer/BioNTech XBB.1.5, Pfizer/BioNTech original + BA.1, Pfizer/BioNTech original + BA.4/5",6981428,6895704,4376092,893102,13877132
2023-12-05,"Indie, Pfizer/BioNTech, Pfizer/BioNTech Kids XBB.1.5, Pfizer/BioNTech Mini XBB.1.5, Pfizer/BioNTech XBB.1.5, Pfizer/BioNTech original + BA.1, Pfizer/BioNTech original + BA.4/5",6981451,6895705,4376147,894045,13877156
2023-12-06,"Indie, Pfizer/BioNTech, Pfizer/BioNTech Kids XBB.1.5, Pfizer/BioNTech Mini, Pfizer/BioNTech XBB.1.5, Pfizer/BioNTech original + BA.1, Pfizer/BioNTech original + BA.4/5",6981474,6895708,4376207,895084,13877182
2023-12-07,"Indie, Moderna bivalent BA.1, Pfizer/BioNTech, Pfizer/BioNTech Kids XBB.1.5, Pfizer/BioNTech Mini XBB.1.5, Pfizer/BioNTech XBB.1.5, Pfizer/BioNTech original + BA.1, Pfizer/BioNTech original + BA.4/5",6981492,6895712,4376267,896003,13877204
2023-12-08,"Indie, Moderna bivalent BA.1, Pfizer/BioNTech, Pfizer/BioNTech Kids XBB.1.5, Pfizer/BioNTech XBB.1.5, Pfizer/BioNTech original + BA.1, Pfizer/BioNTech original + BA.4/5",6981503,6895712,4376312,896724,13877215
2023-12-09,"Pfizer/BioNTech, Pfizer/BioNTech XBB.1.5",6981503,6895712,4376312,896730,13877215
2023-12-10,Pfizer/BioNTech XBB.1.5,6981503,6895712,4376314,896734,13877215
2023-12-11,"Moderna, Pfizer/BioNTech, Pfizer/BioNTech Kids, Pfizer/BioNTech Kids XBB.1.5, Pfizer/BioNTech XBB.1.5, Pfizer/BioNTech original + BA.1, Pfizer/BioNTech original + BA.4/5",6981517,6895715,4376361,897225,13877232
2023-12-12,"Indie, Pfizer/BioNTech, Pfizer/BioNTech Kids XBB.1.5, Pfizer/BioNTech Mini XBB.1.5, Pfizer/BioNTech XBB.1.5, Pfizer/BioNTech original + BA.1, Pfizer/BioNTech original + BA.4/5",6981534,6895716,4376419,897929,13877250
2023-12-13,"Indie, Moderna, Pfizer/BioNTech, Pfizer/BioNTech Kids XBB.1.5, Pfizer/BioNTech XBB.1.5, Pfizer/BioNTech original + BA.1, Pfizer/BioNTech original + BA.4/5",6981555,6895716,4376476,898708,13877271
2023-12-14,"Moderna bivalent BA.4-5, Pfizer/BioNTech, Pfizer/BioNTech Kids XBB.1.5, Pfizer/BioNTech Mini XBB.1.5, Pfizer/BioNTech XBB.1.5, Pfizer/BioNTech original + BA.1, Pfizer/BioNTech original + BA.4/5",6981570,6895718,4376534,899604,13877288
2023-12-15,"Moderna, Pfizer/BioNTech, Pfizer/BioNTech Kids XBB.1.5, Pfizer/BioNTech Mini XBB.1.5, Pfizer/BioNTech XBB.1.5, Pfizer/BioNTech original + BA.1, Pfizer/BioNTech original + BA.4/5",6981585,6895718,4376597,900458,13877303
2023-12-16,Pfizer/BioNTech XBB.1.5,6981585,6895718,4376597,900465,13877303
2023-12-17,Pfizer/BioNTech XBB.1.5,6981585,6895718,4376597,900473,13877303
2023-12-18,"Indie, Moderna bivalent BA.4-5, Pfizer/BioNTech, Pfizer/BioNTech Kids, Pfizer/BioNTech Kids XBB.1.5, Pfizer/BioNTech Mini XBB.1.5, Pfizer/BioNTech XBB.1.5, Pfizer/BioNTech original + BA.1, Pfizer/BioNTech original + BA.4/5",6981601,6895720,4376648,901184,13877321
2023-12-19,"Moderna, Moderna bivalent BA.4-5, Pfizer/BioNTech, Pfizer/BioNTech Kids XBB.1.5, Pfizer/BioNTech XBB.1.5, Pfizer/BioNTech original + BA.1, Pfizer/BioNTech original + BA.4/5",6981629,6895721,4376706,901952,13877350
2023-12-20,"Indie, Pfizer/BioNTech, Pfizer/BioNTech Kids XBB.1.5, Pfizer/BioNTech Mini, Pfizer/BioNTech Mini XBB.1.5, Pfizer/BioNTech XBB.1.5, Pfizer/BioNTech original + BA.1, Pfizer/BioNTech original + BA.4/5",6981652,6895722,4376765,902742,13877374
2023-12-21,"Indie, Pfizer/BioNTech, Pfizer/BioNTech Kids XBB.1.5, Pfizer/BioNTech XBB.1.5, Pfizer/BioNTech original + BA.1, Pfizer/BioNTech original + BA.4/5",6981671,6895723,4376805,903290,13877394
2023-12-22,"Indie, Pfizer/BioNTech, Pfizer/BioNTech Kids, Pfizer/BioNTech Kids XBB.1.5, Pfizer/BioNTech Mini XBB.1.5, Pfizer/BioNTech XBB.1.5, Pfizer/BioNTech original + BA.1, Pfizer/BioNTech original + BA.4/5",6981678,6895723,4376836,903540,13877401
2023-12-26,Pfizer/BioNTech XBB.1.5,6981678,6895723,4376836,903540,13877401
2023-12-27,"Pfizer/BioNTech, Pfizer/BioNTech Kids XBB.1.5, Pfizer/BioNTech XBB.1.5, Pfizer/BioNTech original + BA.4/5",6981679,6895723,4376846,903613,13877402
2023-12-28,"Indie, Pfizer/BioNTech, Pfizer/BioNTech Kids XBB.1.5, Pfizer/BioNTech XBB.1.5, Pfizer/BioNTech original + BA.1, Pfizer/BioNTech original + BA.4/5",6981682,6895724,4376852,903714,13877406
2023-12-29,"Pfizer/BioNTech, Pfizer/BioNTech Kids, Pfizer/BioNTech XBB.1.5, Pfizer/BioNTech original + BA.4/5",6981686,6895724,4376861,903766,13877410
2023-12-31,Pfizer/BioNTech XBB.1.5,6981686,6895724,4376861,903768,13877410
2024-01-01,Pfizer/BioNTech XBB.1.5,6981686,6895724,4376861,903768,13877410
2024-01-02,"Indie, Moderna bivalent BA.4-5, Pfizer/BioNTech, Pfizer/BioNTech Kids XBB.1.5, Pfizer/BioNTech XBB.1.5, Pfizer/BioNTech original + BA.1",6981693,6895724,4376877,903860,13877417
2024-01-03,"Indie, Moderna, Pfizer/BioNTech, Pfizer/BioNTech Kids XBB.1.5, Pfizer/BioNTech Mini, Pfizer/BioNTech Mini XBB.1.5, Pfizer/BioNTech XBB.1.5, Pfizer/BioNTech original + BA.1, Pfizer/BioNTech original + BA.4/5",6981701,6895728,4376905,904065,13877429
2024-01-04,"Indie, Pfizer/BioNTech, Pfizer/BioNTech Kids XBB.1.5, Pfizer/BioNTech XBB.1.5, Pfizer/BioNTech original + BA.1, Pfizer/BioNTech original + BA.4/5",6981706,6895729,4376926,904316,13877435
2024-01-05,"Indie, Pfizer/BioNTech, Pfizer/BioNTech Kids XBB.1.5, Pfizer/BioNTech Mini XBB.1.5, Pfizer/BioNTech XBB.1.5, Pfizer/BioNTech original + BA.1, Pfizer/BioNTech original + BA.4/5",6981715,6895730,4376963,904607,13877445
2024-01-06,"Pfizer/BioNTech Kids XBB.1.5, Pfizer/BioNTech XBB.1.5",6981716,6895730,4376965,904618,13877446
2024-01-07,"Pfizer/BioNTech, Pfizer/BioNTech XBB.1.5",6981716,6895730,4376966,904618,13877446
2024-01-08,"Indie, Johnson&Johnson, Pfizer/BioNTech, Pfizer/BioNTech Kids XBB.1.5, Pfizer/BioNTech XBB.1.5, Pfizer/BioNTech original + BA.1, Pfizer/BioNTech original + BA.4/5",6981723,6895732,4376987,904887,13877455
2024-01-09,"Indie, Pfizer/BioNTech, Pfizer/BioNTech Kids XBB.1.5, Pfizer/BioNTech XBB.1.5, Pfizer/BioNTech original + BA.1, Pfizer/BioNTech original + BA.4/5",6981729,6895733,4377016,905191,13877462
2024-01-10,"Indie, Pfizer/BioNTech, Pfizer/BioNTech Kids XBB.1.5, Pfizer/BioNTech Mini, Pfizer/BioNTech Mini XBB.1.5, Pfizer/BioNTech XBB.1.5, Pfizer/BioNTech original + BA.1, Pfizer/BioNTech original + BA.4/5",6981749,6895737,4377056,905565,13877486
2024-01-11,"Indie, Pfizer/BioNTech, Pfizer/BioNTech Kids XBB.1.5, Pfizer/BioNTech Mini XBB.1.5, Pfizer/BioNTech XBB.1.5, Pfizer/BioNTech original + BA.1, Pfizer/BioNTech original + BA.4/5",6981754,6895740,4377109,906099,13877494
2024-01-12,"Indie, Pfizer/BioNTech, Pfizer/BioNTech Kids, Pfizer/BioNTech Kids XBB.1.5, Pfizer/BioNTech XBB.1.5, Pfizer/BioNTech original + BA.1, Pfizer/BioNTech original + BA.4/5",6981766,6895740,4377146,906621,13877506
2024-01-13,Pfizer/BioNTech XBB.1.5,6981766,6895740,4377146,906623,13877506
2024-01-14,Pfizer/BioNTech XBB.1.5,6981766,6895740,4377146,906624,13877506
2024-01-15,"Indie, Pfizer/BioNTech, Pfizer/BioNTech Kids XBB.1.5, Pfizer/BioNTech XBB.1.5, Pfizer/BioNTech original + BA.1, Pfizer/BioNTech original + BA.4/5",6981767,6895741,4377173,906908,13877508
2024-01-16,"Indie, Pfizer/BioNTech, Pfizer/BioNTech Kids XBB.1.5, Pfizer/BioNTech Mini XBB.1.5, Pfizer/BioNTech XBB.1.5, Pfizer/BioNTech original + BA.1, Pfizer/BioNTech original + BA.4/5",6981777,6895741,4377200,907251,13877518
2024-01-17,"Indie, Pfizer/BioNTech, Pfizer/BioNTech Kids XBB.1.5, Pfizer/BioNTech XBB.1.5, Pfizer/BioNTech original + BA.1, Pfizer/BioNTech original + BA.4/5",6981787,6895742,4377226,907608,13877529
2024-01-18,"Indie, Moderna, Pfizer/BioNTech, Pfizer/BioNTech Kids XBB.1.5, Pfizer/BioNTech XBB.1.5, Pfizer/BioNTech original + BA.4/5",6981800,6895742,4377251,908004,13877542
2024-01-19,"Indie, Pfizer/BioNTech, Pfizer/BioNTech Kids XBB.1.5, Pfizer/BioNTech XBB.1.5, Pfizer/BioNTech original + BA.1, Pfizer/BioNTech original + BA.4/5",6981807,6895742,4377278,908390,13877549
2024-01-21,Pfizer/BioNTech XBB.1.5,6981809,6895742,4377280,908392,13877551
2024-01-22,"Indie, Moderna, Pfizer/BioNTech, Pfizer/BioNTech Kids XBB.1.5, Pfizer/BioNTech Mini XBB.1.5, Pfizer/BioNTech XBB.1.5, Pfizer/BioNTech original + BA.4/5",6981815,6895743,4377295,908552,13877558
2024-01-23,"Indie, Pfizer/BioNTech, Pfizer/BioNTech Kids XBB.1.5, Pfizer/BioNTech Mini XBB.1.5, Pfizer/BioNTech XBB.1.5, Pfizer/BioNTech original + BA.1, Pfizer/BioNTech original + BA.4/5",6981821,6895744,4377322,908770,13877565
2024-01-24,"Indie, Pfizer/BioNTech, Pfizer/BioNTech Kids XBB.1.5, Pfizer/BioNTech Mini XBB.1.5, Pfizer/BioNTech XBB.1.5, Pfizer/BioNTech original + BA.4/5",6981829,6895744,4377351,909054,13877573
2024-01-25,"Indie, Pfizer/BioNTech, Pfizer/BioNTech Kids XBB.1.5, Pfizer/BioNTech XBB.1.5, Pfizer/BioNTech original + BA.4/5",6981835,6895744,4377376,909293,13877579
2024-01-26,"Indie, Pfizer/BioNTech, Pfizer/BioNTech Kids XBB.1.5, Pfizer/BioNTech XBB.1.5, Pfizer/BioNTech original + BA.4/5",6981847,6895744,4377392,909515,13877591
2024-01-27,Pfizer/BioNTech XBB.1.5,6981847,6895744,4377392,909515,13877591
2024-01-29,"Indie, Pfizer/BioNTech, Pfizer/BioNTech XBB.1.5, Pfizer/BioNTech original + BA.4/5",6981854,6895744,4377397,909644,13877598
2024-01-30,"Indie, Pfizer/BioNTech, Pfizer/BioNTech Kids XBB.1.5, Pfizer/BioNTech XBB.1.5, Pfizer/BioNTech original + BA.4/5",6981855,6895744,4377412,909778,13877599
2024-01-31,"Indie, Pfizer/BioNTech, Pfizer/BioNTech Kids XBB.1.5, Pfizer/BioNTech Mini XBB.1.5, Pfizer/BioNTech XBB.1.5, Pfizer/BioNTech original + BA.1, Pfizer/BioNTech original + BA.4/5",6981861,6895748,4377421,909908,13877609
2024-02-01,"Indie, Pfizer/BioNTech Kids XBB.1.5, Pfizer/BioNTech Mini XBB.1.5, Pfizer/BioNTech XBB.1.5, Pfizer/BioNTech original + BA.4/5",6981864,6895748,4377429,910001,13877612
2024-02-02,"Indie, Pfizer/BioNTech, Pfizer/BioNTech Kids XBB.1.5, Pfizer/BioNTech XBB.1.5, Pfizer/BioNTech original + BA.4/5",6981869,6895748,4377439,910107,13877617
2024-02-03,Pfizer/BioNTech XBB.1.5,6981869,6895748,4377439,910108,13877617
2024-02-04,Moderna bivalent BA.1,6981869,6895749,4377439,910108,13877618
2024-02-05,"Indie, Pfizer/BioNTech, Pfizer/BioNTech XBB.1.5, Pfizer/BioNTech original + BA.1, Pfizer/BioNTech original + BA.4/5",6981871,6895749,4377445,910159,13877620
2024-02-06,"Indie, Pfizer/BioNTech, Pfizer/BioNTech Kids XBB.1.5, Pfizer/BioNTech Mini XBB.1.5, Pfizer/BioNTech XBB.1.5, Pfizer/BioNTech original + BA.1",6981873,6895752,4377452,910211,13877625
2024-02-07,"Indie, Pfizer/BioNTech, Pfizer/BioNTech Kids XBB.1.5, Pfizer/BioNTech Mini XBB.1.5, Pfizer/BioNTech XBB.1.5, Pfizer/BioNTech original + BA.4/5",6981882,6895753,4377473,910268,13877635
2024-02-08,"Pfizer/BioNTech, Pfizer/BioNTech Kids XBB.1.5, Pfizer/BioNTech XBB.1.5",6981887,6895753,4377480,910315,13877640
2024-02-09,"Indie, Pfizer/BioNTech, Pfizer/BioNTech Kids XBB.1.5, Pfizer/BioNTech XBB.1.5, Pfizer/BioNTech original + BA.1, Pfizer/BioNTech original + BA.4/5",6981888,6895753,4377486,910355,13877641
2024-02-12,"Pfizer/BioNTech XBB.1.5, Pfizer/BioNTech original + BA.1, Pfizer/BioNTech original + BA.4/5",6981889,6895753,4377489,910375,13877642
2024-02-13,"Indie, Pfizer/BioNTech, Pfizer/BioNTech Kids XBB.1.5, Pfizer/BioNTech XBB.1.5, Pfizer/BioNTech original + BA.1, Pfizer/BioNTech original + BA.4/5",6981893,6895753,4377493,910415,13877646
2024-02-14,"Indie, Pfizer/BioNTech, Pfizer/BioNTech Kids, Pfizer/BioNTech Kids XBB.1.5, Pfizer/BioNTech Mini XBB.1.5, Pfizer/BioNTech XBB.1.5, Pfizer/BioNTech original + BA.1",6981896,6895754,4377504,910477,13877650
2024-02-15,"Indie, Pfizer/BioNTech, Pfizer/BioNTech Kids XBB.1.5, Pfizer/BioNTech XBB.1.5",6981900,6895754,4377507,910527,13877654
2024-02-16,"Pfizer/BioNTech, Pfizer/BioNTech Kids XBB.1.5, Pfizer/BioNTech XBB.1.5, Pfizer/BioNTech original + BA.4/5",6981900,6895754,4377512,910570,13877654
2024-02-18,Pfizer/BioNTech XBB.1.5,6981900,6895754,4377512,910570,13877654
2024-02-19,"Pfizer/BioNTech, Pfizer/BioNTech XBB.1.5",6981901,6895754,4377513,910589,13877655
2024-02-20,"Indie, Pfizer/BioNTech, Pfizer/BioNTech XBB.1.5, Pfizer/BioNTech original + BA.4/5",6981902,6895755,4377514,910614,13877657
2024-02-21,"Pfizer/BioNTech, Pfizer/BioNTech Mini XBB.1.5, Pfizer/BioNTech XBB.1.5, Pfizer/BioNTech original + BA.4/5",6981904,6895755,4377519,910629,13877659
2024-02-22,"Indie, Moderna bivalent BA.1, Pfizer/BioNTech, Pfizer/BioNTech XBB.1.5",6981906,6895755,4377524,910658,13877661
2024-02-23,"Indie, Pfizer/BioNTech Kids XBB.1.5, Pfizer/BioNTech XBB.1.5",6981907,6895755,4377532,910677,13877662
2024-02-24,Pfizer/BioNTech XBB.1.5,6981907,6895755,4377532,910677,13877662
2024-02-26,Pfizer/BioNTech XBB.1.5,6981907,6895755,4377536,910698,13877662
2024-02-27,"Pfizer/BioNTech, Pfizer/BioNTech Kids XBB.1.5, Pfizer/BioNTech XBB.1.5, Pfizer/BioNTech original + BA.4/5",6981909,6895755,4377538,910731,13877664
2024-02-28,"Indie, Pfizer/BioNTech, Pfizer/BioNTech Kids XBB.1.5, Pfizer/BioNTech Mini, Pfizer/BioNTech Mini XBB.1.5, Pfizer/BioNTech XBB.1.5",6981912,6895755,4377552,910765,13877667
2024-02-29,"Indie, Pfizer/BioNTech, Pfizer/BioNTech Kids XBB.1.5, Pfizer/BioNTech XBB.1.5",6981915,6895755,4377555,910783,13877670
2024-03-01,"Indie, Pfizer/BioNTech Kids XBB.1.5, Pfizer/BioNTech XBB.1.5",6981917,6895755,4377558,910802,13877672
2024-03-04,Pfizer/BioNTech XBB.1.5,6981917,6895755,4377558,910808,13877672
2024-03-05,"Indie, Pfizer/BioNTech XBB.1.5",6981917,6895755,4377559,910831,13877672
2024-03-06,"Indie, Pfizer/BioNTech Mini XBB.1.5, Pfizer/BioNTech XBB.1.5, Pfizer/BioNTech original + BA.4/5",6981920,6895755,4377567,910846,13877675
2024-03-07,"Indie, Pfizer/BioNTech, Pfizer/BioNTech XBB.1.5",6981920,6895755,4377569,910873,13877675
2024-03-08,"Pfizer/BioNTech Mini XBB.1.5, Pfizer/BioNTech XBB.1.5",6981920,6895755,4377574,910879,13877675
2024-03-11,"Pfizer/BioNTech Kids XBB.1.5, Pfizer/BioNTech XBB.1.5",6981920,6895755,4377576,910883,13877675
2024-03-12,"Indie, Pfizer/BioNTech, Pfizer/BioNTech XBB.1.5",6981921,6895755,4377579,910893,13877676
2024-03-13,"Pfizer/BioNTech Mini, Pfizer/BioNTech Mini XBB.1.5, Pfizer/BioNTech XBB.1.5",6981923,6895758,4377582,910901,13877681
2024-03-14,"Pfizer/BioNTech, Pfizer/BioNTech XBB.1.5, Pfizer/BioNTech original + BA.4/5",6981923,6895758,4377583,910912,13877681
2024-03-15,"Pfizer/BioNTech, Pfizer/BioNTech XBB.1.5, Pfizer/BioNTech original + BA.4/5",6981923,6895758,4377585,910925,13877681
2024-03-18,Pfizer/BioNTech XBB.1.5,6981923,6895758,4377586,910931,13877681
2024-03-19,Pfizer/BioNTech XBB.1.5,6981923,6895758,4377586,910935,13877681
2024-03-20,"Pfizer/BioNTech, Pfizer/BioNTech Kids XBB.1.5, Pfizer/BioNTech Mini XBB.1.5, Pfizer/BioNTech XBB.1.5",6981930,6895758,4377587,910946,13877688
2024-03-21,"Indie, Pfizer/BioNTech XBB.1.5",6981933,6895758,4377589,910956,13877691
2024-03-22,"Pfizer/BioNTech Kids XBB.1.5, Pfizer/BioNTech XBB.1.5",6981933,6895758,4377590,910962,13877691
2024-03-25,Pfizer/BioNTech XBB.1.5,6981936,6895758,4377590,910976,13877694
2024-03-26,"Indie, Pfizer/BioNTech, Pfizer/BioNTech Kids XBB.1.5, Pfizer/BioNTech XBB.1.5",6981943,6895758,4377591,910986,13877701
2024-03-27,"Indie, Pfizer/BioNTech Kids XBB.1.5, Pfizer/BioNTech Mini XBB.1.5, Pfizer/BioNTech XBB.1.5",6981943,6895758,4377592,911004,13877701
2024-03-28,Pfizer/BioNTech XBB.1.5,6981945,6895758,4377593,911009,13877703
2024-04-02,"Pfizer/BioNTech XBB.1.5, Pfizer/BioNTech original + BA.4/5",6981945,6895758,4377593,911011,13877703
2024-04-03,"Indie, Pfizer/BioNTech, Pfizer/BioNTech Kids XBB.1.5, Pfizer/BioNTech XBB.1.5",6981948,6895758,4377597,911015,13877706
2024-04-04,Pfizer/BioNTech XBB.1.5,6981949,6895758,4377597,911016,13877707
2024-04-05,Pfizer/BioNTech XBB.1.5,6981950,6895758,4377598,911020,13877708
2024-04-08,Pfizer/BioNTech XBB.1.5,6981950,6895758,4377601,911021,13877708
2024-04-09,Pfizer/BioNTech XBB.1.5,6981951,6895758,4377602,911023,13877709
2024-04-10,"Indie, Pfizer/BioNTech Kids XBB.1.5, Pfizer/BioNTech Mini XBB.1.5, Pfizer/BioNTech XBB.1.5",6981953,6895759,4377604,911023,13877712
2024-04-11,Pfizer/BioNTech XBB.1.5,6981955,6895759,4377606,911023,13877714
2024-04-12,Pfizer/BioNTech XBB.1.5,6981955,6895759,4377606,911029,13877714
2024-04-15,Pfizer/BioNTech XBB.1.5,6981956,6895759,4377606,911033,13877715
2024-04-16,"Pfizer/BioNTech, Pfizer/BioNTech XBB.1.5",6981956,6895759,4377606,911034,13877715
2024-04-17,"Pfizer/BioNTech XBB.1.5, Pfizer/BioNTech original + BA.1",6981957,6895759,4377609,911039,13877716
2024-04-18,Pfizer/BioNTech XBB.1.5,6981959,6895759,4377611,911043,13877718
2024-04-19,Pfizer/BioNTech XBB.1.5,6981959,6895759,4377611,911047,13877718
2024-04-22,Pfizer/BioNTech XBB.1.5,6981959,6895759,4377612,911049,13877718
2024-04-23,Pfizer/BioNTech XBB.1.5,6981960,6895759,4377612,911052,13877719
2024-04-24,"Pfizer/BioNTech Mini XBB.1.5, Pfizer/BioNTech XBB.1.5",6981960,6895759,4377614,911056,13877719
2024-04-25,"Pfizer/BioNTech, Pfizer/BioNTech XBB.1.5",6981961,6895759,4377615,911060,13877720
2024-04-26,"Indie, Pfizer/BioNTech XBB.1.5",6981963,6895759,4377615,911067,13877722
2024-04-29,"Pfizer/BioNTech, Pfizer/BioNTech XBB.1.5",6981965,6895759,4377616,911077,13877724
2024-04-30,"Indie, Pfizer/BioNTech XBB.1.5",6981965,6895759,4377621,911079,13877724
2024-05-02,Pfizer/BioNTech XBB.1.5,6981965,6895759,4377621,911080,13877724
2024-05-03,Pfizer/BioNTech XBB.1.5,6981966,6895759,4377624,911088,13877725
2024-05-06,"Pfizer/BioNTech, Pfizer/BioNTech XBB.1.5",6981966,6895759,4377624,911088,13877725
2024-05-07,"Indie, Pfizer/BioNTech XBB.1.5",6981967,6895759,4377625,911089,13877726
2024-05-09,Pfizer/BioNTech XBB.1.5,6981967,6895759,4377625,911090,13877726
2024-05-10,Pfizer/BioNTech XBB.1.5,6981967,6895759,4377625,911090,13877726
2024-05-13,Pfizer/BioNTech XBB.1.5,6981968,6895759,4377627,911091,13877727
2024-05-14,Pfizer/BioNTech XBB.1.5,6981971,6895759,4377627,911098,13877730
2024-05-15,"Indie, Pfizer/BioNTech Mini XBB.1.5, Pfizer/BioNTech XBB.1.5",6981972,6895759,4377630,911104,13877731
2024-05-16,Pfizer/BioNTech XBB.1.5,6981973,6895759,4377631,911105,13877732
2024-05-17,Pfizer/BioNTech XBB.1.5,6981973,6895759,4377632,911107,13877732
2024-05-20,Pfizer/BioNTech XBB.1.5,6981973,6895759,4377633,911108,13877732
2024-05-21,Pfizer/BioNTech XBB.1.5,6981973,6895759,4377633,911111,13877732
2024-05-22,"Pfizer/BioNTech XBB.1.5, Pfizer/BioNTech original + BA.4/5",6981973,6895759,4377634,911111,13877732
2024-05-23,"Pfizer/BioNTech, Pfizer/BioNTech XBB.1.5",6981974,6895759,4377634,911112,13877733
2024-05-24,Pfizer/BioNTech XBB.1.5,6981974,6895759,4377636,911112,13877733
2024-05-27,Pfizer/BioNTech XBB.1.5,6981975,6895759,4377636,911113,13877734
2024-05-28,"Indie, Pfizer/BioNTech, Pfizer/BioNTech XBB.1.5",6981975,6895760,4377636,911115,13877735
2024-05-29,"Indie, Pfizer/BioNTech XBB.1.5",6981979,6895760,4377640,911118,13877739
2024-05-30,Pfizer/BioNTech XBB.1.5,6981980,6895760,4377640,911121,13877740
2024-05-31,Pfizer/BioNTech XBB.1.5,6981980,6895760,4377640,911122,13877740
2024-06-03,"Moderna bivalent BA.4-5, Pfizer/BioNTech XBB.1.5",6981981,6895760,4377640,911122,13877741
2024-06-04,"Indie, Pfizer/BioNTech, Pfizer/BioNTech XBB.1.5",6981981,6895760,4377641,911129,13877741
2024-06-05,"Indie, Pfizer/BioNTech XBB.1.5",6981983,6895760,4377642,911129,13877743
2024-06-06,Pfizer/BioNTech XBB.1.5,6981983,6895760,4377642,911130,13877743
2024-06-07,Pfizer/BioNTech XBB.1.5,6981983,6895760,4377642,911132,13877743
2024-06-11,Pfizer/BioNTech XBB.1.5,6981983,6895760,4377642,911135,13877743
2024-06-12,"Pfizer/BioNTech Kids XBB.1.5, Pfizer/BioNTech XBB.1.5",6981985,6895760,4377643,911140,13877745
2024-06-13,Pfizer/BioNTech XBB.1.5,6981985,6895760,4377643,911140,13877745
2024-06-14,Pfizer/BioNTech XBB.1.5,6981987,6895760,4377643,911140,13877747
2024-06-17,Pfizer/BioNTech XBB.1.5,6981988,6895760,4377643,911140,13877748
2024-06-18,Pfizer/BioNTech XBB.1.5,6981988,6895760,4377645,911142,13877748
2024-06-19,"Pfizer/BioNTech, Pfizer/BioNTech Kids XBB.1.5, Pfizer/BioNTech XBB.1.5, Pfizer/BioNTech original + BA.4/5",6981990,6895760,4377647,911145,13877750
2024-06-20,"Pfizer/BioNTech, Pfizer/BioNTech XBB.1.5",6981990,6895760,4377649,911147,13877750
2024-06-21,Pfizer/BioNTech XBB.1.5,6981990,6895760,4377650,911147,13877750
2024-06-24,Pfizer/BioNTech XBB.1.5,6981990,6895760,4377652,911150,13877750
2024-06-25,Pfizer/BioNTech XBB.1.5,6981990,6895760,4377654,911150,13877750
2024-06-26,"Indie, Pfizer/BioNTech Kids XBB.1.5, Pfizer/BioNTech XBB.1.5",6981990,6895760,4377657,911151,13877750
2024-06-27,Pfizer/BioNTech XBB.1.5,6981990,6895760,4377658,911152,13877750
