date,vaccine,people_vaccinated,people_fully_vaccinated,people_boosted_1,people_boosted_2,total_vaccinations
2020-12-27,Pfizer/BioNTech,1287,0,0,0,1287
2020-12-28,Pfizer/BioNTech,3588,0,0,0,3588
2020-12-29,Pfizer/BioNTech,7054,1,0,0,7055
2020-12-30,Pfizer/BioNTech,10569,1,0,0,10570
2020-12-31,Pfizer/BioNTech,11881,1,0,0,11882
2021-01-01,"Moderna, Pfizer/BioNTech",12149,1,0,0,12150
2021-01-02,"Moderna, Pfizer/BioNTech",13437,2,0,0,13439
2021-01-03,"Moderna, Pfizer/BioNTech",14364,2,0,0,14366
2021-01-04,"Moderna, Pfizer/BioNTech",17968,3,0,0,17971
2021-01-05,"Moderna, Pfizer/BioNTech",22479,4,0,0,22483
2021-01-06,"Moderna, Pfizer/BioNTech",28320,5,0,0,28325
2021-01-07,"Moderna, Pfizer/BioNTech",36317,5,0,0,36322
2021-01-08,"Moderna, Pfizer/BioNTech",46356,6,0,0,46362
2021-01-09,"Moderna, Pfizer/BioNTech",48380,8,0,0,48388
2021-01-10,"Indie/AstraZeneca, Pfizer/BioNTech",50155,10,0,0,50165
2021-01-11,"Moderna, Pfizer/BioNTech",60013,12,0,0,60025
2021-01-12,"Moderna, Pfizer/BioNTech",73464,14,0,0,73478
2021-01-13,"Indie/Bahrat Biotech, Moderna, Pfizer/BioNTech, Čína",86995,15,0,0,87010
2021-01-14,"Moderna, Pfizer/BioNTech",102229,19,0,0,102248
2021-01-15,"Moderna, Pfizer/BioNTech, Čína",116238,20,0,0,116258
2021-01-16,"Moderna, Pfizer/BioNTech",119635,24,0,0,119659
2021-01-17,"Moderna, Pfizer/BioNTech",122250,659,0,0,122909
2021-01-18,"Moderna, Pfizer/BioNTech",134716,2483,0,0,137199
2021-01-19,"Moderna, Pfizer/BioNTech",147307,5210,0,0,152517
2021-01-20,"Moderna, Pfizer/BioNTech",160990,7872,0,0,168862
2021-01-21,"Moderna, Pfizer/BioNTech",176635,9614,0,0,186249
2021-01-22,"Moderna, Pfizer/BioNTech",191501,10656,0,0,202157
2021-01-23,"Moderna, Pfizer/BioNTech",194813,11535,0,0,206348
2021-01-24,"Moderna, Pfizer/BioNTech",197065,12407,0,0,209472
2021-01-25,"Moderna, Pfizer/BioNTech",206714,15369,0,0,222083
2021-01-26,"Moderna, Pfizer/BioNTech",217237,19352,0,0,236589
2021-01-27,"Indie/Bahrat Biotech, Moderna, Pfizer/BioNTech, Čína",226261,23880,0,0,250141
2021-01-28,"Moderna, Pfizer/BioNTech",233364,30010,0,0,263374
2021-01-29,"Indie/AstraZeneca, Moderna, Pfizer/BioNTech, Čína",239574,37911,0,0,277485
2021-01-30,"Moderna, Pfizer/BioNTech",240313,38998,0,0,279311
2021-01-31,"Moderna, Pfizer/BioNTech",241031,40180,0,0,281211
2021-02-01,"Moderna, Pfizer/BioNTech",245010,48146,0,0,293156
2021-02-02,"Moderna, Pfizer/BioNTech",249161,58383,0,0,307544
2021-02-03,"Moderna, Pfizer/BioNTech",253581,69391,0,0,322972
2021-02-04,"Moderna, Pfizer/BioNTech",258474,82372,0,0,340846
2021-02-05,"Moderna, Pfizer/BioNTech",263944,93035,0,0,356979
2021-02-06,"Moderna, Oxford/AstraZeneca, Pfizer/BioNTech, Čína",264803,95399,0,0,360202
2021-02-07,"Moderna, Oxford/AstraZeneca, Pfizer/BioNTech",265654,97893,0,0,363547
2021-02-08,"Moderna, Oxford/AstraZeneca, Pfizer/BioNTech",269741,109300,0,0,379041
2021-02-09,"Moderna, Oxford/AstraZeneca, Pfizer/BioNTech",274846,121196,0,0,396042
2021-02-10,"Moderna, Oxford/AstraZeneca, Pfizer/BioNTech",280364,134438,0,0,414802
2021-02-11,"Indie/AstraZeneca, Moderna, Oxford/AstraZeneca, Pfizer/BioNTech",286701,150635,0,0,437336
2021-02-12,"Moderna, Oxford/AstraZeneca, Pfizer/BioNTech",293527,165360,0,0,458887
2021-02-13,"Moderna, Oxford/AstraZeneca, Pfizer/BioNTech",295145,168340,0,0,463485
2021-02-14,"Moderna, Oxford/AstraZeneca, Pfizer/BioNTech",296147,169724,0,0,465871
2021-02-15,"Moderna, Oxford/AstraZeneca, Pfizer/BioNTech",302539,179085,0,0,481624
2021-02-16,"Moderna, Oxford/AstraZeneca, Pfizer/BioNTech",311250,188147,0,0,499397
2021-02-17,"Moderna, Oxford/AstraZeneca, Pfizer/BioNTech",320943,196454,0,0,517397
2021-02-18,"Moderna, Oxford/AstraZeneca, Pfizer/BioNTech",333264,204536,0,0,537800
2021-02-19,"Moderna, Oxford/AstraZeneca, Pfizer/BioNTech",345123,211905,0,0,557028
2021-02-20,"Moderna, Oxford/AstraZeneca, Pfizer/BioNTech, Čína",347131,213087,0,0,560218
2021-02-21,"Moderna, Oxford/AstraZeneca, Pfizer/BioNTech",348269,214111,0,0,562380
2021-02-22,"Moderna, Oxford/AstraZeneca, Pfizer/BioNTech",358381,220147,0,0,578528
2021-02-23,"Moderna, Oxford/AstraZeneca, Pfizer/BioNTech",371340,227127,0,0,598467
2021-02-24,"Moderna, Oxford/AstraZeneca, Pfizer/BioNTech",385210,233162,0,0,618372
2021-02-25,"Moderna, Oxford/AstraZeneca, Pfizer/BioNTech",403174,238707,0,0,641881
2021-02-26,"Moderna, Oxford/AstraZeneca, Pfizer/BioNTech",419337,244062,0,0,663399
2021-02-27,"Moderna, Oxford/AstraZeneca, Pfizer/BioNTech",422345,244621,0,0,666966
2021-02-28,"Moderna, Oxford/AstraZeneca, Pfizer/BioNTech",424699,245172,0,0,669871
2021-03-01,"Moderna, Oxford/AstraZeneca, Pfizer/BioNTech",444283,248614,0,0,692897
2021-03-02,"Indie/AstraZeneca, Moderna, Oxford/AstraZeneca, Pfizer/BioNTech",471492,252165,0,0,723657
2021-03-03,"Moderna, Oxford/AstraZeneca, Pfizer/BioNTech",502422,256673,0,0,759095
2021-03-04,"Moderna, Oxford/AstraZeneca, Pfizer/BioNTech",535667,261353,0,0,797020
2021-03-05,"Johnson&Johnson, Moderna, Oxford/AstraZeneca, Pfizer/BioNTech",564502,266776,0,0,831278
2021-03-06,"Johnson&Johnson, Moderna, Oxford/AstraZeneca, Pfizer/BioNTech",576658,267643,0,0,844301
2021-03-07,"Johnson&Johnson, Moderna, Oxford/AstraZeneca, Pfizer/BioNTech, Čína",588195,268484,0,0,856679
2021-03-08,"Johnson&Johnson, Moderna, Oxford/AstraZeneca, Pfizer/BioNTech",617910,273342,0,0,891252
2021-03-09,"Johnson&Johnson, Moderna, Oxford/AstraZeneca, Pfizer/BioNTech",654248,279722,0,0,933970
2021-03-10,"Johnson&Johnson, Moderna, Oxford/AstraZeneca, Pfizer/BioNTech",695530,286679,0,0,982209
2021-03-11,"Indie/AstraZeneca, Johnson&Johnson, Moderna, Oxford/AstraZeneca, Pfizer/BioNTech",740340,295051,0,0,1035391
2021-03-12,"Johnson&Johnson, Moderna, Oxford/AstraZeneca, Pfizer/BioNTech, Čína",779042,303540,0,0,1082582
2021-03-13,"Johnson&Johnson, Moderna, Oxford/AstraZeneca, Pfizer/BioNTech",796132,304856,0,0,1100988
2021-03-14,"Johnson&Johnson, Moderna, Oxford/AstraZeneca, Pfizer/BioNTech",808241,306012,0,0,1114253
2021-03-15,"Johnson&Johnson, Moderna, Oxford/AstraZeneca, Pfizer/BioNTech",836605,314782,0,0,1151387
2021-03-16,"Johnson&Johnson, Moderna, Oxford/AstraZeneca, Pfizer/BioNTech",875451,325315,0,0,1200766
2021-03-17,"Moderna, Oxford/AstraZeneca, Pfizer/BioNTech",912891,335822,0,0,1248713
2021-03-18,"Johnson&Johnson, Moderna, Oxford/AstraZeneca, Pfizer/BioNTech",950859,348236,0,0,1299095
2021-03-19,"Johnson&Johnson, Moderna, Oxford/AstraZeneca, Pfizer/BioNTech",985338,361839,0,0,1347177
2021-03-20,"Indie/AstraZeneca, Johnson&Johnson, Moderna, Oxford/AstraZeneca, Pfizer/BioNTech",1000507,363866,0,0,1364373
2021-03-21,"Johnson&Johnson, Moderna, Oxford/AstraZeneca, Pfizer/BioNTech, Čína",1007954,365423,0,0,1373377
2021-03-22,"Indie/AstraZeneca, Johnson&Johnson, Moderna, Oxford/AstraZeneca, Pfizer/BioNTech",1032510,377907,0,0,1410417
2021-03-23,"Johnson&Johnson, Moderna, Oxford/AstraZeneca, Pfizer/BioNTech",1059156,391269,0,0,1450425
2021-03-24,"Indie/AstraZeneca, Johnson&Johnson, Moderna, Oxford/AstraZeneca, Pfizer/BioNTech, Čína",1086028,407001,0,0,1493029
2021-03-25,"Indie/AstraZeneca, Johnson&Johnson, Moderna, Oxford/AstraZeneca, Pfizer/BioNTech",1112346,424835,0,0,1537181
2021-03-26,"Indie/AstraZeneca, Johnson&Johnson, Moderna, Oxford/AstraZeneca, Pfizer/BioNTech",1137146,442331,0,0,1579477
2021-03-27,"Johnson&Johnson, Moderna, Oxford/AstraZeneca, Pfizer/BioNTech, Čína",1145605,447174,0,0,1592779
2021-03-28,"Moderna, Oxford/AstraZeneca, Pfizer/BioNTech, Čína",1151152,451321,0,0,1602473
2021-03-29,"Johnson&Johnson, Moderna, Oxford/AstraZeneca, Pfizer/BioNTech",1170285,472042,0,0,1642327
2021-03-30,"Johnson&Johnson, Moderna, Oxford/AstraZeneca, Pfizer/BioNTech",1194978,494211,0,0,1689189
2021-03-31,"Indie/AstraZeneca, Johnson&Johnson, Moderna, Oxford/AstraZeneca, Pfizer/BioNTech, Čína",1218117,521247,0,0,1739364
2021-04-01,"Indie/AstraZeneca, Johnson&Johnson, Moderna, Oxford/AstraZeneca, Pfizer/BioNTech",1243791,553273,0,0,1797064
2021-04-02,"Indie/AstraZeneca, Johnson&Johnson, Moderna, Oxford/AstraZeneca, Pfizer/BioNTech",1250776,566065,0,0,1816841
2021-04-03,"Johnson&Johnson, Moderna, Oxford/AstraZeneca, Pfizer/BioNTech",1254430,576993,0,0,1831423
2021-04-04,"Johnson&Johnson, Moderna, Oxford/AstraZeneca, Pfizer/BioNTech",1256977,585910,0,0,1842887
2021-04-05,"Indie/AstraZeneca, Johnson&Johnson, Moderna, Oxford/AstraZeneca, Pfizer/BioNTech",1259416,593105,0,0,1852521
2021-04-06,"Indie/AstraZeneca, Johnson&Johnson, Moderna, Oxford/AstraZeneca, Pfizer/BioNTech, Čína",1275613,622361,0,0,1897974
2021-04-07,"Johnson&Johnson, Moderna, Oxford/AstraZeneca, Pfizer/BioNTech, Čína",1299090,644581,0,0,1943671
2021-04-08,"Indie/AstraZeneca, Johnson&Johnson, Moderna, Oxford/AstraZeneca, Pfizer/BioNTech",1337858,675606,0,0,2013464
2021-04-09,"Indie/AstraZeneca, Johnson&Johnson, Moderna, Oxford/AstraZeneca, Pfizer/BioNTech, Čína",1377404,705783,0,0,2083187
2021-04-10,"Johnson&Johnson, Moderna, Oxford/AstraZeneca, Pfizer/BioNTech",1392971,721080,0,0,2114051
2021-04-11,"Indie/AstraZeneca, Johnson&Johnson, Moderna, Oxford/AstraZeneca, Pfizer/BioNTech",1402763,731129,0,0,2133892
2021-04-12,"Johnson&Johnson, Moderna, Oxford/AstraZeneca, Pfizer/BioNTech, Čína",1441035,756247,0,0,2197282
2021-04-13,"Indie/AstraZeneca, Moderna, Oxford/AstraZeneca, Pfizer/BioNTech",1477305,782266,0,0,2259571
2021-04-14,"Moderna, Oxford/AstraZeneca, Pfizer/BioNTech",1516148,809618,0,0,2325766
2021-04-15,"Moderna, Oxford/AstraZeneca, Pfizer/BioNTech",1563934,835373,0,0,2399307
2021-04-16,"Moderna, Oxford/AstraZeneca, Pfizer/BioNTech",1608611,861023,0,0,2469634
2021-04-17,"Indie/AstraZeneca, Moderna, Oxford/AstraZeneca, Pfizer/BioNTech",1625330,870042,0,0,2495372
2021-04-18,"Moderna, Oxford/AstraZeneca, Pfizer/BioNTech, Čína",1638331,875025,0,0,2513356
2021-04-19,"Johnson&Johnson, Moderna, Oxford/AstraZeneca, Pfizer/BioNTech",1682273,890439,0,0,2572712
2021-04-20,"Johnson&Johnson, Moderna, Oxford/AstraZeneca, Pfizer/BioNTech, Čína",1724822,906315,0,0,2631137
2021-04-21,"Moderna, Oxford/AstraZeneca, Pfizer/BioNTech",1772534,920670,0,0,2693204
2021-04-22,"Johnson&Johnson, Moderna, Oxford/AstraZeneca, Pfizer/BioNTech",1827010,938054,0,0,2765064
2021-04-23,"Johnson&Johnson, Moderna, Oxford/AstraZeneca, Pfizer/BioNTech, Čína",1876973,950110,0,0,2827083
2021-04-24,"Johnson&Johnson, Moderna, Oxford/AstraZeneca, Pfizer/BioNTech, Čína",1894836,955374,0,0,2850210
2021-04-25,"Johnson&Johnson, Moderna, Oxford/AstraZeneca, Pfizer/BioNTech",1909534,959375,0,0,2868909
2021-04-26,"Johnson&Johnson, Moderna, Oxford/AstraZeneca, Pfizer/BioNTech, Čína",1959087,966937,0,0,2926024
2021-04-27,"Johnson&Johnson, Moderna, Oxford/AstraZeneca, Pfizer/BioNTech, Čína",2008031,979172,0,0,2987203
2021-04-28,"Indie/AstraZeneca, Johnson&Johnson, Moderna, Oxford/AstraZeneca, Pfizer/BioNTech, Čína",2066766,993188,0,0,3059954
2021-04-29,"Indie/AstraZeneca, Johnson&Johnson, Moderna, Oxford/AstraZeneca, Pfizer/BioNTech",2132348,1009092,0,0,3141440
2021-04-30,"Indie/AstraZeneca, Johnson&Johnson, Moderna, Oxford/AstraZeneca, Pfizer/BioNTech, Čína",2194619,1019082,0,0,3213701
2021-05-01,"Indie/AstraZeneca, Johnson&Johnson, Moderna, Oxford/AstraZeneca, Pfizer/BioNTech",2214013,1022549,0,0,3236562
2021-05-02,"Johnson&Johnson, Moderna, Oxford/AstraZeneca, Pfizer/BioNTech",2232956,1024841,0,0,3257797
2021-05-03,"Johnson&Johnson, Moderna, Oxford/AstraZeneca, Pfizer/BioNTech",2300160,1029920,0,0,3330080
2021-05-04,"Johnson&Johnson, Moderna, Oxford/AstraZeneca, Pfizer/BioNTech",2366678,1038286,0,0,3404964
2021-05-05,"Johnson&Johnson, Moderna, Oxford/AstraZeneca, Pfizer/BioNTech",2439848,1047722,0,0,3487570
2021-05-06,"Johnson&Johnson, Moderna, Oxford/AstraZeneca, Pfizer/BioNTech, Čína",2520250,1058465,0,0,3578715
2021-05-07,"Indie/AstraZeneca, Johnson&Johnson, Moderna, Oxford/AstraZeneca, Pfizer/BioNTech",2597547,1068603,0,0,3666150
2021-05-08,"Johnson&Johnson, Moderna, Oxford/AstraZeneca, Pfizer/BioNTech",2627086,1070401,0,0,3697487
2021-05-09,"Johnson&Johnson, Moderna, Oxford/AstraZeneca, Pfizer/BioNTech",2651321,1071625,0,0,3722946
2021-05-10,"Johnson&Johnson, Moderna, Oxford/AstraZeneca, Pfizer/BioNTech",2724089,1078871,0,0,3802960
2021-05-11,"Johnson&Johnson, Moderna, Oxford/AstraZeneca, Pfizer/BioNTech",2800200,1087700,0,0,3887900
2021-05-12,"Johnson&Johnson, Moderna, Oxford/AstraZeneca, Pfizer/BioNTech, Čína",2880109,1096841,0,0,3976950
2021-05-13,"Johnson&Johnson, Moderna, Oxford/AstraZeneca, Pfizer/BioNTech, Čína",2964132,1106023,0,0,4070155
2021-05-14,"Indie/AstraZeneca, Johnson&Johnson, Moderna, Oxford/AstraZeneca, Pfizer/BioNTech, Čína",3043683,1113848,0,0,4157531
2021-05-15,"Indie/AstraZeneca, Johnson&Johnson, Moderna, Oxford/AstraZeneca, Pfizer/BioNTech",3075654,1116135,0,0,4191789
2021-05-16,"Johnson&Johnson, Moderna, Oxford/AstraZeneca, Pfizer/BioNTech",3101466,1117425,0,0,4218891
2021-05-17,"Indie/AstraZeneca, Johnson&Johnson, Moderna, Oxford/AstraZeneca, Pfizer/BioNTech, Čína",3173988,1124178,0,0,4298166
2021-05-18,"Indie/AstraZeneca, Johnson&Johnson, Moderna, Oxford/AstraZeneca, Pfizer/BioNTech, Čína",3245962,1137294,0,0,4383256
2021-05-19,"Indie/AstraZeneca, Johnson&Johnson, Moderna, Oxford/AstraZeneca, Pfizer/BioNTech, Čína",3323441,1152456,0,0,4475897
2021-05-20,"Indie/AstraZeneca, Johnson&Johnson, Moderna, Oxford/AstraZeneca, Pfizer/BioNTech",3398924,1179499,0,0,4578423
2021-05-21,"Johnson&Johnson, Moderna, Oxford/AstraZeneca, Pfizer/BioNTech",3467775,1207290,0,0,4675065
2021-05-22,"Johnson&Johnson, Moderna, Oxford/AstraZeneca, Pfizer/BioNTech",3500249,1218535,0,0,4718784
2021-05-23,"Johnson&Johnson, Moderna, Oxford/AstraZeneca, Pfizer/BioNTech, Čína",3522698,1227569,0,0,4750267
2021-05-24,"Johnson&Johnson, Moderna, Oxford/AstraZeneca, Pfizer/BioNTech, Čína",3569920,1261204,0,0,4831124
2021-05-25,"Indie/AstraZeneca, Johnson&Johnson, Moderna, Oxford/AstraZeneca, Pfizer/BioNTech",3621836,1297021,0,0,4918857
2021-05-26,"Johnson&Johnson, Moderna, Oxford/AstraZeneca, Pfizer/BioNTech, Čína",3689594,1334549,1,0,5024143
2021-05-27,"Indie/AstraZeneca, Johnson&Johnson, Moderna, Oxford/AstraZeneca, Pfizer/BioNTech",3751032,1381879,1,0,5132911
2021-05-28,"Indie/AstraZeneca, Johnson&Johnson, Moderna, Oxford/AstraZeneca, Pfizer/BioNTech",3812781,1428451,1,0,5241232
2021-05-29,"Indie/AstraZeneca, Johnson&Johnson, Moderna, Oxford/AstraZeneca, Pfizer/BioNTech",3842062,1445597,1,0,5287659
2021-05-30,"Johnson&Johnson, Moderna, Oxford/AstraZeneca, Pfizer/BioNTech, Čína",3864480,1460063,1,0,5324543
2021-05-31,"Indie/AstraZeneca, Johnson&Johnson, Moderna, Oxford/AstraZeneca, Pfizer/BioNTech",3920225,1507559,1,0,5427784
2021-06-01,"Indie/AstraZeneca, Johnson&Johnson, Moderna, Oxford/AstraZeneca, Pfizer/BioNTech, Čína",3979349,1556407,1,0,5535756
2021-06-02,"Indie/AstraZeneca, Johnson&Johnson, Moderna, Oxford/AstraZeneca, Pfizer/BioNTech, Čína",4042323,1610383,1,0,5652706
2021-06-03,"Indie/AstraZeneca, Johnson&Johnson, Moderna, Oxford/AstraZeneca, Pfizer/BioNTech, Čína",4100585,1670546,1,0,5771131
2021-06-04,"Indie/AstraZeneca, Johnson&Johnson, Moderna, Oxford/AstraZeneca, Pfizer/BioNTech",4163729,1727909,1,0,5891638
2021-06-05,"Indie/AstraZeneca, Johnson&Johnson, Moderna, Oxford/AstraZeneca, Pfizer/BioNTech, Čína",4197938,1746828,1,0,5944766
2021-06-06,"Johnson&Johnson, Moderna, Oxford/AstraZeneca, Pfizer/BioNTech, Čína",4224911,1761995,1,0,5986906
2021-06-07,"Johnson&Johnson, Moderna, Oxford/AstraZeneca, Pfizer/BioNTech, Čína",4288600,1817598,1,0,6106198
2021-06-08,"Indie/AstraZeneca, Johnson&Johnson, Moderna, Oxford/AstraZeneca, Pfizer/BioNTech, Čína",4352616,1872573,1,0,6225189
2021-06-09,"Indie/AstraZeneca, Johnson&Johnson, Moderna, Oxford/AstraZeneca, Pfizer/BioNTech, Čína",4411838,1937212,1,0,6349050
2021-06-10,"Indie/AstraZeneca, Johnson&Johnson, Moderna, Oxford/AstraZeneca, Pfizer/BioNTech, Čína",4465708,2008483,1,0,6474191
2021-06-11,"Indie/Bahrat Biotech, Johnson&Johnson, Moderna, Oxford/AstraZeneca, Pfizer/BioNTech, Čína",4517850,2078317,1,0,6596167
2021-06-12,"Indie/AstraZeneca, Johnson&Johnson, Moderna, Oxford/AstraZeneca, Pfizer/BioNTech, Čína",4549899,2099170,1,1,6649069
2021-06-13,"Johnson&Johnson, Moderna, Oxford/AstraZeneca, Pfizer/BioNTech, Čína",4573940,2117612,1,1,6691552
2021-06-14,"Johnson&Johnson, Moderna, Oxford/AstraZeneca, Pfizer/BioNTech, Čína",4617050,2191954,1,1,6809004
2021-06-15,"Indie/AstraZeneca, Johnson&Johnson, Moderna, Oxford/AstraZeneca, Pfizer/BioNTech, Čína",4661743,2264325,1,1,6926068
2021-06-16,"Indie/AstraZeneca, Johnson&Johnson, Moderna, Oxford/AstraZeneca, Pfizer/BioNTech, Čína",4704582,2342519,1,1,7047101
2021-06-17,"Indie/AstraZeneca, Johnson&Johnson, Moderna, Oxford/AstraZeneca, Pfizer/BioNTech, Čína",4744036,2425598,1,1,7169634
2021-06-18,"Johnson&Johnson, Moderna, Oxford/AstraZeneca, Pfizer/BioNTech, Čína",4786499,2506163,1,1,7292662
2021-06-19,"Indie/AstraZeneca, Johnson&Johnson, Moderna, Oxford/AstraZeneca, Pfizer/BioNTech, Čína",4808310,2535521,1,1,7343831
2021-06-20,"Johnson&Johnson, Moderna, Oxford/AstraZeneca, Pfizer/BioNTech, Čína",4825726,2559399,1,1,7385125
2021-06-21,"Johnson&Johnson, Moderna, Oxford/AstraZeneca, Pfizer/BioNTech, Čína",4858260,2637996,1,1,7496256
2021-06-22,"Indie/AstraZeneca, Johnson&Johnson, Moderna, Oxford/AstraZeneca, Pfizer/BioNTech, Čína",4891247,2720302,1,1,7611549
2021-06-23,"Indie/AstraZeneca, Johnson&Johnson, Moderna, Oxford/AstraZeneca, Pfizer/BioNTech, Čína",4922993,2805529,1,1,7728522
2021-06-24,"Indie/AstraZeneca, Johnson&Johnson, Moderna, Oxford/AstraZeneca, Pfizer/BioNTech, Čína",4952883,2895571,1,1,7848454
2021-06-25,"Johnson&Johnson, Moderna, Oxford/AstraZeneca, Pfizer/BioNTech, Čína",4983992,2981826,1,1,7965818
2021-06-26,"Johnson&Johnson, Moderna, Oxford/AstraZeneca, Pfizer/BioNTech, Čína",4999910,3016725,1,1,8016635
2021-06-27,"Johnson&Johnson, Moderna, Oxford/AstraZeneca, Pfizer/BioNTech, Čína",5013881,3043446,1,1,8057327
2021-06-28,"Indie/AstraZeneca, Johnson&Johnson, Moderna, Oxford/AstraZeneca, Pfizer/BioNTech, Čína",5042325,3128666,1,1,8170991
2021-06-29,"Johnson&Johnson, Moderna, Oxford/AstraZeneca, Pfizer/BioNTech, Čína",5071632,3215210,1,1,8286842
2021-06-30,"Johnson&Johnson, Moderna, Oxford/AstraZeneca, Pfizer/BioNTech",5099158,3306249,2,1,8405407
2021-07-01,"Johnson&Johnson, Moderna, Oxford/AstraZeneca, Pfizer/BioNTech, Čína",5123193,3396343,2,1,8519536
2021-07-02,"Indie/AstraZeneca, Johnson&Johnson, Moderna, Oxford/AstraZeneca, Pfizer/BioNTech, Čína",5149975,3482292,2,1,8632267
2021-07-03,"Indie/AstraZeneca, Johnson&Johnson, Moderna, Oxford/AstraZeneca, Pfizer/BioNTech, Čína",5157107,3513875,2,1,8670982
2021-07-04,"Johnson&Johnson, Moderna, Oxford/AstraZeneca, Pfizer/BioNTech",5164710,3535706,2,1,8700416
2021-07-05,"Indie/AstraZeneca, Johnson&Johnson, Moderna, Oxford/AstraZeneca, Pfizer/BioNTech, Čína",5172158,3561156,2,1,8733314
2021-07-06,"Indie/AstraZeneca, Johnson&Johnson, Moderna, Oxford/AstraZeneca, Pfizer/BioNTech, Čína",5177670,3588923,2,1,8766593
2021-07-07,"Indie/AstraZeneca, Johnson&Johnson, Moderna, Oxford/AstraZeneca, Pfizer/BioNTech, Čína",5203528,3667932,2,1,8871460
2021-07-08,"Johnson&Johnson, Moderna, Oxford/AstraZeneca, Pfizer/BioNTech, Čína",5230165,3738278,2,2,8968443
2021-07-09,"Indie/AstraZeneca, Indie/Bahrat Biotech, Johnson&Johnson, Moderna, Oxford/AstraZeneca, Pfizer/BioNTech, Čína",5258137,3807627,2,2,9065764
2021-07-10,"Indie/AstraZeneca, Johnson&Johnson, Moderna, Oxford/AstraZeneca, Pfizer/BioNTech, Čína",5267545,3836320,3,2,9103865
2021-07-11,"Johnson&Johnson, Moderna, Oxford/AstraZeneca, Pfizer/BioNTech, Čína",5276114,3859220,3,2,9135334
2021-07-12,"Indie/AstraZeneca, Johnson&Johnson, Moderna, Oxford/AstraZeneca, Pfizer/BioNTech, Čína",5303691,3928297,3,2,9231988
2021-07-13,"Johnson&Johnson, Moderna, Oxford/AstraZeneca, Pfizer/BioNTech, Čína",5329927,3998194,3,2,9328121
2021-07-14,"Indie/AstraZeneca, Johnson&Johnson, Moderna, Oxford/AstraZeneca, Pfizer/BioNTech",5355792,4070202,3,2,9425994
2021-07-15,"Indie/AstraZeneca, Johnson&Johnson, Moderna, Oxford/AstraZeneca, Pfizer/BioNTech, Čína",5385009,4136239,3,2,9521248
2021-07-16,"Indie/AstraZeneca, Johnson&Johnson, Moderna, Oxford/AstraZeneca, Pfizer/BioNTech, Čína",5412991,4208999,3,2,9621990
2021-07-17,"Johnson&Johnson, Moderna, Oxford/AstraZeneca, Pfizer/BioNTech, Čína",5421818,4240500,3,2,9662318
2021-07-18,"Indie/AstraZeneca, Johnson&Johnson, Moderna, Oxford/AstraZeneca, Pfizer/BioNTech, Čína",5430279,4266523,3,2,9696802
2021-07-19,"Johnson&Johnson, Moderna, Oxford/AstraZeneca, Pfizer/BioNTech, Čína",5453669,4333549,3,3,9787218
2021-07-20,"Johnson&Johnson, Moderna, Oxford/AstraZeneca, Pfizer/BioNTech, Čína",5475124,4400628,5,3,9875752
2021-07-21,"Indie/AstraZeneca, Johnson&Johnson, Moderna, Oxford/AstraZeneca, Pfizer/BioNTech, Čína",5498620,4464122,5,3,9962742
2021-07-22,"Indie/AstraZeneca, Johnson&Johnson, Moderna, Oxford/AstraZeneca, Pfizer/BioNTech, Čína",5521020,4522792,5,3,10043812
2021-07-23,"Johnson&Johnson, Moderna, Oxford/AstraZeneca, Pfizer/BioNTech, Čína",5544297,4577602,5,3,10121899
2021-07-24,"Indie/AstraZeneca, Johnson&Johnson, Moderna, Oxford/AstraZeneca, Pfizer/BioNTech, Čína",5551688,4605300,5,3,10156988
2021-07-25,"Johnson&Johnson, Moderna, Oxford/AstraZeneca, Pfizer/BioNTech, Čína",5558357,4627454,5,3,10185811
2021-07-26,"Indie/AstraZeneca, Johnson&Johnson, Moderna, Oxford/AstraZeneca, Pfizer/BioNTech",5581947,4676158,5,3,10258105
2021-07-27,"Johnson&Johnson, Moderna, Oxford/AstraZeneca, Pfizer/BioNTech, Čína",5604741,4722855,5,3,10327596
2021-07-28,"Johnson&Johnson, Moderna, Oxford/AstraZeneca, Pfizer/BioNTech",5626067,4768928,5,7,10394995
2021-07-29,"Johnson&Johnson, Moderna, Oxford/AstraZeneca, Pfizer/BioNTech",5647434,4810955,5,7,10458389
2021-07-30,"Indie/AstraZeneca, Johnson&Johnson, Moderna, Oxford/AstraZeneca, Pfizer/BioNTech, Čína",5670763,4853575,6,7,10524338
2021-07-31,"Indie/AstraZeneca, Johnson&Johnson, Moderna, Oxford/AstraZeneca, Pfizer/BioNTech, Čína",5679748,4873153,6,7,10552901
2021-08-01,"Johnson&Johnson, Moderna, Oxford/AstraZeneca, Pfizer/BioNTech, Čína",5686510,4889342,6,7,10575852
2021-08-02,"Johnson&Johnson, Moderna, Oxford/AstraZeneca, Pfizer/BioNTech",5705193,4926947,6,7,10632140
2021-08-03,"Johnson&Johnson, Moderna, Oxford/AstraZeneca, Pfizer/BioNTech, Čína",5722892,4965119,6,7,10688011
2021-08-04,"Johnson&Johnson, Moderna, Oxford/AstraZeneca, Pfizer/BioNTech, Čína",5739052,5001942,6,7,10740994
2021-08-05,"Indie/AstraZeneca, Johnson&Johnson, Moderna, Oxford/AstraZeneca, Pfizer/BioNTech, Čína",5755134,5042481,6,7,10797615
2021-08-06,"Indie/AstraZeneca, Johnson&Johnson, Moderna, Oxford/AstraZeneca, Pfizer/BioNTech",5771988,5085852,6,7,10857840
2021-08-07,"Johnson&Johnson, Moderna, Oxford/AstraZeneca, Pfizer/BioNTech, Čína",5777628,5104061,6,7,10881689
2021-08-08,"Johnson&Johnson, Moderna, Oxford/AstraZeneca, Pfizer/BioNTech, Čína",5782018,5119851,7,7,10901869
2021-08-09,"Indie/AstraZeneca, Johnson&Johnson, Moderna, Oxford/AstraZeneca, Pfizer/BioNTech, Čína",5794681,5164972,7,8,10959653
2021-08-10,"Indie/AstraZeneca, Johnson&Johnson, Moderna, Oxford/AstraZeneca, Pfizer/BioNTech, Čína",5806577,5204607,7,8,11011184
2021-08-11,"Indie/AstraZeneca, Johnson&Johnson, Moderna, Oxford/AstraZeneca, Pfizer/BioNTech, Čína",5817978,5247793,7,8,11065771
2021-08-12,"Indie/AstraZeneca, Johnson&Johnson, Moderna, Oxford/AstraZeneca, Pfizer/BioNTech",5829425,5284970,7,8,11114395
2021-08-13,"Johnson&Johnson, Moderna, Oxford/AstraZeneca, Pfizer/BioNTech, Čína",5840183,5325370,7,8,11165553
2021-08-14,"Indie/AstraZeneca, Johnson&Johnson, Moderna, Oxford/AstraZeneca, Pfizer/BioNTech",5843545,5336113,7,8,11179658
2021-08-15,"Johnson&Johnson, Moderna, Oxford/AstraZeneca, Pfizer/BioNTech",5846148,5346520,7,8,11192668
2021-08-16,"Indie/AstraZeneca, Johnson&Johnson, Moderna, Oxford/AstraZeneca, Pfizer/BioNTech, Čína",5855962,5380638,7,8,11236600
2021-08-17,"Indie/AstraZeneca, Johnson&Johnson, Moderna, Oxford/AstraZeneca, Pfizer/BioNTech",5865577,5407797,7,8,11273374
2021-08-18,"Indie/AstraZeneca, Johnson&Johnson, Moderna, Oxford/AstraZeneca, Pfizer/BioNTech, Čína",5874982,5446743,7,8,11321725
2021-08-19,"Johnson&Johnson, Moderna, Oxford/AstraZeneca, Pfizer/BioNTech, Čína",5884682,5485135,7,8,11369817
2021-08-20,"Indie/AstraZeneca, Johnson&Johnson, Moderna, Oxford/AstraZeneca, Pfizer/BioNTech, Čína",5896103,5525386,7,8,11421489
2021-08-21,"Indie/AstraZeneca, Johnson&Johnson, Moderna, Oxford/AstraZeneca, Pfizer/BioNTech",5898843,5538196,7,8,11437039
2021-08-22,"Johnson&Johnson, Moderna, Oxford/AstraZeneca, Pfizer/BioNTech, Čína",5901199,5550192,7,8,11451391
2021-08-23,"Indie/AstraZeneca, Johnson&Johnson, Moderna, Oxford/AstraZeneca, Pfizer/BioNTech, Čína",5911752,5589511,9,8,11501263
2021-08-24,"Johnson&Johnson, Moderna, Oxford/AstraZeneca, Pfizer/BioNTech",5921642,5622781,9,8,11544423
2021-08-25,"Indie/AstraZeneca, Johnson&Johnson, Moderna, Oxford/AstraZeneca, Pfizer/BioNTech, Čína",5930535,5651227,10,8,11581762
2021-08-26,"Indie/AstraZeneca, Johnson&Johnson, Moderna, Oxford/AstraZeneca, Pfizer/BioNTech, Čína",5939006,5677430,12,10,11616436
2021-08-27,"Indie/AstraZeneca, Johnson&Johnson, Moderna, Oxford/AstraZeneca, Pfizer/BioNTech",5949352,5703473,13,10,11652825
2021-08-28,"Johnson&Johnson, Moderna, Oxford/AstraZeneca, Pfizer/BioNTech, Čína",5952107,5710581,13,10,11662688
2021-08-29,"Johnson&Johnson, Moderna, Oxford/AstraZeneca, Pfizer/BioNTech, Čína",5954529,5717223,13,10,11671752
2021-08-30,"Johnson&Johnson, Moderna, Oxford/AstraZeneca, Pfizer/BioNTech",5963073,5739148,13,10,11702221
2021-08-31,"Indie/AstraZeneca, Johnson&Johnson, Moderna, Oxford/AstraZeneca, Pfizer/BioNTech, Čína",5970773,5757308,13,10,11728081
2021-09-01,"Johnson&Johnson, Moderna, Oxford/AstraZeneca, Pfizer/BioNTech, Čína",5976725,5771356,14,10,11748081
2021-09-02,"Indie/AstraZeneca, Johnson&Johnson, Moderna, Oxford/AstraZeneca, Pfizer/BioNTech, Čína",5983585,5785784,14,10,11769369
2021-09-03,"Johnson&Johnson, Moderna, Oxford/AstraZeneca, Pfizer/BioNTech, Čína",5993157,5801556,14,10,11794713
2021-09-04,"Indie/AstraZeneca, Johnson&Johnson, Moderna, Oxford/AstraZeneca, Pfizer/BioNTech",5995247,5805146,14,10,11800393
2021-09-05,"Johnson&Johnson, Moderna, Oxford/AstraZeneca, Pfizer/BioNTech, Čína",5997303,5808007,14,10,11805310
2021-09-06,"Indie/AstraZeneca, Johnson&Johnson, Moderna, Oxford/AstraZeneca, Pfizer/BioNTech, Čína",6003560,5820588,14,10,11824148
2021-09-07,"Indie/AstraZeneca, Johnson&Johnson, Moderna, Oxford/AstraZeneca, Pfizer/BioNTech, Čína",6007965,5831715,15,10,11839680
2021-09-08,"Johnson&Johnson, Moderna, Oxford/AstraZeneca, Pfizer/BioNTech, Čína",6013661,5841613,18,10,11855274
2021-09-09,"Indie/AstraZeneca, Johnson&Johnson, Moderna, Oxford/AstraZeneca, Pfizer/BioNTech, Čína",6020367,5851709,19,10,11872076
2021-09-10,"Johnson&Johnson, Moderna, Oxford/AstraZeneca, Pfizer/BioNTech, Čína",6028094,5863937,20,10,11892031
2021-09-11,"Indie/AstraZeneca, Johnson&Johnson, Moderna, Oxford/AstraZeneca, Pfizer/BioNTech, Čína",6029982,5866463,20,11,11896445
2021-09-12,"Indie/AstraZeneca, Johnson&Johnson, Moderna, Oxford/AstraZeneca, Pfizer/BioNTech",6031109,5868112,21,11,11899221
2021-09-13,"Johnson&Johnson, Moderna, Oxford/AstraZeneca, Pfizer/BioNTech, Čína",6036570,5878446,21,11,11915016
2021-09-14,"Indie/AstraZeneca, Johnson&Johnson, Moderna, Oxford/AstraZeneca, Pfizer/BioNTech, Čína",6041989,5887482,21,11,11929471
2021-09-15,"Indie/AstraZeneca, Johnson&Johnson, Moderna, Oxford/AstraZeneca, Pfizer/BioNTech",6047224,5896036,27,11,11943260
2021-09-16,"Johnson&Johnson, Moderna, Oxford/AstraZeneca, Pfizer/BioNTech, Čína",6052606,5904331,27,11,11956937
2021-09-17,"Indie/AstraZeneca, Johnson&Johnson, Moderna, Oxford/AstraZeneca, Pfizer/BioNTech, Čína",6059192,5914588,31,11,11973780
2021-09-18,"Indie/AstraZeneca, Johnson&Johnson, Moderna, Oxford/AstraZeneca, Pfizer/BioNTech, Čína",6060934,5916969,33,11,11977903
2021-09-19,"Johnson&Johnson, Moderna, Oxford/AstraZeneca, Pfizer/BioNTech",6061889,5918546,35,11,11980435
2021-09-20,"Indie/AstraZeneca, Johnson&Johnson, Moderna, Oxford/AstraZeneca, Pfizer/BioNTech",6065928,5926773,470,11,11992701
2021-09-21,"Johnson&Johnson, Moderna, Oxford/AstraZeneca, Pfizer/BioNTech",6070183,5934334,923,11,12004517
2021-09-22,"Johnson&Johnson, Moderna, Oxford/AstraZeneca, Pfizer/BioNTech, Čína",6074389,5939885,1379,11,12014274
2021-09-23,"Johnson&Johnson, Moderna, Oxford/AstraZeneca, Pfizer/BioNTech, Čína",6079361,5946321,2391,12,12025682
2021-09-24,"Indie/AstraZeneca, Johnson&Johnson, Moderna, Oxford/AstraZeneca, Pfizer/BioNTech",6085132,5955958,2886,12,12041090
2021-09-25,"Indie/AstraZeneca, Johnson&Johnson, Moderna, Oxford/AstraZeneca, Pfizer/BioNTech",6086640,5957966,2966,12,12044606
2021-09-26,"Johnson&Johnson, Moderna, Oxford/AstraZeneca, Pfizer/BioNTech, Čína",6087393,5959614,3037,12,12047007
2021-09-27,"Indie/AstraZeneca, Johnson&Johnson, Moderna, Oxford/AstraZeneca, Pfizer/BioNTech, Čína",6091296,5966161,3785,12,12057457
2021-09-28,"Johnson&Johnson, Moderna, Oxford/AstraZeneca, Pfizer/BioNTech, Čína",6091688,5966810,3847,12,12058498
2021-09-29,"Indie/AstraZeneca, Johnson&Johnson, Moderna, Oxford/AstraZeneca, Pfizer/BioNTech, Čína",6095475,5974288,4861,12,12069763
2021-09-30,"Johnson&Johnson, Moderna, Oxford/AstraZeneca, Pfizer/BioNTech",6100010,5982020,6020,12,12082030
2021-10-01,"Indie/AstraZeneca, Johnson&Johnson, Moderna, Oxford/AstraZeneca, Pfizer/BioNTech, Čína",6104341,5990030,7888,12,12094371
2021-10-02,"Johnson&Johnson, Moderna, Oxford/AstraZeneca, Pfizer/BioNTech, Čína",6105416,5991591,7995,12,12097007
2021-10-03,"Johnson&Johnson, Moderna, Oxford/AstraZeneca, Pfizer/BioNTech",6106145,5992470,8081,12,12098615
2021-10-04,"Johnson&Johnson, Moderna, Oxford/AstraZeneca, Pfizer/BioNTech, Čína",6109236,5998065,9809,12,12107301
2021-10-05,"Johnson&Johnson, Moderna, Oxford/AstraZeneca, Pfizer/BioNTech, Čína",6112412,6003174,11938,13,12115586
2021-10-06,"Johnson&Johnson, Moderna, Oxford/AstraZeneca, Pfizer/BioNTech, Čína",6115947,6008367,14558,13,12124314
2021-10-07,"Johnson&Johnson, Moderna, Oxford/AstraZeneca, Pfizer/BioNTech",6119241,6013642,16963,13,12132883
2021-10-08,"Johnson&Johnson, Moderna, Oxford/AstraZeneca, Pfizer/BioNTech, Čína",6124056,6020308,20891,13,12144364
2021-10-09,"Indie/AstraZeneca, Johnson&Johnson, Moderna, Oxford/AstraZeneca, Pfizer/BioNTech",6125305,6021986,21355,13,12147291
2021-10-10,"Johnson&Johnson, Moderna, Oxford/AstraZeneca, Pfizer/BioNTech",6126259,6022830,21596,13,12149089
2021-10-11,"Indie/AstraZeneca, Johnson&Johnson, Moderna, Oxford/AstraZeneca, Pfizer/BioNTech, Čína",6129196,6027272,24251,13,12156468
2021-10-12,"Johnson&Johnson, Moderna, Oxford/AstraZeneca, Pfizer/BioNTech, Čína",6132154,6031284,27697,13,12163438
2021-10-13,"Johnson&Johnson, Moderna, Oxford/AstraZeneca, Pfizer/BioNTech, Čína",6135702,6035498,32071,13,12171200
2021-10-14,"Johnson&Johnson, Moderna, Oxford/AstraZeneca, Pfizer/BioNTech",6139382,6040455,36836,13,12179837
2021-10-15,"Johnson&Johnson, Moderna, Oxford/AstraZeneca, Pfizer/BioNTech, Čína",6144636,6046625,41931,13,12191261
2021-10-16,"Johnson&Johnson, Moderna, Oxford/AstraZeneca, Pfizer/BioNTech",6146061,6048166,43016,13,12194227
2021-10-17,"Johnson&Johnson, Moderna, Oxford/AstraZeneca, Pfizer/BioNTech, Čína",6147399,6049230,43579,13,12196629
2021-10-18,"Johnson&Johnson, Moderna, Oxford/AstraZeneca, Pfizer/BioNTech, Čína",6151535,6053354,50749,13,12204889
2021-10-19,"Johnson&Johnson, Moderna, Oxford/AstraZeneca, Pfizer/BioNTech",6155137,6055476,61684,13,12210613
2021-10-20,"Indie/AstraZeneca, Johnson&Johnson, Moderna, Oxford/AstraZeneca, Pfizer/BioNTech, Čína",6160050,6059953,76676,13,12220003
2021-10-21,"Johnson&Johnson, Moderna, Oxford/AstraZeneca, Pfizer/BioNTech, Čína",6167832,6065569,94260,13,12233401
2021-10-22,"Indie/AstraZeneca, Johnson&Johnson, Moderna, Oxford/AstraZeneca, Pfizer/BioNTech",6178313,6072077,113092,13,12250390
2021-10-23,"Indie/AstraZeneca, Johnson&Johnson, Moderna, Oxford/AstraZeneca, Pfizer/BioNTech, Čína",6182003,6074297,116757,13,12256300
2021-10-24,"Indie/AstraZeneca, Johnson&Johnson, Moderna, Oxford/AstraZeneca, Pfizer/BioNTech",6184698,6076087,119254,13,12260785
2021-10-25,"Indie/AstraZeneca, Johnson&Johnson, Moderna, Oxford/AstraZeneca, Pfizer/BioNTech, Čína",6195223,6081924,139087,13,12277147
2021-10-26,"Johnson&Johnson, Moderna, Oxford/AstraZeneca, Pfizer/BioNTech, Čína",6207241,6088487,161589,13,12295728
2021-10-27,"Johnson&Johnson, Moderna, Oxford/AstraZeneca, Pfizer/BioNTech, Čína",6221862,6095908,187982,14,12317770
2021-10-28,"Johnson&Johnson, Moderna, Oxford/AstraZeneca, Pfizer/BioNTech",6225312,6097613,192234,14,12322925
2021-10-29,"Johnson&Johnson, Moderna, Oxford/AstraZeneca, Pfizer/BioNTech, Čína",6239761,6105615,211300,14,12345376
2021-10-30,"Johnson&Johnson, Moderna, Oxford/AstraZeneca, Pfizer/BioNTech",6244305,6108545,215148,14,12352850
2021-10-31,"Johnson&Johnson, Moderna, Oxford/AstraZeneca, Pfizer/BioNTech",6248077,6111028,218848,14,12359105
2021-11-01,"Johnson&Johnson, Moderna, Oxford/AstraZeneca, Pfizer/BioNTech",6263288,6118719,240750,14,12382007
2021-11-02,"Johnson&Johnson, Moderna, Oxford/AstraZeneca, Pfizer/BioNTech, Čína",6278739,6126287,266232,14,12405026
2021-11-03,"Indie/AstraZeneca, Johnson&Johnson, Moderna, Oxford/AstraZeneca, Pfizer/BioNTech, Čína",6295939,6133593,296489,14,12429532
2021-11-04,"Johnson&Johnson, Moderna, Oxford/AstraZeneca, Pfizer/BioNTech, Čína",6314290,6141777,327625,14,12456067
2021-11-05,"Johnson&Johnson, Moderna, Oxford/AstraZeneca, Pfizer/BioNTech",6337098,6153077,358569,14,12490175
2021-11-06,"Indie/AstraZeneca, Johnson&Johnson, Moderna, Oxford/AstraZeneca, Pfizer/BioNTech, Čína",6343619,6156146,365386,14,12499765
2021-11-07,"Johnson&Johnson, Moderna, Oxford/AstraZeneca, Pfizer/BioNTech",6347656,6158591,370045,15,12506247
2021-11-08,"Johnson&Johnson, Moderna, Oxford/AstraZeneca, Pfizer/BioNTech, Čína",6363933,6166235,395287,15,12530168
2021-11-09,"Johnson&Johnson, Moderna, Oxford/AstraZeneca, Pfizer/BioNTech",6378759,6173557,423469,15,12552316
2021-11-10,"Johnson&Johnson, Moderna, Oxford/AstraZeneca, Pfizer/BioNTech, Čína",6394513,6180956,452200,15,12575469
2021-11-11,"Johnson&Johnson, Moderna, Oxford/AstraZeneca, Pfizer/BioNTech, Čína",6410001,6190080,479864,16,12600081
2021-11-12,"Johnson&Johnson, Moderna, Oxford/AstraZeneca, Pfizer/BioNTech",6429816,6202893,507386,16,12632709
2021-11-13,"Johnson&Johnson, Moderna, Oxford/AstraZeneca, Pfizer/BioNTech",6435215,6206784,513133,16,12641999
2021-11-14,"Johnson&Johnson, Moderna, Oxford/AstraZeneca, Pfizer/BioNTech, Čína",6439125,6209803,516783,16,12648928
2021-11-15,"Johnson&Johnson, Moderna, Oxford/AstraZeneca, Pfizer/BioNTech, Čína",6454223,6220530,539344,16,12674753
2021-11-16,"Johnson&Johnson, Moderna, Oxford/AstraZeneca, Pfizer/BioNTech, Čína",6471754,6232529,566407,16,12704283
2021-11-17,"Johnson&Johnson, Moderna, Oxford/AstraZeneca, Pfizer/BioNTech, Čína",6476015,6236114,570929,16,12712129
2021-11-18,"Johnson&Johnson, Moderna, Oxford/AstraZeneca, Pfizer/BioNTech, Čína",6495432,6247822,596645,16,12743254
2021-11-19,"Johnson&Johnson, Moderna, Oxford/AstraZeneca, Pfizer/BioNTech",6520055,6264815,622097,16,12784870
2021-11-20,"Indie/AstraZeneca, Johnson&Johnson, Moderna, Oxford/AstraZeneca, Pfizer/BioNTech",6528636,6269812,627684,16,12798448
2021-11-21,"Johnson&Johnson, Moderna, Oxford/AstraZeneca, Pfizer/BioNTech",6535403,6273602,630684,16,12809005
2021-11-22,"Johnson&Johnson, Moderna, Oxford/AstraZeneca, Pfizer/BioNTech, Čína",6553919,6287744,653282,16,12841663
2021-11-23,"Johnson&Johnson, Moderna, Oxford/AstraZeneca, Pfizer/BioNTech, Čína",6572992,6301024,681947,16,12874016
2021-11-24,"Johnson&Johnson, Moderna, Oxford/AstraZeneca, Pfizer/BioNTech, Čína",6592009,6316896,711040,16,12908905
2021-11-25,"Johnson&Johnson, Moderna, Oxford/AstraZeneca, Pfizer/BioNTech",6611162,6331944,744505,16,12943106
2021-11-26,"Johnson&Johnson, Moderna, Oxford/AstraZeneca, Pfizer/BioNTech, Pfizer/BioNTech Kids",6632828,6351097,779313,17,12983925
2021-11-27,"Johnson&Johnson, Moderna, Oxford/AstraZeneca, Pfizer/BioNTech, Pfizer/BioNTech Kids",6640311,6356668,787275,17,12996979
2021-11-28,"Johnson&Johnson, Moderna, Oxford/AstraZeneca, Pfizer/BioNTech",6643647,6359816,794277,17,13003463
2021-11-29,"Johnson&Johnson, Moderna, Oxford/AstraZeneca, Pfizer/BioNTech, Pfizer/BioNTech Kids, Čína",6658859,6373484,833323,18,13032343
2021-11-30,"Johnson&Johnson, Moderna, Oxford/AstraZeneca, Pfizer/BioNTech, Pfizer/BioNTech Kids",6672074,6384731,884587,19,13056805
2021-12-01,"Johnson&Johnson, Moderna, Oxford/AstraZeneca, Pfizer/BioNTech, Pfizer/BioNTech Kids, Čína",6686134,6397205,948760,20,13083339
2021-12-02,"Johnson&Johnson, Moderna, Oxford/AstraZeneca, Pfizer/BioNTech, Pfizer/BioNTech Kids, Čína",6696792,6409717,1021886,21,13106509
2021-12-03,"Indie/AstraZeneca, Johnson&Johnson, Moderna, Oxford/AstraZeneca, Pfizer/BioNTech",6706442,6425317,1097748,23,13131759
2021-12-04,"Indie/AstraZeneca, Johnson&Johnson, Moderna, Pfizer/BioNTech, Pfizer/BioNTech Kids",6709007,6429285,1124251,23,13138292
2021-12-05,"Johnson&Johnson, Moderna, Oxford/AstraZeneca, Pfizer/BioNTech, Pfizer/BioNTech Kids",6710369,6431632,1143309,23,13142001
2021-12-06,"Johnson&Johnson, Moderna, Oxford/AstraZeneca, Pfizer/BioNTech, Pfizer/BioNTech Kids, Čína",6718527,6443179,1210146,23,13161706
2021-12-07,"Johnson&Johnson, Moderna, Oxford/AstraZeneca, Pfizer/BioNTech, Pfizer/BioNTech Kids",6726420,6455197,1288184,23,13181617
2021-12-08,"Johnson&Johnson, Moderna, Oxford/AstraZeneca, Pfizer/BioNTech, Pfizer/BioNTech Kids, Čína",6734672,6461139,1370067,24,13195811
2021-12-09,"Johnson&Johnson, Moderna, Oxford/AstraZeneca, Pfizer/BioNTech, Pfizer/BioNTech Kids",6741798,6473976,1451051,24,13215774
2021-12-10,"Johnson&Johnson, Moderna, Oxford/AstraZeneca, Pfizer/BioNTech, Pfizer/BioNTech Kids",6748731,6491803,1527539,25,13240534
2021-12-11,"Johnson&Johnson, Moderna, Oxford/AstraZeneca, Pfizer/BioNTech, Pfizer/BioNTech Kids",6750388,6497075,1553584,25,13247463
2021-12-12,"Johnson&Johnson, Moderna, Oxford/AstraZeneca, Pfizer/BioNTech, Pfizer/BioNTech Kids",6751701,6501521,1569629,25,13253222
2021-12-13,"Johnson&Johnson, Moderna, Oxford/AstraZeneca, Pfizer/BioNTech, Pfizer/BioNTech Kids",6758061,6514848,1630283,26,13272909
2021-12-14,"Johnson&Johnson, Moderna, Oxford/AstraZeneca, Pfizer/BioNTech, Pfizer/BioNTech Kids",6764274,6528528,1703683,28,13292802
2021-12-15,"Johnson&Johnson, Moderna, Oxford/AstraZeneca, Pfizer/BioNTech, Pfizer/BioNTech Kids, Čína",6770485,6542139,1777429,29,13312624
2021-12-16,"Indie/Bahrat Biotech, Johnson&Johnson, Moderna, Oxford/AstraZeneca, Pfizer/BioNTech, Pfizer/BioNTech Kids, Čína",6777428,6556988,1852269,29,13334416
2021-12-17,"Johnson&Johnson, Moderna, Oxford/AstraZeneca, Pfizer/BioNTech, Pfizer/BioNTech Kids",6785795,6574275,1926389,29,13360070
2021-12-18,"Johnson&Johnson, Moderna, Oxford/AstraZeneca, Pfizer/BioNTech, Pfizer/BioNTech Kids",6788409,6579738,1952042,29,13368147
2021-12-19,"Johnson&Johnson, Moderna, Pfizer/BioNTech, Pfizer/BioNTech Kids",6790185,6582248,1970192,29,13372433
2021-12-20,"Johnson&Johnson, Moderna, Oxford/AstraZeneca, Pfizer/BioNTech, Pfizer/BioNTech Kids, Čína",6796045,6596318,2035471,29,13392363
2021-12-21,"Johnson&Johnson, Moderna, Oxford/AstraZeneca, Pfizer/BioNTech, Pfizer/BioNTech Kids, Čína",6802708,6608342,2104877,31,13411050
2021-12-22,"Indie/AstraZeneca, Johnson&Johnson, Moderna, Oxford/AstraZeneca, Pfizer/BioNTech, Pfizer/BioNTech Kids",6807760,6621412,2162749,31,13429172
2021-12-23,"Johnson&Johnson, Moderna, Oxford/AstraZeneca, Pfizer/BioNTech, Pfizer/BioNTech Kids",6810637,6627031,2190311,31,13437668
2021-12-24,"Johnson&Johnson, Moderna, Oxford/AstraZeneca, Pfizer/BioNTech",6810684,6627142,2190741,31,13437826
2021-12-25,"Moderna, Pfizer/BioNTech, Pfizer/BioNTech Kids",6810687,6627160,2190765,31,13437847
2021-12-26,"Moderna, Pfizer/BioNTech, Pfizer/BioNTech Kids",6810790,6627364,2191760,31,13438154
2021-12-27,"Johnson&Johnson, Moderna, Pfizer/BioNTech, Pfizer/BioNTech Kids",6814657,6637116,2241342,31,13451773
2021-12-28,"Johnson&Johnson, Moderna, Oxford/AstraZeneca, Pfizer/BioNTech, Pfizer/BioNTech Kids",6819901,6645122,2299852,31,13465023
2021-12-29,"Johnson&Johnson, Moderna, Oxford/AstraZeneca, Pfizer/BioNTech, Pfizer/BioNTech Kids",6824186,6652855,2356543,31,13477041
2021-12-30,"Johnson&Johnson, Moderna, Pfizer/BioNTech, Pfizer/BioNTech Kids",6828490,6658296,2400245,31,13486786
2021-12-31,"Johnson&Johnson, Moderna, Pfizer/BioNTech, Pfizer/BioNTech Kids",6829001,6659728,2409297,31,13488729
2022-01-01,"Moderna, Pfizer/BioNTech, Pfizer/BioNTech Kids",6829009,6659746,2409333,31,13488755
2022-01-02,"Johnson&Johnson, Moderna, Oxford/AstraZeneca, Pfizer/BioNTech, Pfizer/BioNTech Kids",6829865,6661127,2422404,31,13490992
2022-01-03,"Johnson&Johnson, Moderna, Oxford/AstraZeneca, Pfizer/BioNTech, Pfizer/BioNTech Kids",6834004,6670040,2481632,31,13504044
2022-01-04,"Johnson&Johnson, Moderna, Oxford/AstraZeneca, Pfizer/BioNTech, Pfizer/BioNTech Kids",6839091,6677804,2558264,31,13516895
2022-01-05,"Johnson&Johnson, Moderna, Oxford/AstraZeneca, Pfizer/BioNTech, Pfizer/BioNTech Kids, Čína",6844917,6685787,2639086,31,13530704
2022-01-06,"Johnson&Johnson, Moderna, Oxford/AstraZeneca, Pfizer/BioNTech, Pfizer/BioNTech Kids",6851508,6694191,2726145,32,13545699
2022-01-07,"Johnson&Johnson, Moderna, Oxford/AstraZeneca, Pfizer/BioNTech, Pfizer/BioNTech Kids",6859398,6704548,2820071,32,13563946
2022-01-08,"Johnson&Johnson, Moderna, Oxford/AstraZeneca, Pfizer/BioNTech, Pfizer/BioNTech Kids",6861876,6707327,2849342,32,13569203
2022-01-09,"Indie/AstraZeneca, Johnson&Johnson, Moderna, Pfizer/BioNTech, Pfizer/BioNTech Kids",6862959,6709028,2866621,32,13571987
2022-01-10,"Johnson&Johnson, Moderna, Oxford/AstraZeneca, Pfizer/BioNTech, Pfizer/BioNTech Kids",6867472,6715225,2935582,33,13582697
2022-01-11,"Johnson&Johnson, Moderna, Oxford/AstraZeneca, Pfizer/BioNTech, Pfizer/BioNTech Kids",6872928,6721986,3011549,35,13594914
2022-01-12,"Johnson&Johnson, Moderna, Oxford/AstraZeneca, Pfizer/BioNTech, Pfizer/BioNTech Kids",6878889,6727632,3087283,35,13606521
2022-01-13,"Johnson&Johnson, Moderna, Oxford/AstraZeneca, Pfizer/BioNTech, Pfizer/BioNTech Kids",6884777,6732412,3162206,36,13617189
2022-01-14,"Johnson&Johnson, Moderna, Oxford/AstraZeneca, Pfizer/BioNTech, Pfizer/BioNTech Kids",6891081,6736045,3245249,37,13627126
2022-01-15,"Johnson&Johnson, Moderna, Oxford/AstraZeneca, Pfizer/BioNTech, Pfizer/BioNTech Kids",6892360,6736705,3267930,37,13629065
2022-01-16,"Johnson&Johnson, Moderna, Oxford/AstraZeneca, Pfizer/BioNTech, Pfizer/BioNTech Kids",6893050,6737144,3279728,37,13630194
2022-01-17,"Johnson&Johnson, Moderna, Oxford/AstraZeneca, Pfizer/BioNTech, Pfizer/BioNTech Kids",6896610,6741107,3326316,38,13637717
2022-01-18,"Johnson&Johnson, Moderna, Oxford/AstraZeneca, Pfizer/BioNTech, Pfizer/BioNTech Kids",6900466,6746066,3375379,40,13646532
2022-01-19,"Johnson&Johnson, Moderna, Oxford/AstraZeneca, Pfizer/BioNTech, Pfizer/BioNTech Kids, Čína",6904539,6750002,3420056,41,13654541
2022-01-20,"Johnson&Johnson, Moderna, Oxford/AstraZeneca, Pfizer/BioNTech, Pfizer/BioNTech Kids",6908141,6754465,3466948,42,13662606
2022-01-21,"Johnson&Johnson, Moderna, Oxford/AstraZeneca, Pfizer/BioNTech, Pfizer/BioNTech Kids, Čína",6912145,6756998,3522439,42,13669143
2022-01-22,"Johnson&Johnson, Moderna, Pfizer/BioNTech, Pfizer/BioNTech Kids, Čína",6912926,6757442,3532234,42,13670368
2022-01-23,"Johnson&Johnson, Moderna, Pfizer/BioNTech, Pfizer/BioNTech Kids",6913488,6758077,3537606,42,13671565
2022-01-24,"Johnson&Johnson, Moderna, Oxford/AstraZeneca, Pfizer/BioNTech, Pfizer/BioNTech Kids",6915768,6761516,3570070,42,13677284
2022-01-25,"Johnson&Johnson, Moderna, Oxford/AstraZeneca, Pfizer/BioNTech, Pfizer/BioNTech Kids",6918129,6765514,3601178,42,13683643
2022-01-26,"Johnson&Johnson, Moderna, Oxford/AstraZeneca, Pfizer/BioNTech, Pfizer/BioNTech Kids",6920515,6770085,3633893,42,13690600
2022-01-27,"Johnson&Johnson, Moderna, Oxford/AstraZeneca, Pfizer/BioNTech, Pfizer/BioNTech Kids",6922843,6774902,3666693,43,13697745
2022-01-28,"Johnson&Johnson, Moderna, Oxford/AstraZeneca, Pfizer/BioNTech, Pfizer/BioNTech Kids",6925762,6781070,3714264,43,13706832
2022-01-29,"Johnson&Johnson, Moderna, Oxford/AstraZeneca, Pfizer/BioNTech, Pfizer/BioNTech Kids",6926366,6782722,3724111,43,13709088
2022-01-30,"Johnson&Johnson, Moderna, Pfizer/BioNTech, Pfizer/BioNTech Kids",6926595,6783506,3727958,43,13710101
2022-01-31,"Johnson&Johnson, Moderna, Pfizer/BioNTech, Pfizer/BioNTech Kids",6928139,6787443,3752797,45,13715582
2022-02-01,"Johnson&Johnson, Moderna, Pfizer/BioNTech, Pfizer/BioNTech Kids",6929736,6791480,3773339,45,13721216
2022-02-02,"Johnson&Johnson, Moderna, Oxford/AstraZeneca, Pfizer/BioNTech, Pfizer/BioNTech Kids",6931304,6796000,3793576,46,13727304
2022-02-03,"Johnson&Johnson, Moderna, Pfizer/BioNTech, Pfizer/BioNTech Kids",6932682,6800486,3814238,46,13733168
2022-02-04,"Johnson&Johnson, Moderna, Oxford/AstraZeneca, Pfizer/BioNTech, Pfizer/BioNTech Kids",6934288,6805603,3843995,46,13739891
2022-02-05,"Johnson&Johnson, Moderna, Pfizer/BioNTech, Pfizer/BioNTech Kids",6934462,6806215,3848902,46,13740677
2022-02-06,"Johnson&Johnson, Moderna, Pfizer/BioNTech, Pfizer/BioNTech Kids",6934558,6806535,3850788,46,13741093
2022-02-07,"Indie/AstraZeneca, Johnson&Johnson, Moderna, Pfizer/BioNTech, Pfizer/BioNTech Kids",6935265,6809749,3863377,46,13745014
2022-02-08,"Johnson&Johnson, Moderna, Pfizer/BioNTech, Pfizer/BioNTech Kids",6936062,6812946,3875489,46,13749008
2022-02-09,"Johnson&Johnson, Moderna, Oxford/AstraZeneca, Pfizer/BioNTech, Pfizer/BioNTech Kids",6936884,6816324,3887465,46,13753208
2022-02-10,"Johnson&Johnson, Moderna, Pfizer/BioNTech, Pfizer/BioNTech Kids",6937697,6819460,3899615,46,13757157
2022-02-11,"Johnson&Johnson, Moderna, Pfizer/BioNTech, Pfizer/BioNTech Kids",6938652,6823383,3918549,46,13762035
2022-02-12,"Johnson&Johnson, Moderna, Pfizer/BioNTech, Pfizer/BioNTech Kids",6938766,6823807,3920913,46,13762573
2022-02-13,"Johnson&Johnson, Moderna, Pfizer/BioNTech, Pfizer/BioNTech Kids",6938804,6824245,3922345,46,13763049
2022-02-14,"Johnson&Johnson, Moderna, Pfizer/BioNTech, Pfizer/BioNTech Kids",6939266,6826361,3930436,46,13765627
2022-02-15,"Johnson&Johnson, Moderna, Oxford/AstraZeneca, Pfizer/BioNTech, Pfizer/BioNTech Kids",6939820,6828573,3937815,46,13768393
2022-02-16,"Johnson&Johnson, Moderna, Pfizer/BioNTech, Pfizer/BioNTech Kids",6940417,6830675,3945810,46,13771092
2022-02-17,"Johnson&Johnson, Moderna, Pfizer/BioNTech, Pfizer/BioNTech Kids",6941016,6833020,3954176,47,13774036
2022-02-18,"Johnson&Johnson, Moderna, Oxford/AstraZeneca, Pfizer/BioNTech, Pfizer/BioNTech Kids",6941661,6836077,3967988,47,13777738
2022-02-19,"Johnson&Johnson, Moderna, Pfizer/BioNTech, Pfizer/BioNTech Kids",6941742,6836361,3969943,47,13778103
2022-02-20,"Johnson&Johnson, Moderna, Oxford/AstraZeneca, Pfizer/BioNTech, Pfizer/BioNTech Kids",6941783,6836511,3970683,48,13778294
2022-02-21,"Johnson&Johnson, Moderna, Oxford/AstraZeneca, Pfizer/BioNTech, Pfizer/BioNTech Kids",6942150,6838215,3976585,48,13780365
2022-02-22,"Johnson&Johnson, Moderna, Oxford/AstraZeneca, Pfizer/BioNTech, Pfizer/BioNTech Kids, Čína",6942544,6839917,3982186,48,13782461
2022-02-23,"Johnson&Johnson, Moderna, Pfizer/BioNTech, Pfizer/BioNTech Kids",6943003,6841560,3987964,48,13784563
2022-02-24,"Johnson&Johnson, Moderna, Pfizer/BioNTech, Pfizer/BioNTech Kids",6943412,6843192,3994062,48,13786604
2022-02-25,"Johnson&Johnson, Moderna, Pfizer/BioNTech, Pfizer/BioNTech Kids",6943994,6845281,4005184,48,13789275
2022-02-26,"Johnson&Johnson, Moderna, Pfizer/BioNTech, Pfizer/BioNTech Kids",6944054,6845442,4006822,48,13789496
2022-02-27,"Johnson&Johnson, Moderna, Pfizer/BioNTech, Pfizer/BioNTech Kids",6944085,6845519,4007442,48,13789604
2022-02-28,"Johnson&Johnson, Moderna, Pfizer/BioNTech, Pfizer/BioNTech Kids",6944332,6846498,4012172,48,13790830
2022-03-01,"Johnson&Johnson, Moderna, Pfizer/BioNTech, Pfizer/BioNTech Kids",6944641,6847284,4015150,48,13791925
2022-03-02,"Johnson&Johnson, Moderna, Novavax, Pfizer/BioNTech, Pfizer/BioNTech Kids",6945014,6848193,4018946,48,13793207
2022-03-03,"Johnson&Johnson, Moderna, Novavax, Pfizer/BioNTech, Pfizer/BioNTech Kids",6945351,6849136,4022651,48,13794487
2022-03-04,"Johnson&Johnson, Moderna, Novavax, Pfizer/BioNTech, Pfizer/BioNTech Kids",6945986,6850358,4029870,49,13796344
2022-03-05,"Johnson&Johnson, Moderna, Novavax, Pfizer/BioNTech, Pfizer/BioNTech Kids",6946067,6850451,4030489,49,13796518
2022-03-06,"Moderna, Novavax, Oxford/AstraZeneca, Pfizer/BioNTech, Pfizer/BioNTech Kids",6946080,6850469,4030686,49,13796549
2022-03-07,"Johnson&Johnson, Moderna, Novavax, Pfizer/BioNTech, Pfizer/BioNTech Kids",6946416,6851028,4033426,49,13797444
2022-03-08,"Johnson&Johnson, Moderna, Novavax, Oxford/AstraZeneca, Pfizer/BioNTech, Pfizer/BioNTech Kids",6946751,6851571,4035960,49,13798322
2022-03-09,"Johnson&Johnson, Moderna, Novavax, Pfizer/BioNTech, Pfizer/BioNTech Kids",6947140,6852168,4039259,49,13799308
2022-03-10,"Johnson&Johnson, Moderna, Novavax, Pfizer/BioNTech, Pfizer/BioNTech Kids",6947553,6852846,4042363,49,13800399
2022-03-11,"Johnson&Johnson, Moderna, Novavax, Pfizer/BioNTech, Pfizer/BioNTech Kids",6948304,6853757,4048707,49,13802061
2022-03-12,"Johnson&Johnson, Moderna, Novavax, Pfizer/BioNTech, Pfizer/BioNTech Kids",6948377,6853862,4049602,49,13802239
2022-03-13,"Johnson&Johnson, Moderna, Novavax, Pfizer/BioNTech, Pfizer/BioNTech Kids",6948390,6853885,4049789,49,13802275
2022-03-14,"Johnson&Johnson, Moderna, Novavax, Pfizer/BioNTech, Pfizer/BioNTech Kids",6948657,6854271,4052553,49,13802928
2022-03-15,"Johnson&Johnson, Moderna, Novavax, Pfizer/BioNTech, Pfizer/BioNTech Kids",6948943,6854708,4055176,49,13803651
2022-03-16,"Johnson&Johnson, Moderna, Novavax, Oxford/AstraZeneca, Pfizer/BioNTech, Pfizer/BioNTech Kids",6949264,6855253,4058097,49,13804517
2022-03-17,"Johnson&Johnson, Moderna, Novavax, Oxford/AstraZeneca, Pfizer/BioNTech, Pfizer/BioNTech Kids",6949560,6855685,4061192,49,13805245
2022-03-18,"Johnson&Johnson, Moderna, Novavax, Pfizer/BioNTech, Pfizer/BioNTech Kids",6950258,6856485,4067917,49,13806743
2022-03-19,"Moderna, Novavax, Pfizer/BioNTech, Pfizer/BioNTech Kids",6950314,6856530,4068364,49,13806844
2022-03-20,"Moderna, Novavax, Pfizer/BioNTech, Pfizer/BioNTech Kids",6950332,6856543,4068544,49,13806875
2022-03-21,"Johnson&Johnson, Moderna, Novavax, Pfizer/BioNTech, Pfizer/BioNTech Kids",6950521,6856870,4071011,49,13807391
2022-03-22,"Johnson&Johnson, Moderna, Novavax, Pfizer/BioNTech, Pfizer/BioNTech Kids",6950767,6857273,4073271,49,13808040
2022-03-23,"Johnson&Johnson, Moderna, Novavax, Pfizer/BioNTech, Pfizer/BioNTech Kids",6951105,6857713,4076104,49,13808818
2022-03-24,"Johnson&Johnson, Moderna, Novavax, Pfizer/BioNTech, Pfizer/BioNTech Kids",6951417,6858186,4079262,50,13809603
2022-03-25,"Johnson&Johnson, Moderna, Novavax, Pfizer/BioNTech, Pfizer/BioNTech Kids",6951914,6858999,4085846,50,13810913
2022-03-26,"Johnson&Johnson, Moderna, Novavax, Pfizer/BioNTech, Pfizer/BioNTech Kids",6951967,6859078,4086240,50,13811045
2022-03-27,"Moderna, Novavax, Pfizer/BioNTech, Pfizer/BioNTech Kids",6951983,6859095,4086355,50,13811078
2022-03-28,"Johnson&Johnson, Moderna, Novavax, Pfizer/BioNTech, Pfizer/BioNTech Kids",6952138,6859476,4088688,50,13811614
2022-03-29,"Johnson&Johnson, Moderna, Novavax, Pfizer/BioNTech, Pfizer/BioNTech Kids",6952401,6859882,4090987,50,13812283
2022-03-30,"Johnson&Johnson, Moderna, Novavax, Pfizer/BioNTech, Pfizer/BioNTech Kids",6952708,6860375,4093819,50,13813083
2022-03-31,"Johnson&Johnson, Moderna, Novavax, Pfizer/BioNTech, Pfizer/BioNTech Kids",6953005,6860868,4097119,50,13813873
2022-04-01,"Johnson&Johnson, Moderna, Novavax, Pfizer/BioNTech, Pfizer/BioNTech Kids",6953613,6861628,4103022,50,13815241
2022-04-02,"Moderna, Novavax, Pfizer/BioNTech, Pfizer/BioNTech Kids",6953670,6861713,4103837,50,13815383
2022-04-03,"Moderna, Novavax, Pfizer/BioNTech, Pfizer/BioNTech Kids",6953683,6861742,4104006,50,13815425
2022-04-04,"Johnson&Johnson, Moderna, Novavax, Pfizer/BioNTech, Pfizer/BioNTech Kids",6953864,6862025,4105841,50,13815889
2022-04-05,"Johnson&Johnson, Moderna, Novavax, Pfizer/BioNTech, Pfizer/BioNTech Kids",6954055,6862263,4107454,50,13816318
2022-04-06,"Johnson&Johnson, Moderna, Novavax, Pfizer/BioNTech, Pfizer/BioNTech Kids",6954275,6862610,4110196,50,13816885
2022-04-07,"Johnson&Johnson, Moderna, Novavax, Pfizer/BioNTech, Pfizer/BioNTech Kids",6954499,6863030,4113034,50,13817529
2022-04-08,"Johnson&Johnson, Moderna, Novavax, Pfizer/BioNTech, Pfizer/BioNTech Kids",6954954,6863755,4119073,50,13818709
2022-04-09,"Johnson&Johnson, Moderna, Novavax, Pfizer/BioNTech, Pfizer/BioNTech Kids",6955014,6863827,4119598,50,13818841
2022-04-10,"Moderna, Novavax, Pfizer/BioNTech, Pfizer/BioNTech Kids",6955028,6863837,4119719,50,13818865
2022-04-11,"Johnson&Johnson, Moderna, Novavax, Pfizer/BioNTech, Pfizer/BioNTech Kids",6955191,6864069,4121573,50,13819260
2022-04-12,"Johnson&Johnson, Moderna, Novavax, Pfizer/BioNTech, Pfizer/BioNTech Kids",6955437,6864370,4123486,52,13819807
2022-04-13,"Johnson&Johnson, Moderna, Novavax, Pfizer/BioNTech, Pfizer/BioNTech Kids",6955679,6864724,4126611,52,13820403
2022-04-14,"Johnson&Johnson, Moderna, Novavax, Pfizer/BioNTech, Pfizer/BioNTech Kids",6955942,6865111,4130340,52,13821053
2022-04-15,"Moderna, Novavax, Pfizer/BioNTech, Pfizer/BioNTech Kids",6955958,6865142,4130486,52,13821100
2022-04-16,"Johnson&Johnson, Moderna, Novavax, Pfizer/BioNTech, Pfizer/BioNTech Kids",6955978,6865177,4130703,52,13821155
2022-04-17,"Moderna, Novavax, Pfizer/BioNTech",6955979,6865178,4130754,52,13821157
2022-04-18,"Johnson&Johnson, Moderna, Novavax, Pfizer/BioNTech, Pfizer/BioNTech Kids",6955995,6865197,4130764,52,13821192
2022-04-19,"Johnson&Johnson, Moderna, Novavax, Pfizer/BioNTech, Pfizer/BioNTech Kids",6956135,6865537,4132550,52,13821672
2022-04-20,"Johnson&Johnson, Moderna, Novavax, Pfizer/BioNTech, Pfizer/BioNTech Kids, Čína",6956358,6865927,4135057,52,13822285
2022-04-21,"Johnson&Johnson, Moderna, Novavax, Pfizer/BioNTech, Pfizer/BioNTech Kids",6956576,6866351,4137470,52,13822927
2022-04-22,"Johnson&Johnson, Moderna, Novavax, Pfizer/BioNTech, Pfizer/BioNTech Kids",6957042,6867179,4143069,52,13824221
2022-04-23,"Moderna, Novavax, Pfizer/BioNTech, Pfizer/BioNTech Kids",6957073,6867258,4143858,52,13824331
2022-04-24,"Moderna, Novavax, Pfizer/BioNTech, Pfizer/BioNTech Kids",6957078,6867269,4143987,52,13824347
2022-04-25,"Johnson&Johnson, Moderna, Novavax, Pfizer/BioNTech, Pfizer/BioNTech Kids",6957234,6867479,4145831,52,13824713
2022-04-26,"Johnson&Johnson, Moderna, Novavax, Pfizer/BioNTech, Pfizer/BioNTech Kids",6957374,6867743,4147400,52,13825117
2022-04-27,"Johnson&Johnson, Moderna, Novavax, Pfizer/BioNTech, Pfizer/BioNTech Kids",6957643,6868076,4149846,53,13825719
2022-04-28,"Johnson&Johnson, Moderna, Novavax, Pfizer/BioNTech, Pfizer/BioNTech Kids",6957837,6868366,4152269,53,13826203
2022-04-29,"Johnson&Johnson, Moderna, Novavax, Pfizer/BioNTech, Pfizer/BioNTech Kids",6958277,6868956,4157049,53,13827233
2022-04-30,"Moderna, Novavax, Pfizer/BioNTech, Pfizer/BioNTech Kids",6958323,6869023,4157626,53,13827346
2022-05-01,"Moderna, Novavax, Oxford/AstraZeneca, Pfizer/BioNTech, Pfizer/BioNTech Kids",6958328,6869033,4157723,53,13827361
2022-05-02,"Johnson&Johnson, Moderna, Novavax, Pfizer/BioNTech, Pfizer/BioNTech Kids",6958468,6869215,4159008,53,13827683
2022-05-03,"Johnson&Johnson, Moderna, Novavax, Pfizer/BioNTech, Pfizer/BioNTech Kids",6958625,6869471,4160402,53,13828096
2022-05-04,"Johnson&Johnson, Moderna, Novavax, Pfizer/BioNTech, Pfizer/BioNTech Kids",6958831,6869747,4162531,53,13828578
2022-05-05,"Johnson&Johnson, Moderna, Novavax, Pfizer/BioNTech, Pfizer/BioNTech Kids",6959039,6870039,4164662,53,13829078
2022-05-06,"Johnson&Johnson, Moderna, Novavax, Pfizer/BioNTech, Pfizer/BioNTech Kids",6959417,6870381,4169610,54,13829798
2022-05-07,"Moderna, Novavax, Pfizer/BioNTech, Pfizer/BioNTech Kids",6959444,6870408,4169952,55,13829852
2022-05-08,"Moderna, Pfizer/BioNTech, Pfizer/BioNTech Kids",6959446,6870417,4169997,55,13829863
2022-05-09,"Johnson&Johnson, Moderna, Novavax, Pfizer/BioNTech, Pfizer/BioNTech Kids",6959554,6870507,4171285,55,13830061
2022-05-10,"Johnson&Johnson, Moderna, Novavax, Pfizer/BioNTech, Pfizer/BioNTech Kids",6959709,6870744,4172900,55,13830453
2022-05-11,"Johnson&Johnson, Moderna, Novavax, Oxford/AstraZeneca, Pfizer/BioNTech, Pfizer/BioNTech Kids",6959930,6871013,4175211,55,13830943
2022-05-12,"Johnson&Johnson, Moderna, Novavax, Pfizer/BioNTech, Pfizer/BioNTech Kids",6960140,6871293,4177341,55,13831433
2022-05-13,"Johnson&Johnson, Moderna, Novavax, Pfizer/BioNTech, Pfizer/BioNTech Kids",6960487,6871794,4181557,56,13832281
2022-05-14,"Johnson&Johnson, Moderna, Novavax, Pfizer/BioNTech, Pfizer/BioNTech Kids",6960528,6871834,4182144,56,13832362
2022-05-15,"Johnson&Johnson, Moderna, Novavax, Pfizer/BioNTech, Pfizer/BioNTech Kids",6960543,6871845,4182246,57,13832388
2022-05-16,"Johnson&Johnson, Moderna, Novavax, Pfizer/BioNTech, Pfizer/BioNTech Kids",6960653,6871965,4183583,57,13832618
2022-05-17,"Johnson&Johnson, Moderna, Novavax, Pfizer/BioNTech, Pfizer/BioNTech Kids",6960795,6872123,4184996,57,13832918
2022-05-18,"Indie/AstraZeneca, Johnson&Johnson, Moderna, Novavax, Pfizer/BioNTech, Pfizer/BioNTech Kids",6961031,6872456,4187014,58,13833487
2022-05-19,"Johnson&Johnson, Moderna, Novavax, Pfizer/BioNTech, Pfizer/BioNTech Kids",6961226,6872708,4188847,58,13833934
2022-05-20,"Johnson&Johnson, Moderna, Novavax, Pfizer/BioNTech, Pfizer/BioNTech Kids",6961531,6873262,4192860,61,13834793
2022-05-21,"Johnson&Johnson, Moderna, Novavax, Pfizer/BioNTech, Pfizer/BioNTech Kids",6961570,6873291,4193132,61,13834861
2022-05-22,"Johnson&Johnson, Moderna, Pfizer/BioNTech, Pfizer/BioNTech Kids",6961580,6873300,4193275,61,13834880
2022-05-23,"Johnson&Johnson, Moderna, Novavax, Pfizer/BioNTech, Pfizer/BioNTech Kids",6961702,6873455,4194598,61,13835157
2022-05-24,"Johnson&Johnson, Moderna, Novavax, Pfizer/BioNTech, Pfizer/BioNTech Kids",6961833,6873631,4195848,61,13835464
2022-05-25,"Indie/AstraZeneca, Johnson&Johnson, Moderna, Novavax, Oxford/AstraZeneca, Pfizer/BioNTech, Pfizer/BioNTech Kids",6962015,6873880,4198220,61,13835895
2022-05-26,"Johnson&Johnson, Moderna, Novavax, Pfizer/BioNTech, Pfizer/BioNTech Kids",6962168,6874106,4199880,61,13836274
2022-05-27,"Johnson&Johnson, Moderna, Novavax, Pfizer/BioNTech, Pfizer/BioNTech Kids",6962440,6874574,4203636,62,13837014
2022-05-28,"Moderna, Novavax, Pfizer/BioNTech, Pfizer/BioNTech Kids",6962478,6874623,4204026,62,13837101
2022-05-29,"Moderna, Novavax, Pfizer/BioNTech, Pfizer/BioNTech Kids",6962487,6874627,4204142,62,13837114
2022-05-30,"Johnson&Johnson, Moderna, Novavax, Oxford/AstraZeneca, Pfizer/BioNTech, Pfizer/BioNTech Kids",6962579,6874791,4205221,62,13837370
2022-05-31,"Johnson&Johnson, Moderna, Novavax, Pfizer/BioNTech, Pfizer/BioNTech Kids",6962730,6874991,4206478,63,13837721
2022-06-01,"Johnson&Johnson, Moderna, Novavax, Pfizer/BioNTech, Pfizer/BioNTech Kids",6962870,6875221,4207914,63,13838091
2022-06-02,"Moderna, Novavax, Pfizer/BioNTech, Pfizer/BioNTech Kids",6963001,6875466,4209254,63,13838467
2022-06-03,"Johnson&Johnson, Moderna, Novavax, Pfizer/BioNTech, Pfizer/BioNTech Kids",6963263,6875926,4212174,64,13839189
2022-06-04,"Johnson&Johnson, Moderna, Novavax, Pfizer/BioNTech, Pfizer/BioNTech Kids",6963297,6875966,4212579,64,13839263
2022-06-05,"Moderna, Novavax, Pfizer/BioNTech, Pfizer/BioNTech Kids",6963304,6875972,4212685,64,13839276
2022-06-06,"Johnson&Johnson, Moderna, Novavax, Pfizer/BioNTech, Pfizer/BioNTech Kids",6963398,6876116,4213804,65,13839514
2022-06-07,"Johnson&Johnson, Moderna, Novavax, Pfizer/BioNTech, Pfizer/BioNTech Kids",6963485,6876275,4214663,65,13839760
2022-06-08,"Johnson&Johnson, Moderna, Novavax, Pfizer/BioNTech, Pfizer/BioNTech Kids",6963621,6876523,4216158,65,13840144
2022-06-09,"Johnson&Johnson, Moderna, Novavax, Pfizer/BioNTech, Pfizer/BioNTech Kids",6963722,6876725,4217364,65,13840447
2022-06-10,"Johnson&Johnson, Moderna, Novavax, Pfizer/BioNTech, Pfizer/BioNTech Kids",6963908,6877066,4219648,66,13840974
2022-06-11,"Moderna, Novavax, Pfizer/BioNTech, Pfizer/BioNTech Kids",6963922,6877105,4219826,66,13841027
2022-06-12,"Moderna, Novavax, Pfizer/BioNTech, Pfizer/BioNTech Kids",6963928,6877128,4219908,66,13841056
2022-06-13,"Johnson&Johnson, Moderna, Novavax, Oxford/AstraZeneca, Pfizer/BioNTech, Pfizer/BioNTech Kids",6963993,6877253,4220756,67,13841246
2022-06-14,"Johnson&Johnson, Moderna, Novavax, Pfizer/BioNTech, Pfizer/BioNTech Kids",6964073,6877401,4221558,67,13841474
2022-06-15,"Johnson&Johnson, Moderna, Novavax, Pfizer/BioNTech, Pfizer/BioNTech Kids",6964157,6877596,4222720,69,13841753
2022-06-16,"Johnson&Johnson, Moderna, Novavax, Pfizer/BioNTech, Pfizer/BioNTech Kids",6964223,6877773,4223679,69,13841996
2022-06-17,"Johnson&Johnson, Moderna, Novavax, Pfizer/BioNTech, Pfizer/BioNTech Kids, Čína",6964377,6878061,4225846,69,13842438
2022-06-18,"Moderna, Novavax, Pfizer/BioNTech, Pfizer/BioNTech Kids",6964389,6878100,4225956,69,13842489
2022-06-19,"Moderna, Pfizer/BioNTech, Pfizer/BioNTech Kids",6964393,6878108,4226015,69,13842501
2022-06-20,"Johnson&Johnson, Moderna, Novavax, Pfizer/BioNTech, Pfizer/BioNTech Kids",6964459,6878232,4226729,72,13842691
2022-06-21,"Johnson&Johnson, Moderna, Novavax, Pfizer/BioNTech, Pfizer/BioNTech Kids",6964522,6878358,4227507,73,13842880
2022-06-22,"Johnson&Johnson, Moderna, Novavax, Pfizer/BioNTech, Pfizer/BioNTech Kids",6964619,6878542,4228639,75,13843161
2022-06-23,"Johnson&Johnson, Moderna, Novavax, Pfizer/BioNTech, Pfizer/BioNTech Kids",6964679,6878712,4229632,75,13843391
2022-06-24,"Johnson&Johnson, Moderna, Novavax, Pfizer/BioNTech, Pfizer/BioNTech Kids",6964841,6879063,4231535,75,13843904
2022-06-25,"Moderna, Novavax, Pfizer/BioNTech, Pfizer/BioNTech Kids",6964860,6879116,4231885,75,13843976
2022-06-26,"Moderna, Pfizer/BioNTech, Pfizer/BioNTech Kids",6964862,6879127,4231952,75,13843989
2022-06-27,"Johnson&Johnson, Moderna, Novavax, Pfizer/BioNTech, Pfizer/BioNTech Kids",6964934,6879243,4232790,75,13844177
2022-06-28,"Johnson&Johnson, Moderna, Novavax, Pfizer/BioNTech, Pfizer/BioNTech Kids",6965010,6879362,4233613,75,13844372
2022-06-29,"Johnson&Johnson, Moderna, Novavax, Pfizer/BioNTech, Pfizer/BioNTech Kids",6965134,6879548,4234942,75,13844682
2022-06-30,"Johnson&Johnson, Moderna, Novavax, Pfizer/BioNTech, Pfizer/BioNTech Kids",6965234,6879705,4236124,76,13844939
2022-07-01,"Johnson&Johnson, Moderna, Novavax, Oxford/AstraZeneca, Pfizer/BioNTech, Pfizer/BioNTech Kids",6965417,6879955,4238189,78,13845372
2022-07-02,"Moderna, Novavax, Pfizer/BioNTech, Pfizer/BioNTech Kids",6965431,6879962,4238330,78,13845393
2022-07-03,"Moderna, Pfizer/BioNTech, Pfizer/BioNTech Kids",6965435,6879972,4238395,78,13845407
2022-07-04,"Johnson&Johnson, Moderna, Novavax, Pfizer/BioNTech, Pfizer/BioNTech Kids",6965521,6880040,4239188,78,13845561
2022-07-05,"Moderna, Novavax, Pfizer/BioNTech, Pfizer/BioNTech Kids",6965532,6880042,4239224,81,13845574
2022-07-06,"Moderna, Pfizer/BioNTech",6965540,6880050,4239262,81,13845590
2022-07-07,"Johnson&Johnson, Moderna, Novavax, Pfizer/BioNTech, Pfizer/BioNTech Kids",6965648,6880153,4240249,82,13845801
2022-07-08,"Indie/AstraZeneca, Johnson&Johnson, Moderna, Novavax, Oxford/AstraZeneca, Pfizer/BioNTech, Pfizer/BioNTech Kids",6965812,6880349,4242396,89,13846161
2022-07-09,"Johnson&Johnson, Moderna, Novavax, Pfizer/BioNTech, Pfizer/BioNTech Kids",6965822,6880358,4242516,89,13846180
2022-07-10,"Moderna, Pfizer/BioNTech, Pfizer/BioNTech Kids",6965826,6880368,4242604,89,13846194
2022-07-11,"Johnson&Johnson, Moderna, Novavax, Pfizer/BioNTech, Pfizer/BioNTech Kids",6965926,6880460,4243701,100,13846386
2022-07-12,"Johnson&Johnson, Moderna, Novavax, Pfizer/BioNTech, Pfizer/BioNTech Kids",6966031,6880556,4244770,101,13846587
2022-07-13,"Johnson&Johnson, Moderna, Novavax, Pfizer/BioNTech, Pfizer/BioNTech Kids",6966206,6880685,4246657,105,13846891
2022-07-14,"Johnson&Johnson, Moderna, Novavax, Pfizer/BioNTech, Pfizer/BioNTech Kids",6966340,6880782,4247979,110,13847122
2022-07-15,"Johnson&Johnson, Moderna, Novavax, Pfizer/BioNTech, Pfizer/BioNTech Kids",6966599,6880994,4251216,153,13847593
2022-07-16,"Johnson&Johnson, Moderna, Novavax, Pfizer/BioNTech, Pfizer/BioNTech Kids",6966636,6881026,4251619,155,13847662
2022-07-17,"Moderna, Pfizer/BioNTech, Pfizer/BioNTech Kids, Čína",6966642,6881033,4251716,155,13847675
2022-07-18,"Johnson&Johnson, Moderna, Novavax, Oxford/AstraZeneca, Pfizer/BioNTech, Pfizer/BioNTech Kids",6966780,6881136,4252761,2099,13847916
2022-07-19,"Johnson&Johnson, Moderna, Novavax, Pfizer/BioNTech, Pfizer/BioNTech Kids",6966876,6881205,4253781,5126,13848081
2022-07-20,"Johnson&Johnson, Moderna, Novavax, Pfizer/BioNTech, Pfizer/BioNTech Kids",6966980,6881315,4255533,8926,13848295
2022-07-21,"Johnson&Johnson, Moderna, Novavax, Pfizer/BioNTech, Pfizer/BioNTech Kids",6967099,6881399,4256887,13138,13848498
2022-07-22,"Johnson&Johnson, Moderna, Novavax, Oxford/AstraZeneca, Pfizer/BioNTech, Pfizer/BioNTech Kids, Čína",6967310,6881615,4259716,20921,13848925
2022-07-23,"Johnson&Johnson, Moderna, Novavax, Pfizer/BioNTech, Pfizer/BioNTech Kids",6967334,6881631,4259845,21279,13848965
2022-07-24,"Moderna, Pfizer/BioNTech, Pfizer/BioNTech Kids",6967339,6881641,4259909,21500,13848980
2022-07-25,"Johnson&Johnson, Moderna, Novavax, Pfizer/BioNTech, Pfizer/BioNTech Kids",6967433,6881722,4260902,25554,13849155
2022-07-26,"Johnson&Johnson, Moderna, Novavax, Pfizer/BioNTech, Pfizer/BioNTech Kids",6967541,6881797,4262087,30944,13849338
2022-07-27,"Johnson&Johnson, Moderna, Novavax, Pfizer/BioNTech, Pfizer/BioNTech Kids",6967669,6881886,4263827,37373,13849555
2022-07-28,"Johnson&Johnson, Moderna, Novavax, Pfizer/BioNTech, Pfizer/BioNTech Kids",6967788,6882015,4265346,42939,13849803
2022-07-29,"Johnson&Johnson, Moderna, Novavax, Pfizer/BioNTech, Pfizer/BioNTech Kids",6968030,6882229,4267919,49373,13850259
2022-07-30,"Johnson&Johnson, Moderna, Novavax, Pfizer/BioNTech, Pfizer/BioNTech Kids",6968046,6882244,4268110,50077,13850290
2022-07-31,"Johnson&Johnson, Moderna, Pfizer/BioNTech, Pfizer/BioNTech Kids",6968059,6882249,4268198,50188,13850308
2022-08-01,"Johnson&Johnson, Moderna, Novavax, Pfizer/BioNTech, Pfizer/BioNTech Kids",6968154,6882341,4269116,52868,13850495
2022-08-02,"Johnson&Johnson, Moderna, Novavax, Pfizer/BioNTech, Pfizer/BioNTech Kids",6968268,6882429,4270181,57114,13850697
2022-08-03,"Johnson&Johnson, Moderna, Novavax, Pfizer/BioNTech, Pfizer/BioNTech Kids",6968407,6882567,4271519,61651,13850974
2022-08-04,"Johnson&Johnson, Moderna, Novavax, Pfizer/BioNTech, Pfizer/BioNTech Kids",6968553,6882728,4272970,66784,13851281
2022-08-05,"Johnson&Johnson, Moderna, Novavax, Pfizer/BioNTech, Pfizer/BioNTech Kids",6968790,6882980,4275003,72404,13851770
2022-08-06,"Johnson&Johnson, Moderna, Novavax, Pfizer/BioNTech, Pfizer/BioNTech Kids, Čína",6968807,6883008,4275301,72632,13851815
2022-08-07,"Moderna, Pfizer/BioNTech, Pfizer/BioNTech Kids",6968811,6883012,4275367,72713,13851823
2022-08-08,"Johnson&Johnson, Moderna, Novavax, Pfizer/BioNTech, Pfizer/BioNTech Kids, Čína",6968912,6883125,4276146,75651,13852037
2022-08-09,"Johnson&Johnson, Moderna, Novavax, Pfizer/BioNTech, Pfizer/BioNTech Kids",6969021,6883210,4277235,80181,13852231
2022-08-10,"Johnson&Johnson, Moderna, Novavax, Pfizer/BioNTech, Pfizer/BioNTech Kids",6969145,6883318,4278383,84948,13852463
2022-08-11,"Johnson&Johnson, Moderna, Novavax, Pfizer/BioNTech, Pfizer/BioNTech Kids",6969252,6883451,4279541,89829,13852703
2022-08-12,"Johnson&Johnson, Moderna, Novavax, Pfizer/BioNTech, Pfizer/BioNTech Kids",6969397,6883663,4281352,95276,13853060
2022-08-13,"Johnson&Johnson, Moderna, Pfizer/BioNTech, Pfizer/BioNTech Kids",6969412,6883692,4281446,95464,13853104
2022-08-14,"Moderna, Pfizer/BioNTech, Pfizer/BioNTech Kids",6969415,6883696,4281497,95503,13853111
2022-08-15,"Johnson&Johnson, Moderna, Novavax, Pfizer/BioNTech, Pfizer/BioNTech Kids",6969507,6883815,4282297,98586,13853322
2022-08-16,"Johnson&Johnson, Moderna, Novavax, Pfizer/BioNTech, Pfizer/BioNTech Kids",6969604,6883924,4283224,102867,13853528
2022-08-17,"Johnson&Johnson, Moderna, Novavax, Pfizer/BioNTech, Pfizer/BioNTech Kids, Čína",6969692,6884051,4284253,108251,13853743
2022-08-18,"Johnson&Johnson, Moderna, Novavax, Pfizer/BioNTech, Pfizer/BioNTech Kids",6969800,6884194,4285437,114204,13853994
2022-08-19,"Johnson&Johnson, Moderna, Novavax, Pfizer/BioNTech, Pfizer/BioNTech Kids",6969976,6884412,4287270,121255,13854388
2022-08-20,"Moderna, Novavax, Oxford/AstraZeneca, Pfizer/BioNTech, Pfizer/BioNTech Kids",6969987,6884423,4287441,122151,13854410
2022-08-21,"Moderna, Pfizer/BioNTech, Pfizer/BioNTech Kids",6969990,6884433,4287492,122367,13854423
2022-08-22,"Johnson&Johnson, Moderna, Novavax, Oxford/AstraZeneca, Pfizer/BioNTech, Pfizer/BioNTech Kids",6970078,6884537,4288268,126184,13854615
2022-08-23,"Johnson&Johnson, Moderna, Novavax, Pfizer/BioNTech, Pfizer/BioNTech Kids",6970210,6884674,4289196,130887,13854884
2022-08-24,"Johnson&Johnson, Moderna, Novavax, Pfizer/BioNTech, Pfizer/BioNTech Kids",6970306,6884808,4290267,136318,13855114
2022-08-25,"Johnson&Johnson, Moderna, Novavax, Pfizer/BioNTech, Pfizer/BioNTech Kids",6970422,6884920,4291470,142495,13855342
2022-08-26,"Johnson&Johnson, Moderna, Novavax, Pfizer/BioNTech, Pfizer/BioNTech Kids",6970588,6885153,4293151,149216,13855741
2022-08-27,"Johnson&Johnson, Moderna, Novavax, Pfizer/BioNTech, Pfizer/BioNTech Kids",6970624,6885182,4293375,149562,13855806
2022-08-28,"Moderna, Novavax, Pfizer/BioNTech, Pfizer/BioNTech Kids",6970632,6885193,4293420,149647,13855825
2022-08-29,"Johnson&Johnson, Moderna, Novavax, Pfizer/BioNTech, Pfizer/BioNTech Kids",6970708,6885293,4294196,153130,13856001
2022-08-30,"Johnson&Johnson, Moderna, Novavax, Pfizer/BioNTech, Pfizer/BioNTech Kids",6970802,6885394,4295109,158113,13856196
2022-08-31,"Johnson&Johnson, Moderna, Novavax, Pfizer/BioNTech, Pfizer/BioNTech Kids",6970924,6885533,4296099,162706,13856457
2022-09-01,"Johnson&Johnson, Moderna, Novavax, Pfizer/BioNTech, Pfizer/BioNTech Kids",6971034,6885650,4297058,168428,13856684
2022-09-02,"Johnson&Johnson, Moderna, Novavax, Pfizer/BioNTech, Pfizer/BioNTech Kids",6971208,6885845,4298412,174638,13857053
2022-09-03,"Johnson&Johnson, Moderna, Novavax, Pfizer/BioNTech, Pfizer/BioNTech Kids",6971223,6885861,4298492,174746,13857084
2022-09-04,"Moderna, Pfizer/BioNTech, Pfizer/BioNTech Kids",6971228,6885862,4298524,174780,13857090
2022-09-05,"Johnson&Johnson, Moderna, Novavax, Pfizer/BioNTech, Pfizer/BioNTech Kids",6971305,6885960,4299256,178614,13857265
2022-09-06,"Johnson&Johnson, Moderna, Novavax, Pfizer/BioNTech, Pfizer/BioNTech Kids",6971381,6886052,4299982,183369,13857433
2022-09-07,"Johnson&Johnson, Moderna, Novavax, Oxford/AstraZeneca, Pfizer/BioNTech, Pfizer/BioNTech Kids, Pfizer/BioNTech original + BA.1",6971461,6886142,4300880,189148,13857603
2022-09-08,"Johnson&Johnson, Moderna, Novavax, Pfizer/BioNTech, Pfizer/BioNTech Kids, Pfizer/BioNTech original + BA.1",6971552,6886238,4301879,195112,13857790
2022-09-09,"Johnson&Johnson, Moderna, Novavax, Pfizer/BioNTech, Pfizer/BioNTech Kids, Pfizer/BioNTech original + BA.1, Pfizer/BioNTech original + BA.4/5",6971701,6886383,4303049,200840,13858084
2022-09-10,"Moderna, Novavax, Pfizer/BioNTech, Pfizer/BioNTech Kids, Pfizer/BioNTech original + BA.1",6971712,6886398,4303135,200986,13858110
2022-09-11,"Moderna, Pfizer/BioNTech, Pfizer/BioNTech Kids, Pfizer/BioNTech original + BA.1",6971720,6886401,4303158,201024,13858121
2022-09-12,"Johnson&Johnson, Moderna, Moderna bivalent BA.1, Novavax, Pfizer/BioNTech, Pfizer/BioNTech Kids, Pfizer/BioNTech original + BA.1, Pfizer/BioNTech original + BA.4/5",6971816,6886498,4303762,204401,13858314
2022-09-13,"Johnson&Johnson, Moderna, Novavax, Pfizer/BioNTech, Pfizer/BioNTech Kids, Pfizer/BioNTech original + BA.1",6971904,6886591,4304484,209644,13858495
2022-09-14,"Johnson&Johnson, Moderna, Novavax, Pfizer/BioNTech, Pfizer/BioNTech Kids, Pfizer/BioNTech original + BA.1, Pfizer/BioNTech original + BA.4/5",6971999,6886701,4305313,215880,13858700
2022-09-15,"Johnson&Johnson, Moderna, Novavax, Oxford/AstraZeneca, Pfizer/BioNTech, Pfizer/BioNTech Kids, Pfizer/BioNTech original + BA.1, Pfizer/BioNTech original + BA.4/5",6972102,6886797,4306314,223257,13858899
2022-09-16,"Johnson&Johnson, Moderna, Moderna bivalent BA.1, Novavax, Pfizer/BioNTech, Pfizer/BioNTech Kids, Pfizer/BioNTech original + BA.1, Pfizer/BioNTech original + BA.4/5",6972252,6886976,4307689,232501,13859228
2022-09-17,"Johnson&Johnson, Moderna, Pfizer/BioNTech, Pfizer/BioNTech Kids, Pfizer/BioNTech original + BA.1",6972260,6886996,4307881,233337,13859256
2022-09-18,"Johnson&Johnson, Moderna, Novavax, Pfizer/BioNTech, Pfizer/BioNTech Kids, Pfizer/BioNTech original + BA.1, Pfizer/BioNTech original + BA.4/5",6972265,6887005,4307958,233569,13859270
2022-09-19,"Johnson&Johnson, Moderna, Moderna bivalent BA.1, Novavax, Pfizer/BioNTech, Pfizer/BioNTech Kids, Pfizer/BioNTech original + BA.1, Pfizer/BioNTech original + BA.4/5",6972329,6887066,4308599,239133,13859395
2022-09-20,"Johnson&Johnson, Moderna, Novavax, Pfizer/BioNTech, Pfizer/BioNTech Kids, Pfizer/BioNTech original + BA.1, Pfizer/BioNTech original + BA.4/5",6972420,6887140,4309515,247272,13859560
2022-09-21,"Moderna, Moderna bivalent BA.1, Novavax, Oxford/AstraZeneca, Pfizer/BioNTech, Pfizer/BioNTech Kids, Pfizer/BioNTech original + BA.1, Pfizer/BioNTech original + BA.4/5",6972505,6887239,4310565,256815,13859744
2022-09-22,"Johnson&Johnson, Moderna, Moderna bivalent BA.1, Novavax, Pfizer/BioNTech, Pfizer/BioNTech Kids, Pfizer/BioNTech original + BA.1, Pfizer/BioNTech original + BA.4/5",6972568,6887330,4311465,266232,13859898
2022-09-23,"Johnson&Johnson, Moderna, Moderna bivalent BA.1, Novavax, Pfizer/BioNTech, Pfizer/BioNTech Kids, Pfizer/BioNTech original + BA.1, Pfizer/BioNTech original + BA.4/5",6972691,6887482,4312683,276936,13860173
2022-09-24,"Moderna, Moderna bivalent BA.1, Novavax, Pfizer/BioNTech, Pfizer/BioNTech Kids, Pfizer/BioNTech original + BA.1, Pfizer/BioNTech original + BA.4/5",6972696,6887498,4312775,277313,13860194
2022-09-25,"Moderna, Pfizer/BioNTech, Pfizer/BioNTech original + BA.1, Pfizer/BioNTech original + BA.4/5",6972698,6887499,4312800,277458,13860197
2022-09-26,"Johnson&Johnson, Moderna, Moderna bivalent BA.1, Novavax, Pfizer/BioNTech, Pfizer/BioNTech Kids, Pfizer/BioNTech original + BA.1, Pfizer/BioNTech original + BA.4/5",6972731,6887568,4313498,284020,13860299
2022-09-27,"Johnson&Johnson, Moderna, Moderna bivalent BA.1, Novavax, Oxford/AstraZeneca, Pfizer/BioNTech, Pfizer/BioNTech Kids, Pfizer/BioNTech original + BA.1, Pfizer/BioNTech original + BA.4/5",6972810,6887673,4314366,292780,13860483
2022-09-28,"Moderna, Pfizer/BioNTech, Pfizer/BioNTech Kids, Pfizer/BioNTech original + BA.1, Pfizer/BioNTech original + BA.4/5",6972813,6887674,4314379,292848,13860487
2022-09-29,"Johnson&Johnson, Moderna, Moderna bivalent BA.1, Novavax, Pfizer/BioNTech, Pfizer/BioNTech Kids, Pfizer/BioNTech original + BA.1, Pfizer/BioNTech original + BA.4/5",6972874,6887766,4315325,302108,13860640
2022-09-30,"Johnson&Johnson, Moderna, Moderna bivalent BA.1, Novavax, Pfizer/BioNTech, Pfizer/BioNTech Kids, Pfizer/BioNTech original + BA.1, Pfizer/BioNTech original + BA.4/5",6973003,6887934,4316714,313598,13860937
2022-10-01,"Moderna, Moderna bivalent BA.1, Pfizer/BioNTech, Pfizer/BioNTech Kids, Pfizer/BioNTech original + BA.1, Pfizer/BioNTech original + BA.4/5",6973011,6887945,4316810,314161,13860956
2022-10-02,"Moderna bivalent BA.1, Novavax, Pfizer/BioNTech, Pfizer/BioNTech original + BA.4/5",6973014,6887946,4316886,314698,13860960
2022-10-03,"Johnson&Johnson, Moderna, Moderna bivalent BA.1, Novavax, Pfizer/BioNTech, Pfizer/BioNTech Kids, Pfizer/BioNTech original + BA.1, Pfizer/BioNTech original + BA.4/5",6973103,6888032,4317655,322643,13861135
2022-10-04,"Johnson&Johnson, Moderna, Moderna bivalent BA.1, Novavax, Pfizer/BioNTech, Pfizer/BioNTech Kids, Pfizer/BioNTech original + BA.1, Pfizer/BioNTech original + BA.4/5, Čína",6973184,6888128,4318498,332792,13861312
2022-10-05,"Johnson&Johnson, Moderna, Moderna bivalent BA.1, Novavax, Pfizer/BioNTech, Pfizer/BioNTech Kids, Pfizer/BioNTech original + BA.1, Pfizer/BioNTech original + BA.4/5",6973249,6888219,4319539,344661,13861468
2022-10-06,"Johnson&Johnson, Moderna, Moderna bivalent BA.1, Novavax, Pfizer/BioNTech, Pfizer/BioNTech Kids, Pfizer/BioNTech original + BA.1, Pfizer/BioNTech original + BA.4/5",6973341,6888352,4320729,358000,13861693
2022-10-07,"Johnson&Johnson, Moderna, Moderna bivalent BA.1, Novavax, Pfizer/BioNTech, Pfizer/BioNTech Kids, Pfizer/BioNTech original + BA.1, Pfizer/BioNTech original + BA.4/5",6973481,6888513,4322349,374937,13861994
2022-10-08,"Moderna bivalent BA.1, Novavax, Pfizer/BioNTech, Pfizer/BioNTech Kids, Pfizer/BioNTech original + BA.1, Pfizer/BioNTech original + BA.4/5",6973497,6888519,4322484,375887,13862016
2022-10-09,"Moderna bivalent BA.1, Pfizer/BioNTech, Pfizer/BioNTech original + BA.1, Pfizer/BioNTech original + BA.4/5",6973497,6888520,4322513,376041,13862017
2022-10-10,"Johnson&Johnson, Moderna, Moderna bivalent BA.1, Novavax, Pfizer/BioNTech, Pfizer/BioNTech Kids, Pfizer/BioNTech original + BA.1, Pfizer/BioNTech original + BA.4/5",6973541,6888591,4323279,385291,13862132
2022-10-11,"Johnson&Johnson, Moderna, Moderna bivalent BA.1, Novavax, Pfizer/BioNTech, Pfizer/BioNTech Kids, Pfizer/BioNTech original + BA.1, Pfizer/BioNTech original + BA.4/5",6973607,6888692,4324361,397990,13862299
2022-10-12,"Moderna, Moderna bivalent BA.1, Novavax, Pfizer/BioNTech, Pfizer/BioNTech Kids, Pfizer/BioNTech original + BA.1, Pfizer/BioNTech original + BA.4/5",6973704,6888788,4325628,411776,13862492
2022-10-13,"Johnson&Johnson, Moderna, Moderna bivalent BA.1, Novavax, Pfizer/BioNTech, Pfizer/BioNTech Kids, Pfizer/BioNTech original + BA.1, Pfizer/BioNTech original + BA.4/5",6973788,6888885,4326955,426701,13862673
2022-10-14,"Johnson&Johnson, Moderna, Moderna bivalent BA.1, Novavax, Pfizer/BioNTech, Pfizer/BioNTech Kids, Pfizer/BioNTech original + BA.1, Pfizer/BioNTech original + BA.4/5",6973921,6889029,4328907,445450,13862950
2022-10-15,"Moderna bivalent BA.1, Pfizer/BioNTech, Pfizer/BioNTech Kids, Pfizer/BioNTech original + BA.1, Pfizer/BioNTech original + BA.4/5",6973936,6889040,4329068,446690,13862976
2022-10-16,"Moderna, Moderna bivalent BA.1, Novavax, Pfizer/BioNTech, Pfizer/BioNTech Kids, Pfizer/BioNTech original + BA.1, Pfizer/BioNTech original + BA.4/5",6973937,6889043,4329097,446864,13862980
2022-10-17,"Johnson&Johnson, Moderna, Moderna bivalent BA.1, Novavax, Pfizer/BioNTech, Pfizer/BioNTech Kids, Pfizer/BioNTech original + BA.1, Pfizer/BioNTech original + BA.4/5",6973990,6889096,4329946,455577,13863086
2022-10-18,"Johnson&Johnson, Moderna, Moderna bivalent BA.1, Novavax, Pfizer/BioNTech, Pfizer/BioNTech Kids, Pfizer/BioNTech original + BA.1, Pfizer/BioNTech original + BA.4/5",6974053,6889159,4331068,468122,13863212
2022-10-19,"Johnson&Johnson, Moderna, Moderna bivalent BA.1, Novavax, Pfizer/BioNTech, Pfizer/BioNTech Kids, Pfizer/BioNTech original + BA.1, Pfizer/BioNTech original + BA.4/5",6974106,6889216,4332298,481612,13863322
2022-10-20,"Johnson&Johnson, Moderna, Moderna bivalent BA.1, Novavax, Pfizer/BioNTech, Pfizer/BioNTech Kids, Pfizer/BioNTech original + BA.1, Pfizer/BioNTech original + BA.4/5",6974173,6889283,4333618,496990,13863456
2022-10-21,"Johnson&Johnson, Moderna, Moderna bivalent BA.1, Novavax, Pfizer/BioNTech, Pfizer/BioNTech Kids, Pfizer/BioNTech original + BA.1, Pfizer/BioNTech original + BA.4/5",6974292,6889391,4335449,515757,13863683
2022-10-22,"Johnson&Johnson, Moderna, Moderna bivalent BA.1, Novavax, Pfizer/BioNTech, Pfizer/BioNTech Kids, Pfizer/BioNTech original + BA.1, Pfizer/BioNTech original + BA.4/5",6974309,6889406,4335593,517283,13863715
2022-10-23,"Moderna, Moderna bivalent BA.1, Novavax, Pfizer/BioNTech, Pfizer/BioNTech Kids, Pfizer/BioNTech original + BA.1, Pfizer/BioNTech original + BA.4/5",6974311,6889410,4335620,517446,13863721
2022-10-24,"Johnson&Johnson, Moderna, Moderna bivalent BA.1, Novavax, Pfizer/BioNTech, Pfizer/BioNTech Kids, Pfizer/BioNTech original + BA.1, Pfizer/BioNTech original + BA.4/5",6974342,6889463,4336403,526209,13863805
2022-10-25,"Johnson&Johnson, Moderna, Moderna bivalent BA.1, Novavax, Pfizer/BioNTech, Pfizer/BioNTech Kids, Pfizer/BioNTech original + BA.1, Pfizer/BioNTech original + BA.4/5",6974408,6889540,4337386,538082,13863948
2022-10-26,"Johnson&Johnson, Moderna, Moderna bivalent BA.1, Novavax, Pfizer/BioNTech, Pfizer/BioNTech Kids, Pfizer/BioNTech original + BA.1, Pfizer/BioNTech original + BA.4/5",6974463,6889596,4338477,550446,13864059
2022-10-27,"Johnson&Johnson, Moderna, Moderna bivalent BA.1, Novavax, Pfizer/BioNTech, Pfizer/BioNTech Kids, Pfizer/BioNTech original + BA.1, Pfizer/BioNTech original + BA.4/5",6974497,6889682,4339722,563852,13864179
2022-10-28,"Moderna, Pfizer/BioNTech, Pfizer/BioNTech original + BA.1, Pfizer/BioNTech original + BA.4/5",6974499,6889686,4339760,564311,13864185
2022-10-29,"Johnson&Johnson, Moderna, Moderna bivalent BA.1, Novavax, Pfizer/BioNTech, Pfizer/BioNTech Kids, Pfizer/BioNTech original + BA.1, Pfizer/BioNTech original + BA.4/5",6974505,6889701,4339890,565221,13864206
2022-10-30,"Moderna, Moderna bivalent BA.1, Pfizer/BioNTech, Pfizer/BioNTech Kids, Pfizer/BioNTech original + BA.4/5",6974508,6889704,4339911,565654,13864212
2022-10-31,"Johnson&Johnson, Moderna, Moderna bivalent BA.1, Novavax, Pfizer/BioNTech, Pfizer/BioNTech Kids, Pfizer/BioNTech original + BA.1, Pfizer/BioNTech original + BA.4/5",6974560,6889793,4340543,572579,13864353
2022-11-01,"Johnson&Johnson, Moderna, Moderna bivalent BA.1, Novavax, Pfizer/BioNTech, Pfizer/BioNTech Kids, Pfizer/BioNTech original + BA.1, Pfizer/BioNTech original + BA.4/5",6974607,6889846,4341343,582711,13864453
2022-11-02,"Johnson&Johnson, Moderna, Moderna bivalent BA.1, Novavax, Pfizer/BioNTech, Pfizer/BioNTech Kids, Pfizer/BioNTech original + BA.1, Pfizer/BioNTech original + BA.4/5",6974642,6889923,4342195,593463,13864565
2022-11-03,"Johnson&Johnson, Moderna, Moderna bivalent BA.1, Novavax, Pfizer/BioNTech, Pfizer/BioNTech Kids, Pfizer/BioNTech original + BA.1, Pfizer/BioNTech original + BA.4/5",6974684,6890004,4343077,605155,13864688
2022-11-04,"Johnson&Johnson, Moderna, Moderna bivalent BA.1, Novavax, Pfizer/BioNTech, Pfizer/BioNTech Kids, Pfizer/BioNTech original + BA.1, Pfizer/BioNTech original + BA.4/5",6974807,6890152,4344441,620430,13864959
2022-11-05,"Moderna bivalent BA.1, Novavax, Pfizer/BioNTech, Pfizer/BioNTech Kids, Pfizer/BioNTech original + BA.1, Pfizer/BioNTech original + BA.4/5",6974815,6890163,4344536,621257,13864978
2022-11-06,"Moderna bivalent BA.1, Novavax, Pfizer/BioNTech, Pfizer/BioNTech original + BA.1, Pfizer/BioNTech original + BA.4/5",6974817,6890163,4344562,621387,13864980
2022-11-07,"Johnson&Johnson, Moderna, Moderna bivalent BA.1, Novavax, Pfizer/BioNTech, Pfizer/BioNTech Kids, Pfizer/BioNTech original + BA.1, Pfizer/BioNTech original + BA.4/5",6974855,6890225,4345119,628118,13865080
2022-11-08,"Johnson&Johnson, Moderna, Moderna bivalent BA.1, Novavax, Pfizer/BioNTech, Pfizer/BioNTech Kids, Pfizer/BioNTech original + BA.1, Pfizer/BioNTech original + BA.4/5",6974904,6890291,4345795,637617,13865195
2022-11-09,"Johnson&Johnson, Moderna, Moderna bivalent BA.1, Novavax, Pfizer/BioNTech, Pfizer/BioNTech Kids, Pfizer/BioNTech original + BA.1, Pfizer/BioNTech original + BA.4/5",6974949,6890341,4346525,646303,13865290
2022-11-10,"Johnson&Johnson, Moderna, Moderna bivalent BA.1, Novavax, Pfizer/BioNTech, Pfizer/BioNTech Kids, Pfizer/BioNTech original + BA.1, Pfizer/BioNTech original + BA.4/5",6975006,6890406,4347248,655400,13865412
2022-11-11,"Johnson&Johnson, Moderna, Moderna bivalent BA.1, Novavax, Pfizer/BioNTech, Pfizer/BioNTech Kids, Pfizer/BioNTech original + BA.1, Pfizer/BioNTech original + BA.4/5",6975097,6890531,4348205,666381,13865628
2022-11-12,"Johnson&Johnson, Moderna bivalent BA.1, Novavax, Pfizer/BioNTech, Pfizer/BioNTech Kids, Pfizer/BioNTech original + BA.4/5",6975103,6890538,4348242,666619,13865641
2022-11-13,"Moderna, Novavax, Pfizer/BioNTech original + BA.4/5",6975104,6890540,4348263,666718,13865644
2022-11-14,"Johnson&Johnson, Moderna, Moderna bivalent BA.1, Novavax, Pfizer/BioNTech, Pfizer/BioNTech Kids, Pfizer/BioNTech original + BA.1, Pfizer/BioNTech original + BA.4/5",6975146,6890593,4348634,671717,13865739
2022-11-15,"Johnson&Johnson, Moderna, Moderna bivalent BA.1, Novavax, Pfizer/BioNTech, Pfizer/BioNTech Kids, Pfizer/BioNTech original + BA.1, Pfizer/BioNTech original + BA.4/5",6975202,6890662,4349222,679254,13865864
2022-11-16,"Johnson&Johnson, Moderna, Moderna bivalent BA.1, Novavax, Pfizer/BioNTech, Pfizer/BioNTech Kids, Pfizer/BioNTech original + BA.1, Pfizer/BioNTech original + BA.4/5",6975250,6890738,4349871,687359,13865988
2022-11-17,"Moderna, Moderna bivalent BA.1, Pfizer/BioNTech, Pfizer/BioNTech original + BA.1, Pfizer/BioNTech original + BA.4/5",6975251,6890739,4349887,687565,13865990
2022-11-18,"Johnson&Johnson, Moderna, Moderna bivalent BA.1, Novavax, Pfizer/BioNTech, Pfizer/BioNTech Kids, Pfizer/BioNTech original + BA.1, Pfizer/BioNTech original + BA.4/5",6975305,6890786,4350446,693880,13866091
2022-11-19,"Johnson&Johnson, Moderna bivalent BA.1, Novavax, Pfizer/BioNTech, Pfizer/BioNTech Kids, Pfizer/BioNTech original + BA.4/5",6975307,6890789,4350476,694192,13866096
2022-11-20,"Moderna bivalent BA.1, Pfizer/BioNTech, Pfizer/BioNTech original + BA.1, Pfizer/BioNTech original + BA.4/5",6975310,6890790,4350503,694482,13866100
2022-11-21,"Johnson&Johnson, Moderna, Moderna bivalent BA.1, Novavax, Pfizer/BioNTech, Pfizer/BioNTech Kids, Pfizer/BioNTech original + BA.1, Pfizer/BioNTech original + BA.4/5",6975348,6890839,4350807,698621,13866187
2022-11-22,"Johnson&Johnson, Moderna, Moderna bivalent BA.1, Novavax, Pfizer/BioNTech, Pfizer/BioNTech Kids, Pfizer/BioNTech original + BA.1, Pfizer/BioNTech original + BA.4/5",6975389,6890912,4351242,704360,13866301
2022-11-23,"Johnson&Johnson, Moderna, Moderna bivalent BA.1, Novavax, Pfizer/BioNTech, Pfizer/BioNTech Kids, Pfizer/BioNTech original + BA.1, Pfizer/BioNTech original + BA.4/5",6975425,6890953,4351737,710053,13866378
2022-11-24,"Johnson&Johnson, Moderna, Moderna bivalent BA.1, Novavax, Pfizer/BioNTech, Pfizer/BioNTech Kids, Pfizer/BioNTech original + BA.1, Pfizer/BioNTech original + BA.4/5",6975469,6890996,4352253,716676,13866465
2022-11-25,"Johnson&Johnson, Moderna, Moderna bivalent BA.1, Novavax, Pfizer/BioNTech, Pfizer/BioNTech Kids, Pfizer/BioNTech original + BA.1, Pfizer/BioNTech original + BA.4/5",6975551,6891100,4352879,724799,13866651
2022-11-26,"Moderna, Moderna bivalent BA.1, Pfizer/BioNTech, Pfizer/BioNTech Kids, Pfizer/BioNTech original + BA.4/5",6975555,6891112,4352933,724960,13866667
2022-11-27,"Pfizer/BioNTech, Pfizer/BioNTech Kids, Pfizer/BioNTech original + BA.4/5",6975555,6891113,4352954,725049,13866668
2022-11-28,"Johnson&Johnson, Moderna, Moderna bivalent BA.1, Novavax, Pfizer/BioNTech, Pfizer/BioNTech Kids, Pfizer/BioNTech original + BA.1, Pfizer/BioNTech original + BA.4/5",6975574,6891144,4353206,727985,13866718
2022-11-29,"Johnson&Johnson, Moderna, Moderna bivalent BA.1, Novavax, Pfizer/BioNTech, Pfizer/BioNTech Kids, Pfizer/BioNTech original + BA.1, Pfizer/BioNTech original + BA.4/5",6975606,6891195,4353582,732466,13866801
2022-11-30,"Moderna, Moderna bivalent BA.1, Novavax, Pfizer/BioNTech, Pfizer/BioNTech Kids, Pfizer/BioNTech original + BA.1, Pfizer/BioNTech original + BA.4/5",6975658,6891246,4353975,736774,13866904
2022-12-01,"Johnson&Johnson, Moderna, Moderna bivalent BA.1, Novavax, Pfizer/BioNTech, Pfizer/BioNTech Kids, Pfizer/BioNTech original + BA.1, Pfizer/BioNTech original + BA.4/5",6975685,6891276,4354297,740784,13866961
2022-12-02,"Johnson&Johnson, Moderna, Moderna bivalent BA.1, Novavax, Pfizer/BioNTech, Pfizer/BioNTech Kids, Pfizer/BioNTech original + BA.1, Pfizer/BioNTech original + BA.4/5",6975715,6891323,4354680,745334,13867038
2022-12-03,"Moderna bivalent BA.1, Pfizer/BioNTech, Pfizer/BioNTech Kids, Pfizer/BioNTech original + BA.1, Pfizer/BioNTech original + BA.4/5",6975715,6891337,4354719,745771,13867052
2022-12-04,"Moderna, Moderna bivalent BA.1, Pfizer/BioNTech, Pfizer/BioNTech Kids, Pfizer/BioNTech original + BA.4/5",6975717,6891337,4354730,745821,13867054
2022-12-05,"Johnson&Johnson, Moderna, Moderna bivalent BA.1, Novavax, Pfizer/BioNTech, Pfizer/BioNTech Kids, Pfizer/BioNTech original + BA.1, Pfizer/BioNTech original + BA.4/5",6975743,6891363,4354947,747854,13867106
2022-12-06,"Johnson&Johnson, Moderna, Moderna bivalent BA.1, Novavax, Pfizer/BioNTech, Pfizer/BioNTech Kids, Pfizer/BioNTech original + BA.1, Pfizer/BioNTech original + BA.4/5",6975760,6891393,4355181,751023,13867153
2022-12-07,"Johnson&Johnson, Moderna, Moderna bivalent BA.1, Novavax, Pfizer/BioNTech, Pfizer/BioNTech Kids, Pfizer/BioNTech original + BA.1, Pfizer/BioNTech original + BA.4/5",6975793,6891441,4355511,754450,13867234
2022-12-08,"Johnson&Johnson, Moderna, Moderna bivalent BA.1, Novavax, Pfizer/BioNTech, Pfizer/BioNTech Kids, Pfizer/BioNTech original + BA.1, Pfizer/BioNTech original + BA.4/5",6975819,6891470,4355841,757819,13867289
2022-12-09,"Johnson&Johnson, Moderna, Moderna bivalent BA.1, Novavax, Pfizer/BioNTech, Pfizer/BioNTech Kids, Pfizer/BioNTech original + BA.1, Pfizer/BioNTech original + BA.4/5",6975846,6891512,4356187,761164,13867358
2022-12-10,"Moderna bivalent BA.1, Novavax, Pfizer/BioNTech, Pfizer/BioNTech Kids, Pfizer/BioNTech original + BA.4/5",6975848,6891514,4356213,761233,13867362
2022-12-11,"Novavax, Pfizer/BioNTech, Pfizer/BioNTech Kids, Pfizer/BioNTech original + BA.4/5",6975850,6891516,4356231,761266,13867366
2022-12-12,"Johnson&Johnson, Moderna, Moderna bivalent BA.1, Novavax, Pfizer/BioNTech, Pfizer/BioNTech Kids, Pfizer/BioNTech original + BA.1, Pfizer/BioNTech original + BA.4/5",6975869,6891558,4356374,762573,13867427
2022-12-13,"Johnson&Johnson, Moderna, Moderna bivalent BA.1, Novavax, Pfizer/BioNTech, Pfizer/BioNTech Kids, Pfizer/BioNTech original + BA.1, Pfizer/BioNTech original + BA.4/5",6975896,6891587,4356573,764613,13867483
2022-12-14,"Moderna, Moderna bivalent BA.1, Novavax, Pfizer/BioNTech, Pfizer/BioNTech Kids, Pfizer/BioNTech original + BA.1, Pfizer/BioNTech original + BA.4/5",6975913,6891616,4356809,766617,13867529
2022-12-15,"Moderna, Moderna bivalent BA.1, Novavax, Pfizer/BioNTech, Pfizer/BioNTech Kids, Pfizer/BioNTech original + BA.1, Pfizer/BioNTech original + BA.4/5",6975928,6891646,4357051,768670,13867574
2022-12-16,"Johnson&Johnson, Moderna, Moderna bivalent BA.1, Novavax, Pfizer/BioNTech, Pfizer/BioNTech Kids, Pfizer/BioNTech original + BA.1, Pfizer/BioNTech original + BA.4/5",6975968,6891695,4357284,770935,13867663
2022-12-17,"Pfizer/BioNTech, Pfizer/BioNTech Kids, Pfizer/BioNTech original + BA.4/5",6975969,6891699,4357310,771042,13867668
2022-12-18,Pfizer/BioNTech original + BA.4/5,6975969,6891699,4357315,771065,13867668
2022-12-19,"Johnson&Johnson, Moderna, Moderna bivalent BA.1, Novavax, Pfizer/BioNTech, Pfizer/BioNTech Kids, Pfizer/BioNTech original + BA.1, Pfizer/BioNTech original + BA.4/5",6975987,6891723,4357447,771960,13867710
2022-12-20,"Johnson&Johnson, Moderna, Moderna bivalent BA.1, Novavax, Pfizer/BioNTech, Pfizer/BioNTech Kids, Pfizer/BioNTech original + BA.1, Pfizer/BioNTech original + BA.4/5",6976002,6891749,4357597,772820,13867751
2022-12-21,"Johnson&Johnson, Moderna, Moderna bivalent BA.1, Novavax, Pfizer/BioNTech, Pfizer/BioNTech Kids, Pfizer/BioNTech original + BA.1, Pfizer/BioNTech original + BA.4/5",6976022,6891778,4357720,773617,13867800
2022-12-22,"Moderna, Moderna bivalent BA.1, Novavax, Pfizer/BioNTech, Pfizer/BioNTech Kids, Pfizer/BioNTech original + BA.1, Pfizer/BioNTech original + BA.4/5",6976041,6891805,4357837,774151,13867846
2022-12-23,"Johnson&Johnson, Moderna, Moderna bivalent BA.1, Pfizer/BioNTech, Pfizer/BioNTech Kids, Pfizer/BioNTech original + BA.1, Pfizer/BioNTech original + BA.4/5",6976051,6891823,4357871,774296,13867874
2022-12-25,"Pfizer/BioNTech, Pfizer/BioNTech original + BA.1",6976051,6891823,4357871,774299,13867874
2022-12-27,"Moderna, Novavax, Pfizer/BioNTech, Pfizer/BioNTech original + BA.1, Pfizer/BioNTech original + BA.4/5",6976053,6891833,4357891,774447,13867886
2022-12-28,"Johnson&Johnson, Moderna, Moderna bivalent BA.1, Novavax, Pfizer/BioNTech, Pfizer/BioNTech Kids, Pfizer/BioNTech original + BA.1, Pfizer/BioNTech original + BA.4/5",6976066,6891847,4357959,774755,13867913
2022-12-29,"Novavax, Pfizer/BioNTech, Pfizer/BioNTech Kids, Pfizer/BioNTech original + BA.1, Pfizer/BioNTech original + BA.4/5",6976070,6891859,4358003,774970,13867929
2022-12-30,"Moderna, Moderna bivalent BA.1, Pfizer/BioNTech, Pfizer/BioNTech Kids, Pfizer/BioNTech original + BA.1, Pfizer/BioNTech original + BA.4/5",6976077,6891868,4358045,775114,13867945
2022-12-31,Pfizer/BioNTech original + BA.4/5,6976077,6891868,4358045,775119,13867945
2023-01-01,Pfizer/BioNTech original + BA.4/5,6976077,6891868,4358047,775121,13867945
