date,vaccine,people_vaccinated,people_fully_vaccinated,people_boosted_1,people_boosted_2,total_vaccinations
2020-12-27,Pfizer/BioNTech,1281,0,0,0,1281
2020-12-28,Pfizer/BioNTech,3574,0,0,0,3574
2020-12-29,Pfizer/BioNTech,7032,1,0,0,7033
2020-12-30,Pfizer/BioNTech,10538,1,0,0,10539
2020-12-31,Pfizer/BioNTech,11847,1,0,0,11848
2021-01-01,"Moderna, Pfizer/BioNTech",12116,1,0,0,12117
2021-01-02,"Moderna, Pfizer/BioNTech",13400,2,0,0,13402
2021-01-03,"Moderna, Pfizer/BioNTech",14325,2,0,0,14327
2021-01-04,"Moderna, Pfizer/BioNTech",17922,3,0,0,17925
2021-01-05,"Moderna, Pfizer/BioNTech",22418,4,0,0,22422
2021-01-06,"Moderna, Pfizer/BioNTech",28249,5,0,0,28254
2021-01-07,"Moderna, Pfizer/BioNTech",36234,5,0,0,36239
2021-01-08,"Moderna, Pfizer/BioNTech",46263,6,0,0,46269
2021-01-09,"Moderna, Pfizer/BioNTech",48288,7,0,0,48295
2021-01-10,"Indie/AstraZeneca, Pfizer/BioNTech",50057,9,0,0,50066
2021-01-11,"Moderna, Pfizer/BioNTech",59887,11,0,0,59898
2021-01-12,"Moderna, Pfizer/BioNTech",73315,13,0,0,73328
2021-01-13,"Indie/Bahrat Biotech, Moderna, Pfizer/BioNTech, Čína",86824,14,0,0,86838
2021-01-14,"Moderna, Pfizer/BioNTech",102030,18,0,0,102048
2021-01-15,"Moderna, Pfizer/BioNTech, Čína",116021,19,0,0,116040
2021-01-16,"Moderna, Pfizer/BioNTech",119410,23,0,0,119433
2021-01-17,"Moderna, Pfizer/BioNTech",122018,655,0,0,122673
2021-01-18,"Moderna, Pfizer/BioNTech",134469,2473,0,0,136942
2021-01-19,"Moderna, Pfizer/BioNTech",147047,5194,0,0,152241
2021-01-20,"Moderna, Pfizer/BioNTech",160706,7846,0,0,168552
2021-01-21,"Moderna, Pfizer/BioNTech",176333,9583,0,0,185916
2021-01-22,"Moderna, Pfizer/BioNTech",191185,10625,0,0,201810
2021-01-23,"Moderna, Pfizer/BioNTech",194495,11499,0,0,205994
2021-01-24,"Moderna, Pfizer/BioNTech",196747,12369,0,0,209116
2021-01-25,"Moderna, Pfizer/BioNTech",206382,15326,0,0,221708
2021-01-26,"Moderna, Pfizer/BioNTech",216898,19294,0,0,236192
2021-01-27,"Indie/Bahrat Biotech, Moderna, Pfizer/BioNTech, Čína",225910,23820,0,0,249730
2021-01-28,"Moderna, Pfizer/BioNTech",233000,29940,0,0,262940
2021-01-29,"Indie/AstraZeneca, Moderna, Pfizer/BioNTech, Čína",239207,37831,0,0,277038
2021-01-30,"Moderna, Pfizer/BioNTech",239944,38917,0,0,278861
2021-01-31,"Moderna, Pfizer/BioNTech",240660,40094,0,0,280754
2021-02-01,"Moderna, Pfizer/BioNTech",244633,48049,0,0,292682
2021-02-02,"Moderna, Pfizer/BioNTech",248782,58259,0,0,307041
2021-02-03,"Moderna, Pfizer/BioNTech",253199,69252,0,0,322451
2021-02-04,"Moderna, Pfizer/BioNTech",258087,82210,0,0,340297
2021-02-05,"Moderna, Pfizer/BioNTech",263546,92866,0,0,356412
2021-02-06,"Moderna, Oxford/AstraZeneca, Pfizer/BioNTech, Čína",264401,95222,0,0,359623
2021-02-07,"Moderna, Oxford/AstraZeneca, Pfizer/BioNTech",265252,97714,0,0,362966
2021-02-08,"Moderna, Oxford/AstraZeneca, Pfizer/BioNTech",269337,109110,0,0,378447
2021-02-09,"Moderna, Oxford/AstraZeneca, Pfizer/BioNTech",274440,120991,0,0,395431
2021-02-10,"Moderna, Oxford/AstraZeneca, Pfizer/BioNTech",279953,134209,0,0,414162
2021-02-11,"Indie/AstraZeneca, Moderna, Oxford/AstraZeneca, Pfizer/BioNTech",286289,150386,0,0,436675
2021-02-12,"Moderna, Oxford/AstraZeneca, Pfizer/BioNTech",293116,165083,0,0,458199
2021-02-13,"Moderna, Oxford/AstraZeneca, Pfizer/BioNTech",294730,168060,0,0,462790
2021-02-14,"Moderna, Oxford/AstraZeneca, Pfizer/BioNTech",295734,169444,0,0,465178
2021-02-15,"Moderna, Oxford/AstraZeneca, Pfizer/BioNTech",302119,178791,0,0,480910
2021-02-16,"Moderna, Oxford/AstraZeneca, Pfizer/BioNTech",310828,187844,0,0,498672
2021-02-17,"Moderna, Oxford/AstraZeneca, Pfizer/BioNTech",320517,196142,0,0,516659
2021-02-18,"Moderna, Oxford/AstraZeneca, Pfizer/BioNTech",332831,204210,0,0,537041
2021-02-19,"Moderna, Oxford/AstraZeneca, Pfizer/BioNTech",344681,211577,0,0,556258
2021-02-20,"Moderna, Oxford/AstraZeneca, Pfizer/BioNTech, Čína",346688,212759,0,0,559447
2021-02-21,"Moderna, Oxford/AstraZeneca, Pfizer/BioNTech",347825,213782,0,0,561607
2021-02-22,"Moderna, Oxford/AstraZeneca, Pfizer/BioNTech",357929,219810,0,0,577739
2021-02-23,"Moderna, Oxford/AstraZeneca, Pfizer/BioNTech",370876,226783,0,0,597659
2021-02-24,"Moderna, Oxford/AstraZeneca, Pfizer/BioNTech",384733,232811,0,0,617544
2021-02-25,"Moderna, Oxford/AstraZeneca, Pfizer/BioNTech",402682,238349,0,0,641031
2021-02-26,"Moderna, Oxford/AstraZeneca, Pfizer/BioNTech",418833,243700,0,0,662533
2021-02-27,"Moderna, Oxford/AstraZeneca, Pfizer/BioNTech",421832,244255,0,0,666087
2021-02-28,"Moderna, Oxford/AstraZeneca, Pfizer/BioNTech",424187,244804,0,0,668991
2021-03-01,"Moderna, Oxford/AstraZeneca, Pfizer/BioNTech",443741,248245,0,0,691986
2021-03-02,"Indie/AstraZeneca, Moderna, Oxford/AstraZeneca, Pfizer/BioNTech",470919,251793,0,0,722712
2021-03-03,"Moderna, Oxford/AstraZeneca, Pfizer/BioNTech",501826,256295,0,0,758121
2021-03-04,"Moderna, Oxford/AstraZeneca, Pfizer/BioNTech",535036,260972,0,0,796008
2021-03-05,"Johnson&Johnson, Moderna, Oxford/AstraZeneca, Pfizer/BioNTech",563842,266385,0,0,830227
2021-03-06,"Johnson&Johnson, Moderna, Oxford/AstraZeneca, Pfizer/BioNTech",575991,267250,0,0,843241
2021-03-07,"Johnson&Johnson, Moderna, Oxford/AstraZeneca, Pfizer/BioNTech",587521,268091,0,0,855612
2021-03-08,"Johnson&Johnson, Moderna, Oxford/AstraZeneca, Pfizer/BioNTech",617215,272943,0,0,890158
2021-03-09,"Johnson&Johnson, Moderna, Oxford/AstraZeneca, Pfizer/BioNTech",653519,279322,0,0,932841
2021-03-10,"Johnson&Johnson, Moderna, Oxford/AstraZeneca, Pfizer/BioNTech",694764,286278,0,0,981042
2021-03-11,"Indie/AstraZeneca, Johnson&Johnson, Moderna, Oxford/AstraZeneca, Pfizer/BioNTech",739528,294649,0,0,1034177
2021-03-12,"Johnson&Johnson, Moderna, Oxford/AstraZeneca, Pfizer/BioNTech, Čína",778196,303137,0,0,1081333
2021-03-13,"Johnson&Johnson, Moderna, Oxford/AstraZeneca, Pfizer/BioNTech",795275,304451,0,0,1099726
2021-03-14,"Johnson&Johnson, Moderna, Oxford/AstraZeneca, Pfizer/BioNTech",807379,305605,0,0,1112984
2021-03-15,"Johnson&Johnson, Moderna, Oxford/AstraZeneca, Pfizer/BioNTech",835701,314367,0,0,1150068
2021-03-16,"Johnson&Johnson, Moderna, Oxford/AstraZeneca, Pfizer/BioNTech",874511,324887,0,0,1199398
2021-03-17,"Moderna, Oxford/AstraZeneca, Pfizer/BioNTech",911912,335382,0,0,1247294
2021-03-18,"Johnson&Johnson, Moderna, Oxford/AstraZeneca, Pfizer/BioNTech",949832,347786,0,0,1297618
2021-03-19,"Johnson&Johnson, Moderna, Oxford/AstraZeneca, Pfizer/BioNTech",984267,361380,0,0,1345647
2021-03-20,"Indie/AstraZeneca, Johnson&Johnson, Moderna, Oxford/AstraZeneca, Pfizer/BioNTech",999421,363403,0,0,1362824
2021-03-21,"Indie, Johnson&Johnson, Moderna, Oxford/AstraZeneca, Pfizer/BioNTech, Čína",1006859,364961,0,0,1371820
2021-03-22,"Indie/AstraZeneca, Johnson&Johnson, Moderna, Oxford/AstraZeneca, Pfizer/BioNTech",1031389,377435,0,0,1408824
2021-03-23,"Johnson&Johnson, Moderna, Oxford/AstraZeneca, Pfizer/BioNTech",1058001,390788,0,0,1448789
2021-03-24,"Indie/AstraZeneca, Johnson&Johnson, Moderna, Oxford/AstraZeneca, Pfizer/BioNTech, Čína",1084850,406512,0,0,1491362
2021-03-25,"Indie/AstraZeneca, Johnson&Johnson, Moderna, Oxford/AstraZeneca, Pfizer/BioNTech",1111143,424331,0,0,1535474
2021-03-26,"Indie/AstraZeneca, Johnson&Johnson, Moderna, Oxford/AstraZeneca, Pfizer/BioNTech",1135924,441811,0,0,1577735
2021-03-27,"Johnson&Johnson, Moderna, Oxford/AstraZeneca, Pfizer/BioNTech, Čína",1144382,446648,0,0,1591030
2021-03-28,"Moderna, Oxford/AstraZeneca, Pfizer/BioNTech, Čína",1149925,450792,0,0,1600717
2021-03-29,"Johnson&Johnson, Moderna, Oxford/AstraZeneca, Pfizer/BioNTech",1169039,471488,0,0,1640527
2021-03-30,"Johnson&Johnson, Moderna, Oxford/AstraZeneca, Pfizer/BioNTech",1193720,493640,0,0,1687360
2021-03-31,"Indie/AstraZeneca, Johnson&Johnson, Moderna, Oxford/AstraZeneca, Pfizer/BioNTech, Čína",1216827,520651,0,0,1737478
2021-04-01,"Indie/AstraZeneca, Johnson&Johnson, Moderna, Oxford/AstraZeneca, Pfizer/BioNTech",1242483,552640,0,0,1795123
2021-04-02,"Indie/AstraZeneca, Johnson&Johnson, Moderna, Oxford/AstraZeneca, Pfizer/BioNTech",1249466,565418,0,0,1814884
2021-04-03,"Johnson&Johnson, Moderna, Oxford/AstraZeneca, Pfizer/BioNTech",1253117,576341,0,0,1829458
2021-04-04,"Johnson&Johnson, Moderna, Oxford/AstraZeneca, Pfizer/BioNTech",1255661,585258,0,0,1840919
2021-04-05,"Indie/AstraZeneca, Johnson&Johnson, Moderna, Oxford/AstraZeneca, Pfizer/BioNTech",1258099,592452,0,0,1850551
2021-04-06,"Indie/AstraZeneca, Johnson&Johnson, Moderna, Oxford/AstraZeneca, Pfizer/BioNTech, Čína",1274289,621688,0,0,1895977
2021-04-07,"Johnson&Johnson, Moderna, Oxford/AstraZeneca, Pfizer/BioNTech, Čína",1297740,643892,0,0,1941632
2021-04-08,"Indie/AstraZeneca, Johnson&Johnson, Moderna, Oxford/AstraZeneca, Pfizer/BioNTech",1336484,674880,0,0,2011364
2021-04-09,"Indie/AstraZeneca, Johnson&Johnson, Moderna, Oxford/AstraZeneca, Pfizer/BioNTech, Čína",1376004,705039,0,0,2081043
2021-04-10,"Johnson&Johnson, Moderna, Oxford/AstraZeneca, Pfizer/BioNTech",1391561,720324,0,0,2111885
2021-04-11,"Indie/AstraZeneca, Johnson&Johnson, Moderna, Oxford/AstraZeneca, Pfizer/BioNTech",1401339,730360,0,0,2131699
2021-04-12,"Johnson&Johnson, Moderna, Oxford/AstraZeneca, Pfizer/BioNTech",1439567,755444,0,0,2195011
2021-04-13,"Indie/AstraZeneca, Moderna, Oxford/AstraZeneca, Pfizer/BioNTech",1475810,781430,0,0,2257240
2021-04-14,"Moderna, Oxford/AstraZeneca, Pfizer/BioNTech",1514624,808759,0,0,2323383
2021-04-15,"Moderna, Oxford/AstraZeneca, Pfizer/BioNTech",1562381,834480,0,0,2396861
2021-04-16,"Moderna, Oxford/AstraZeneca, Pfizer/BioNTech",1607032,860107,0,0,2467139
2021-04-17,"Indie, Indie/AstraZeneca, Moderna, Oxford/AstraZeneca, Pfizer/BioNTech",1623739,869120,0,0,2492859
2021-04-18,"Moderna, Oxford/AstraZeneca, Pfizer/BioNTech, Čína",1636731,874098,0,0,2510829
2021-04-19,"Johnson&Johnson, Moderna, Oxford/AstraZeneca, Pfizer/BioNTech",1680653,889500,0,0,2570153
2021-04-20,"Johnson&Johnson, Moderna, Oxford/AstraZeneca, Pfizer/BioNTech, Čína",1723173,905368,0,0,2628541
2021-04-21,"Indie, Moderna, Oxford/AstraZeneca, Pfizer/BioNTech",1770851,919715,0,0,2690566
2021-04-22,"Johnson&Johnson, Moderna, Oxford/AstraZeneca, Pfizer/BioNTech",1825275,937074,0,0,2762349
2021-04-23,"Johnson&Johnson, Moderna, Oxford/AstraZeneca, Pfizer/BioNTech, Čína",1875174,949106,0,0,2824280
2021-04-24,"Johnson&Johnson, Moderna, Oxford/AstraZeneca, Pfizer/BioNTech, Sputnik, Čína",1893012,954363,0,0,2847375
2021-04-25,"Johnson&Johnson, Moderna, Oxford/AstraZeneca, Pfizer/BioNTech",1907690,958358,0,0,2866048
2021-04-26,"Indie, Johnson&Johnson, Moderna, Oxford/AstraZeneca, Pfizer/BioNTech, Čína",1957149,965853,0,0,2923002
2021-04-27,"Johnson&Johnson, Moderna, Oxford/AstraZeneca, Pfizer/BioNTech, Sputnik, Čína",2005963,977974,0,0,2983937
2021-04-28,"Indie/AstraZeneca, Johnson&Johnson, Moderna, Oxford/AstraZeneca, Pfizer/BioNTech, Čína",2064490,991812,0,0,3056302
2021-04-29,"Indie/AstraZeneca, Johnson&Johnson, Moderna, Oxford/AstraZeneca, Pfizer/BioNTech",2129861,1007531,0,0,3137392
2021-04-30,"Indie/AstraZeneca, Johnson&Johnson, Moderna, Oxford/AstraZeneca, Pfizer/BioNTech, Čína",2191953,1017354,0,0,3209307
2021-05-01,"Indie/AstraZeneca, Johnson&Johnson, Moderna, Oxford/AstraZeneca, Pfizer/BioNTech, Sputnik",2211330,1020810,0,0,3232140
2021-05-02,"Johnson&Johnson, Moderna, Oxford/AstraZeneca, Pfizer/BioNTech",2230257,1023097,0,0,3253354
2021-05-03,"Johnson&Johnson, Moderna, Oxford/AstraZeneca, Pfizer/BioNTech",2297291,1028029,0,0,3325320
2021-05-04,"Johnson&Johnson, Moderna, Oxford/AstraZeneca, Pfizer/BioNTech",2363629,1036231,0,0,3399860
2021-05-05,"Johnson&Johnson, Moderna, Oxford/AstraZeneca, Pfizer/BioNTech",2436527,1045428,0,0,3481955
2021-05-06,"Johnson&Johnson, Moderna, Oxford/AstraZeneca, Pfizer/BioNTech",2516674,1055937,0,0,3572611
2021-05-07,"Indie/AstraZeneca, Johnson&Johnson, Moderna, Oxford/AstraZeneca, Pfizer/BioNTech, Čína",2593768,1065895,0,0,3659663
2021-05-08,"Johnson&Johnson, Moderna, Oxford/AstraZeneca, Pfizer/BioNTech",2623280,1067685,0,0,3690965
2021-05-09,"Johnson&Johnson, Moderna, Oxford/AstraZeneca, Pfizer/BioNTech",2647507,1068908,0,0,3716415
2021-05-10,"Johnson&Johnson, Moderna, Oxford/AstraZeneca, Pfizer/BioNTech",2720114,1076015,0,0,3796129
2021-05-11,"Johnson&Johnson, Moderna, Oxford/AstraZeneca, Pfizer/BioNTech",2796057,1084703,0,0,3880760
2021-05-12,"Johnson&Johnson, Moderna, Oxford/AstraZeneca, Pfizer/BioNTech, Sputnik, Čína",2875801,1093701,0,0,3969502
2021-05-13,"Indie/AstraZeneca, Johnson&Johnson, Moderna, Oxford/AstraZeneca, Pfizer/BioNTech, Čína",2959694,1102770,0,0,4062464
2021-05-14,"Indie/AstraZeneca, Johnson&Johnson, Moderna, Oxford/AstraZeneca, Pfizer/BioNTech, Čína",3039151,1110520,0,0,4149671
2021-05-15,"Indie/AstraZeneca, Johnson&Johnson, Moderna, Oxford/AstraZeneca, Pfizer/BioNTech",3071103,1112799,0,0,4183902
2021-05-16,"Johnson&Johnson, Moderna, Oxford/AstraZeneca, Pfizer/BioNTech, Sputnik",3096908,1114091,0,0,4210999
2021-05-17,"Indie, Indie/AstraZeneca, Johnson&Johnson, Moderna, Oxford/AstraZeneca, Pfizer/BioNTech, Čína",3169354,1120790,0,0,4290144
2021-05-18,"Indie/AstraZeneca, Johnson&Johnson, Moderna, Oxford/AstraZeneca, Pfizer/BioNTech, Čína",3241254,1133838,0,0,4375092
2021-05-19,"Indie/AstraZeneca, Johnson&Johnson, Moderna, Oxford/AstraZeneca, Pfizer/BioNTech, Čína",3318622,1148887,0,0,4467509
2021-05-20,"Indie/AstraZeneca, Johnson&Johnson, Moderna, Oxford/AstraZeneca, Pfizer/BioNTech",3393963,1175791,0,0,4569754
2021-05-21,"Johnson&Johnson, Moderna, Oxford/AstraZeneca, Pfizer/BioNTech",3462719,1203486,0,0,4666205
2021-05-22,"Johnson&Johnson, Moderna, Oxford/AstraZeneca, Pfizer/BioNTech, Čína",3495168,1214710,0,0,4709878
2021-05-23,"Johnson&Johnson, Moderna, Oxford/AstraZeneca, Pfizer/BioNTech, Čína",3517614,1223732,0,0,4741346
2021-05-24,"Indie, Indie/AstraZeneca, Johnson&Johnson, Moderna, Oxford/AstraZeneca, Pfizer/BioNTech, Čína",3564730,1257248,0,0,4821978
2021-05-25,"Indie/AstraZeneca, Johnson&Johnson, Moderna, Oxford/AstraZeneca, Pfizer/BioNTech",3616519,1292906,0,0,4909425
2021-05-26,"Indie, Johnson&Johnson, Moderna, Oxford/AstraZeneca, Pfizer/BioNTech, Čína",3684136,1330278,1,0,5014414
2021-05-27,"Indie/AstraZeneca, Johnson&Johnson, Moderna, Oxford/AstraZeneca, Pfizer/BioNTech",3745421,1377457,1,0,5122878
2021-05-28,"Indie/AstraZeneca, Johnson&Johnson, Moderna, Oxford/AstraZeneca, Pfizer/BioNTech",3807045,1423903,1,0,5230948
2021-05-29,"Indie/AstraZeneca, Johnson&Johnson, Moderna, Oxford/AstraZeneca, Pfizer/BioNTech, Čína",3836322,1441038,1,0,5277360
2021-05-30,"Johnson&Johnson, Moderna, Oxford/AstraZeneca, Pfizer/BioNTech, Čína",3858736,1455497,1,0,5314233
2021-05-31,"Indie/AstraZeneca, Johnson&Johnson, Moderna, Oxford/AstraZeneca, Pfizer/BioNTech, Sputnik",3914362,1502871,1,0,5417233
2021-06-01,"Indie/AstraZeneca, Johnson&Johnson, Moderna, Oxford/AstraZeneca, Pfizer/BioNTech, Sputnik, Čína",3973327,1551559,1,0,5524886
2021-06-02,"Indie/AstraZeneca, Johnson&Johnson, Moderna, Oxford/AstraZeneca, Pfizer/BioNTech, Sputnik, Čína",4036156,1605354,1,0,5641510
2021-06-03,"Indie/AstraZeneca, Johnson&Johnson, Moderna, Oxford/AstraZeneca, Pfizer/BioNTech, Čína",4094267,1665337,1,0,5759604
2021-06-04,"Indie/AstraZeneca, Johnson&Johnson, Moderna, Oxford/AstraZeneca, Pfizer/BioNTech",4157275,1722530,1,0,5879805
2021-06-05,"Indie/AstraZeneca, Johnson&Johnson, Moderna, Oxford/AstraZeneca, Pfizer/BioNTech, Čína",4191480,1741427,1,0,5932907
2021-06-06,"Johnson&Johnson, Moderna, Oxford/AstraZeneca, Pfizer/BioNTech, Čína",4218439,1756575,1,0,5975014
2021-06-07,"Indie, Johnson&Johnson, Moderna, Oxford/AstraZeneca, Pfizer/BioNTech, Čína",4281988,1812005,1,0,6093993
2021-06-08,"Indie/AstraZeneca, Johnson&Johnson, Moderna, Oxford/AstraZeneca, Pfizer/BioNTech, Čína",4345886,1866836,1,0,6212722
2021-06-09,"Indie, Indie/AstraZeneca, Johnson&Johnson, Moderna, Oxford/AstraZeneca, Pfizer/BioNTech, Čína",4404960,1931293,1,0,6336253
2021-06-10,"Indie, Indie/AstraZeneca, Johnson&Johnson, Moderna, Oxford/AstraZeneca, Pfizer/BioNTech, Čína",4458717,2002423,1,0,6461140
2021-06-11,"Indie/Bahrat Biotech, Johnson&Johnson, Moderna, Oxford/AstraZeneca, Pfizer/BioNTech, Čína",4510739,2072119,1,0,6582858
2021-06-12,"Indie/AstraZeneca, Johnson&Johnson, Moderna, Oxford/AstraZeneca, Pfizer/BioNTech, Čína",4542775,2092950,2,0,6635725
2021-06-13,"Johnson&Johnson, Moderna, Oxford/AstraZeneca, Pfizer/BioNTech, Čína",4566802,2111382,2,0,6678184
2021-06-14,"Johnson&Johnson, Moderna, Oxford/AstraZeneca, Pfizer/BioNTech, Čína",4609828,2185628,2,0,6795456
2021-06-15,"Indie/AstraZeneca, Johnson&Johnson, Moderna, Oxford/AstraZeneca, Pfizer/BioNTech, Čína",4654437,2257907,2,0,6912344
2021-06-16,"Indie/AstraZeneca, Johnson&Johnson, Moderna, Oxford/AstraZeneca, Pfizer/BioNTech, Čína",4697145,2335933,2,0,7033078
2021-06-17,"Indie/AstraZeneca, Johnson&Johnson, Moderna, Oxford/AstraZeneca, Pfizer/BioNTech, Čína",4736508,2418894,2,0,7155402
2021-06-18,"Indie, Johnson&Johnson, Moderna, Oxford/AstraZeneca, Pfizer/BioNTech, Čína",4778878,2499344,2,0,7278222
2021-06-19,"Indie/AstraZeneca, Johnson&Johnson, Moderna, Oxford/AstraZeneca, Pfizer/BioNTech, Čína",4800676,2528684,2,0,7329360
2021-06-20,"Johnson&Johnson, Moderna, Oxford/AstraZeneca, Pfizer/BioNTech, Čína",4818090,2552551,2,0,7370641
2021-06-21,"Johnson&Johnson, Moderna, Oxford/AstraZeneca, Pfizer/BioNTech, Čína",4850553,2631042,2,0,7481595
2021-06-22,"Indie/AstraZeneca, Johnson&Johnson, Moderna, Oxford/AstraZeneca, Pfizer/BioNTech, Čína",4883470,2713242,2,0,7596712
2021-06-23,"Indie/AstraZeneca, Johnson&Johnson, Moderna, Oxford/AstraZeneca, Pfizer/BioNTech, Čína",4915139,2798368,2,0,7713507
2021-06-24,"Indie/AstraZeneca, Johnson&Johnson, Moderna, Oxford/AstraZeneca, Pfizer/BioNTech, Čína",4944942,2888301,2,0,7833243
2021-06-25,"Johnson&Johnson, Moderna, Oxford/AstraZeneca, Pfizer/BioNTech, Sputnik, Čína",4975985,2974461,2,0,7950446
2021-06-26,"Indie, Johnson&Johnson, Moderna, Oxford/AstraZeneca, Pfizer/BioNTech, Čína",4991889,3009351,2,0,8001240
2021-06-27,"Johnson&Johnson, Moderna, Oxford/AstraZeneca, Pfizer/BioNTech, Čína",5005860,3036062,2,0,8041922
2021-06-28,"Indie/AstraZeneca, Johnson&Johnson, Moderna, Oxford/AstraZeneca, Pfizer/BioNTech, Čína",5034243,3121195,2,0,8155438
2021-06-29,"Indie, Johnson&Johnson, Moderna, Oxford/AstraZeneca, Pfizer/BioNTech, Čína",5063468,3207652,2,0,8271120
2021-06-30,"Indie, Johnson&Johnson, Moderna, Oxford/AstraZeneca, Pfizer/BioNTech",5090928,3298609,3,0,8389537
2021-07-01,"Johnson&Johnson, Moderna, Oxford/AstraZeneca, Pfizer/BioNTech, Čína",5114886,3388600,3,0,8503486
2021-07-02,"Indie/AstraZeneca, Johnson&Johnson, Moderna, Oxford/AstraZeneca, Pfizer/BioNTech, Čína",5141612,3474477,3,0,8616089
2021-07-03,"Indie, Indie/AstraZeneca, Johnson&Johnson, Moderna, Oxford/AstraZeneca, Pfizer/BioNTech, Čína",5148740,3506049,3,0,8654789
2021-07-04,"Johnson&Johnson, Moderna, Oxford/AstraZeneca, Pfizer/BioNTech",5156339,3527875,3,0,8684214
2021-07-05,"Indie, Indie/AstraZeneca, Johnson&Johnson, Moderna, Oxford/AstraZeneca, Pfizer/BioNTech, Čína",5163789,3553315,3,0,8717104
2021-07-06,"Indie/AstraZeneca, Johnson&Johnson, Moderna, Oxford/AstraZeneca, Pfizer/BioNTech, Čína",5169300,3581079,3,0,8750379
2021-07-07,"Indie/AstraZeneca, Johnson&Johnson, Moderna, Oxford/AstraZeneca, Pfizer/BioNTech, Čína",5195100,3660028,3,0,8855128
2021-07-08,"Indie, Johnson&Johnson, Moderna, Oxford/AstraZeneca, Pfizer/BioNTech, Čína",5221695,3730309,3,0,8952004
2021-07-09,"Indie, Indie/AstraZeneca, Indie/Bahrat Biotech, Johnson&Johnson, Moderna, Oxford/AstraZeneca, Pfizer/BioNTech, Čína",5249626,3799603,3,0,9049229
2021-07-10,"Indie, Indie/AstraZeneca, Johnson&Johnson, Moderna, Oxford/AstraZeneca, Pfizer/BioNTech, Čína",5259032,3828297,4,0,9087329
2021-07-11,"Johnson&Johnson, Moderna, Oxford/AstraZeneca, Pfizer/BioNTech, Čína",5267597,3851190,4,0,9118787
2021-07-12,"Indie/AstraZeneca, Johnson&Johnson, Moderna, Oxford/AstraZeneca, Pfizer/BioNTech, Čína",5295112,3920187,4,0,9215299
2021-07-13,"Johnson&Johnson, Moderna, Oxford/AstraZeneca, Pfizer/BioNTech, Čína",5321295,3990015,4,0,9311310
2021-07-14,"Indie/AstraZeneca, Johnson&Johnson, Moderna, Oxford/AstraZeneca, Pfizer/BioNTech",5347103,4061958,4,0,9409061
2021-07-15,"Indie, Indie/AstraZeneca, Johnson&Johnson, Moderna, Oxford/AstraZeneca, Pfizer/BioNTech, Čína",5376273,4127946,4,0,9504219
2021-07-16,"Indie/AstraZeneca, Johnson&Johnson, Moderna, Oxford/AstraZeneca, Pfizer/BioNTech, Sputnik, Čína",5404203,4200645,4,0,9604848
2021-07-17,"Johnson&Johnson, Moderna, Oxford/AstraZeneca, Pfizer/BioNTech, Čína",5413017,4232133,4,0,9645150
2021-07-18,"Indie/AstraZeneca, Johnson&Johnson, Moderna, Oxford/AstraZeneca, Pfizer/BioNTech, Čína",5421461,4258133,4,0,9679594
2021-07-19,"Johnson&Johnson, Moderna, Oxford/AstraZeneca, Pfizer/BioNTech, Čína",5444794,4325100,4,0,9769894
2021-07-20,"Johnson&Johnson, Moderna, Oxford/AstraZeneca, Pfizer/BioNTech, Čína",5466196,4392119,6,0,9858315
2021-07-21,"Indie/AstraZeneca, Johnson&Johnson, Moderna, Oxford/AstraZeneca, Pfizer/BioNTech, Čína",5489609,4455535,6,0,9945144
2021-07-22,"Indie/AstraZeneca, Johnson&Johnson, Moderna, Oxford/AstraZeneca, Pfizer/BioNTech, Čína",5511955,4514148,6,0,10026103
2021-07-23,"Johnson&Johnson, Moderna, Oxford/AstraZeneca, Pfizer/BioNTech, Čína",5535173,4568898,6,0,10104071
2021-07-24,"Indie, Indie/AstraZeneca, Johnson&Johnson, Moderna, Oxford/AstraZeneca, Pfizer/BioNTech, Čína",5542543,4596579,6,0,10139122
2021-07-25,"Johnson&Johnson, Moderna, Oxford/AstraZeneca, Pfizer/BioNTech, Čína",5549199,4618716,6,0,10167915
2021-07-26,"Indie/AstraZeneca, Johnson&Johnson, Moderna, Oxford/AstraZeneca, Pfizer/BioNTech",5572723,4667353,6,0,10240076
2021-07-27,"Johnson&Johnson, Moderna, Oxford/AstraZeneca, Pfizer/BioNTech, Čína",5595445,4713981,6,0,10309426
2021-07-28,"Johnson&Johnson, Moderna, Oxford/AstraZeneca, Pfizer/BioNTech, Čína",5616715,4759983,6,0,10376698
2021-07-29,"Johnson&Johnson, Moderna, Oxford/AstraZeneca, Pfizer/BioNTech, Čína",5638013,4801933,6,0,10439946
2021-07-30,"Indie/AstraZeneca, Johnson&Johnson, Moderna, Oxford/AstraZeneca, Pfizer/BioNTech, Čína",5661283,4844498,7,0,10505781
2021-07-31,"Indie/AstraZeneca, Johnson&Johnson, Moderna, Oxford/AstraZeneca, Pfizer/BioNTech, Čína",5670247,4864053,7,0,10534300
2021-08-01,"Indie, Johnson&Johnson, Moderna, Oxford/AstraZeneca, Pfizer/BioNTech, Čína",5676998,4880228,7,0,10557226
2021-08-02,"Indie, Johnson&Johnson, Moderna, Oxford/AstraZeneca, Pfizer/BioNTech",5695642,4917791,7,0,10613433
2021-08-03,"Indie/Bahrat Biotech, Johnson&Johnson, Moderna, Oxford/AstraZeneca, Pfizer/BioNTech, Čína",5713285,4955905,7,0,10669190
2021-08-04,"Johnson&Johnson, Moderna, Oxford/AstraZeneca, Pfizer/BioNTech, Čína",5729395,4992673,7,0,10722068
2021-08-05,"Indie/AstraZeneca, Johnson&Johnson, Moderna, Oxford/AstraZeneca, Pfizer/BioNTech, Čína",5745422,5033159,7,0,10778581
2021-08-06,"Indie/AstraZeneca, Johnson&Johnson, Moderna, Oxford/AstraZeneca, Pfizer/BioNTech, Čína",5762243,5076483,7,0,10838726
2021-08-07,"Indie, Johnson&Johnson, Moderna, Oxford/AstraZeneca, Pfizer/BioNTech, Čína",5767872,5094675,7,0,10862547
2021-08-08,"Johnson&Johnson, Moderna, Oxford/AstraZeneca, Pfizer/BioNTech, Čína",5772262,5110456,8,0,10882718
2021-08-09,"Indie, Indie/AstraZeneca, Johnson&Johnson, Moderna, Oxford/AstraZeneca, Pfizer/BioNTech, Čína",5784882,5155527,8,0,10940409
2021-08-10,"Indie/AstraZeneca, Johnson&Johnson, Moderna, Oxford/AstraZeneca, Pfizer/BioNTech, Čína",5796733,5195110,8,0,10991843
2021-08-11,"Indie/AstraZeneca, Johnson&Johnson, Moderna, Oxford/AstraZeneca, Pfizer/BioNTech, Čína",5808098,5238245,8,0,11046343
2021-08-12,"Indie/AstraZeneca, Johnson&Johnson, Moderna, Oxford/AstraZeneca, Pfizer/BioNTech",5819517,5275392,8,0,11094909
2021-08-13,"Johnson&Johnson, Moderna, Oxford/AstraZeneca, Pfizer/BioNTech, Čína",5830240,5315747,8,0,11145987
2021-08-14,"Indie/AstraZeneca, Indie/Bahrat Biotech, Johnson&Johnson, Moderna, Oxford/AstraZeneca, Pfizer/BioNTech",5833586,5326482,8,0,11160068
2021-08-15,"Johnson&Johnson, Moderna, Oxford/AstraZeneca, Pfizer/BioNTech",5836182,5336881,8,0,11173063
2021-08-16,"Indie/AstraZeneca, Johnson&Johnson, Moderna, Oxford/AstraZeneca, Pfizer/BioNTech, Čína",5845970,5370972,8,0,11216942
2021-08-17,"Indie/AstraZeneca, Johnson&Johnson, Moderna, Oxford/AstraZeneca, Pfizer/BioNTech",5855545,5398090,8,0,11253635
2021-08-18,"Indie, Indie/AstraZeneca, Johnson&Johnson, Moderna, Oxford/AstraZeneca, Pfizer/BioNTech, Čína",5864919,5436995,8,0,11301914
2021-08-19,"Johnson&Johnson, Moderna, Oxford/AstraZeneca, Pfizer/BioNTech, Čína",5874572,5475334,8,0,11349906
2021-08-20,"Indie/AstraZeneca, Johnson&Johnson, Moderna, Oxford/AstraZeneca, Pfizer/BioNTech, Čína",5885953,5515541,8,0,11401494
2021-08-21,"Indie, Indie/AstraZeneca, Johnson&Johnson, Moderna, Oxford/AstraZeneca, Pfizer/BioNTech",5888685,5528348,8,0,11417033
2021-08-22,"Indie, Johnson&Johnson, Moderna, Oxford/AstraZeneca, Pfizer/BioNTech, Čína",5891039,5540342,8,0,11431381
2021-08-23,"Indie, Indie/AstraZeneca, Johnson&Johnson, Moderna, Oxford/AstraZeneca, Pfizer/BioNTech, Čína",5901557,5579627,10,0,11481184
2021-08-24,"Johnson&Johnson, Moderna, Oxford/AstraZeneca, Pfizer/BioNTech",5911421,5612863,10,0,11524284
2021-08-25,"Indie/AstraZeneca, Johnson&Johnson, Moderna, Oxford/AstraZeneca, Pfizer/BioNTech, Čína",5920261,5641262,11,0,11561523
2021-08-26,"Indie/AstraZeneca, Johnson&Johnson, Moderna, Oxford/AstraZeneca, Pfizer/BioNTech",5928707,5667441,13,0,11596148
2021-08-27,"Indie/AstraZeneca, Johnson&Johnson, Moderna, Oxford/AstraZeneca, Pfizer/BioNTech, Čína",5939014,5693456,14,0,11632470
2021-08-28,"Indie, Johnson&Johnson, Moderna, Oxford/AstraZeneca, Pfizer/BioNTech, Čína",5941764,5700560,14,0,11642324
2021-08-29,"Indie, Johnson&Johnson, Moderna, Oxford/AstraZeneca, Pfizer/BioNTech, Čína",5944175,5707193,14,0,11651368
2021-08-30,"Indie, Johnson&Johnson, Moderna, Oxford/AstraZeneca, Pfizer/BioNTech",5952691,5729094,14,0,11681785
2021-08-31,"Indie/AstraZeneca, Johnson&Johnson, Moderna, Oxford/AstraZeneca, Pfizer/BioNTech, Čína",5960366,5747228,14,0,11707594
2021-09-01,"Johnson&Johnson, Moderna, Oxford/AstraZeneca, Pfizer/BioNTech, Čína",5966302,5761258,15,0,11727560
2021-09-02,"Indie/AstraZeneca, Johnson&Johnson, Moderna, Oxford/AstraZeneca, Pfizer/BioNTech, Čína",5973126,5775655,15,0,11748781
2021-09-03,"Johnson&Johnson, Moderna, Oxford/AstraZeneca, Pfizer/BioNTech, Čína",5982664,5791396,15,0,11774060
2021-09-04,"Indie/AstraZeneca, Johnson&Johnson, Moderna, Oxford/AstraZeneca, Pfizer/BioNTech",5984746,5794980,15,0,11779726
2021-09-05,"Johnson&Johnson, Moderna, Oxford/AstraZeneca, Pfizer/BioNTech, Čína",5986792,5797833,15,0,11784625
2021-09-06,"Indie, Indie/AstraZeneca, Johnson&Johnson, Moderna, Oxford/AstraZeneca, Pfizer/BioNTech, Čína",5993026,5810393,15,0,11803419
2021-09-07,"Indie/AstraZeneca, Johnson&Johnson, Moderna, Oxford/AstraZeneca, Pfizer/BioNTech, Čína",5997410,5821501,16,0,11818911
2021-09-08,"Johnson&Johnson, Moderna, Oxford/AstraZeneca, Pfizer/BioNTech, Čína",6003086,5831376,19,0,11834462
2021-09-09,"Indie/AstraZeneca, Johnson&Johnson, Moderna, Oxford/AstraZeneca, Pfizer/BioNTech, Čína",6009771,5841460,21,0,11851231
2021-09-10,"Indie/AstraZeneca, Johnson&Johnson, Moderna, Oxford/AstraZeneca, Pfizer/BioNTech, Čína",6017467,5853666,22,0,11871133
2021-09-11,"Indie/AstraZeneca, Johnson&Johnson, Moderna, Oxford/AstraZeneca, Pfizer/BioNTech, Čína",6019345,5856182,22,0,11875527
2021-09-12,"Indie/AstraZeneca, Johnson&Johnson, Moderna, Oxford/AstraZeneca, Pfizer/BioNTech",6020465,5857825,23,0,11878290
2021-09-13,"Johnson&Johnson, Moderna, Oxford/AstraZeneca, Pfizer/BioNTech, Čína",6025898,5868133,23,0,11894031
2021-09-14,"Indie/AstraZeneca, Johnson&Johnson, Moderna, Oxford/AstraZeneca, Pfizer/BioNTech, Čína",6031299,5877156,23,0,11908455
2021-09-15,"Indie/AstraZeneca, Johnson&Johnson, Moderna, Oxford/AstraZeneca, Pfizer/BioNTech",6036524,5885699,29,0,11922223
2021-09-16,"Johnson&Johnson, Moderna, Oxford/AstraZeneca, Pfizer/BioNTech, Čína",6041883,5893976,29,0,11935859
2021-09-17,"Indie/AstraZeneca, Johnson&Johnson, Moderna, Oxford/AstraZeneca, Pfizer/BioNTech, Čína",6048446,5904212,32,0,11952658
2021-09-18,"Indie/AstraZeneca, Johnson&Johnson, Moderna, Oxford/AstraZeneca, Pfizer/BioNTech, Čína",6050179,5906581,34,0,11956760
2021-09-19,"Johnson&Johnson, Moderna, Oxford/AstraZeneca, Pfizer/BioNTech",6051132,5908154,36,0,11959286
2021-09-20,"Indie/AstraZeneca, Johnson&Johnson, Moderna, Oxford/AstraZeneca, Pfizer/BioNTech",6055155,5916364,463,0,11971519
2021-09-21,"Johnson&Johnson, Moderna, Oxford/AstraZeneca, Pfizer/BioNTech",6059386,5923899,916,0,11983285
2021-09-22,"Johnson&Johnson, Moderna, Oxford/AstraZeneca, Pfizer/BioNTech, Čína",6063566,5929428,1370,0,11992994
2021-09-23,"Johnson&Johnson, Moderna, Oxford/AstraZeneca, Pfizer/BioNTech, Čína",6068512,5935840,2380,0,12004352
2021-09-24,"Indie/AstraZeneca, Johnson&Johnson, Moderna, Oxford/AstraZeneca, Pfizer/BioNTech",6074254,5945454,2872,0,12019708
2021-09-25,"Indie, Indie/AstraZeneca, Johnson&Johnson, Moderna, Oxford/AstraZeneca, Pfizer/BioNTech, Čína",6075758,5947456,2948,0,12023214
2021-09-26,"Johnson&Johnson, Moderna, Oxford/AstraZeneca, Pfizer/BioNTech, Čína",6076509,5949100,3018,0,12025609
2021-09-27,"Indie, Indie/AstraZeneca, Johnson&Johnson, Moderna, Oxford/AstraZeneca, Pfizer/BioNTech, Čína",6080401,5955636,3762,0,12036037
2021-09-28,"Indie, Johnson&Johnson, Moderna, Oxford/AstraZeneca, Pfizer/BioNTech, Čína",6080794,5956286,3824,0,12037080
2021-09-29,"Indie/AstraZeneca, Johnson&Johnson, Moderna, Oxford/AstraZeneca, Pfizer/BioNTech, Čína",6084562,5963748,4831,0,12048310
2021-09-30,"Johnson&Johnson, Moderna, Oxford/AstraZeneca, Pfizer/BioNTech",6089082,5971465,5988,0,12060547
2021-10-01,"Indie/AstraZeneca, Johnson&Johnson, Moderna, Oxford/AstraZeneca, Pfizer/BioNTech, Čína",6093397,5979458,7850,0,12072855
2021-10-02,"Johnson&Johnson, Moderna, Oxford/AstraZeneca, Pfizer/BioNTech, Čína",6094470,5981015,7956,0,12075485
2021-10-03,"Johnson&Johnson, Moderna, Oxford/AstraZeneca, Pfizer/BioNTech",6095198,5981892,8042,0,12077090
2021-10-04,"Johnson&Johnson, Moderna, Oxford/AstraZeneca, Pfizer/BioNTech, Čína",6098284,5987479,9769,0,12085763
2021-10-05,"Johnson&Johnson, Moderna, Oxford/AstraZeneca, Pfizer/BioNTech, Sputnik, Čína",6101454,5992577,11896,0,12094031
2021-10-06,"Johnson&Johnson, Moderna, Oxford/AstraZeneca, Pfizer/BioNTech, Čína",6104978,5997759,14501,0,12102737
2021-10-07,"Johnson&Johnson, Moderna, Oxford/AstraZeneca, Pfizer/BioNTech",6108267,6003023,16899,0,12111290
2021-10-08,"Johnson&Johnson, Moderna, Oxford/AstraZeneca, Pfizer/BioNTech, Čína",6113065,6009674,20815,0,12122739
2021-10-09,"Indie/AstraZeneca, Johnson&Johnson, Moderna, Oxford/AstraZeneca, Pfizer/BioNTech",6114311,6011351,21278,0,12125662
2021-10-10,"Johnson&Johnson, Moderna, Oxford/AstraZeneca, Pfizer/BioNTech",6115267,6012195,21519,0,12127462
2021-10-11,"Indie/AstraZeneca, Johnson&Johnson, Moderna, Oxford/AstraZeneca, Pfizer/BioNTech, Čína",6118197,6016631,24173,0,12134828
2021-10-12,"Johnson&Johnson, Moderna, Oxford/AstraZeneca, Pfizer/BioNTech, Čína",6121142,6020632,27608,0,12141774
2021-10-13,"Johnson&Johnson, Moderna, Oxford/AstraZeneca, Pfizer/BioNTech, Čína",6124684,6024835,31964,0,12149519
2021-10-14,"Johnson&Johnson, Moderna, Oxford/AstraZeneca, Pfizer/BioNTech",6128357,6029779,36716,0,12158136
2021-10-15,"Indie, Johnson&Johnson, Moderna, Oxford/AstraZeneca, Pfizer/BioNTech, Čína",6133591,6035926,41799,0,12169517
2021-10-16,"Indie, Johnson&Johnson, Moderna, Oxford/AstraZeneca, Pfizer/BioNTech, Čína",6135013,6037465,42880,0,12172478
2021-10-17,"Johnson&Johnson, Moderna, Oxford/AstraZeneca, Pfizer/BioNTech, Čína",6136345,6038522,43438,0,12174867
2021-10-18,"Indie, Johnson&Johnson, Moderna, Oxford/AstraZeneca, Pfizer/BioNTech, Čína",6140471,6042641,50585,0,12183112
2021-10-19,"Johnson&Johnson, Moderna, Oxford/AstraZeneca, Pfizer/BioNTech",6144064,6044756,61502,0,12188820
2021-10-20,"Indie/AstraZeneca, Johnson&Johnson, Moderna, Oxford/AstraZeneca, Pfizer/BioNTech, Čína",6148964,6049220,76460,0,12198184
2021-10-21,"Johnson&Johnson, Moderna, Oxford/AstraZeneca, Pfizer/BioNTech, Čína",6156731,6054823,93979,0,12211554
2021-10-22,"Indie/AstraZeneca, Johnson&Johnson, Moderna, Oxford/AstraZeneca, Pfizer/BioNTech",6167186,6061310,112751,0,12228496
2021-10-23,"Indie/AstraZeneca, Johnson&Johnson, Moderna, Oxford/AstraZeneca, Pfizer/BioNTech, Čína",6170867,6063522,116411,0,12234389
2021-10-24,"Indie/AstraZeneca, Johnson&Johnson, Moderna, Oxford/AstraZeneca, Pfizer/BioNTech",6173554,6065305,118905,0,12238859
2021-10-25,"Indie/AstraZeneca, Johnson&Johnson, Moderna, Oxford/AstraZeneca, Pfizer/BioNTech, Čína",6184058,6071129,138705,0,12255187
2021-10-26,"Johnson&Johnson, Moderna, Oxford/AstraZeneca, Pfizer/BioNTech, Čína",6196046,6077667,161164,0,12273713
2021-10-27,"Johnson&Johnson, Moderna, Oxford/AstraZeneca, Pfizer/BioNTech, Čína",6210626,6085058,187506,0,12295684
2021-10-28,"Johnson&Johnson, Moderna, Oxford/AstraZeneca, Pfizer/BioNTech, Čína",6214075,6086764,191753,0,12300839
2021-10-29,"Indie, Johnson&Johnson, Moderna, Oxford/AstraZeneca, Pfizer/BioNTech, Čína",6228494,6094745,210755,0,12323239
2021-10-30,"Johnson&Johnson, Moderna, Oxford/AstraZeneca, Pfizer/BioNTech",6233027,6097664,214596,0,12330691
2021-10-31,"Johnson&Johnson, Moderna, Oxford/AstraZeneca, Pfizer/BioNTech",6236791,6100138,218289,0,12336929
2021-11-01,"Johnson&Johnson, Moderna, Oxford/AstraZeneca, Pfizer/BioNTech",6251986,6107815,240125,0,12359801
2021-11-02,"Johnson&Johnson, Moderna, Oxford/AstraZeneca, Pfizer/BioNTech, Čína",6267407,6115355,265542,0,12382762
2021-11-03,"Indie/AstraZeneca, Johnson&Johnson, Moderna, Oxford/AstraZeneca, Pfizer/BioNTech, Sputnik, Čína",6284564,6122632,295724,0,12407196
2021-11-04,"Johnson&Johnson, Moderna, Oxford/AstraZeneca, Pfizer/BioNTech, Čína",6302887,6130799,326773,0,12433686
2021-11-05,"Indie, Johnson&Johnson, Moderna, Oxford/AstraZeneca, Pfizer/BioNTech",6325658,6142072,357600,0,12467730
2021-11-06,"Indie/AstraZeneca, Johnson&Johnson, Moderna, Oxford/AstraZeneca, Pfizer/BioNTech, Čína",6332175,6145139,364399,0,12477314
2021-11-07,"Johnson&Johnson, Moderna, Oxford/AstraZeneca, Pfizer/BioNTech",6336201,6147578,369040,0,12483779
2021-11-08,"Johnson&Johnson, Moderna, Oxford/AstraZeneca, Pfizer/BioNTech, Čína",6352455,6155205,394171,0,12507660
2021-11-09,"Johnson&Johnson, Moderna, Oxford/AstraZeneca, Pfizer/BioNTech",6367251,6162504,422212,0,12529755
2021-11-10,"Johnson&Johnson, Moderna, Oxford/AstraZeneca, Pfizer/BioNTech, Čína",6382969,6169880,450851,0,12552849
2021-11-11,"Johnson&Johnson, Moderna, Oxford/AstraZeneca, Pfizer/BioNTech, Čína",6398436,6178988,478398,0,12577424
2021-11-12,"Johnson&Johnson, Moderna, Oxford/AstraZeneca, Pfizer/BioNTech",6418211,6191775,505807,0,12609986
2021-11-13,"Johnson&Johnson, Moderna, Oxford/AstraZeneca, Pfizer/BioNTech",6423606,6195664,511548,0,12619270
2021-11-14,"Johnson&Johnson, Moderna, Oxford/AstraZeneca, Pfizer/BioNTech, Čína",6427511,6198679,515196,0,12626190
2021-11-15,"Johnson&Johnson, Moderna, Oxford/AstraZeneca, Pfizer/BioNTech, Čína",6442581,6209379,537635,0,12651960
2021-11-16,"Johnson&Johnson, Moderna, Oxford/AstraZeneca, Pfizer/BioNTech, Čína",6460086,6221363,564536,0,12681449
2021-11-17,"Johnson&Johnson, Moderna, Oxford/AstraZeneca, Pfizer/BioNTech, Čína",6464344,6224949,569048,0,12689293
2021-11-18,"Johnson&Johnson, Moderna, Oxford/AstraZeneca, Pfizer/BioNTech, Čína",6483738,6236636,594622,0,12720374
2021-11-19,"Indie, Johnson&Johnson, Moderna, Oxford/AstraZeneca, Pfizer/BioNTech",6508334,6253607,619950,0,12761941
2021-11-20,"Indie/AstraZeneca, Johnson&Johnson, Moderna, Oxford/AstraZeneca, Pfizer/BioNTech",6516902,6258597,625533,0,12775499
2021-11-21,"Johnson&Johnson, Moderna, Oxford/AstraZeneca, Pfizer/BioNTech",6523657,6262376,628519,0,12786033
2021-11-22,"Johnson&Johnson, Moderna, Oxford/AstraZeneca, Pfizer/BioNTech, Čína",6542147,6276495,650994,0,12818642
2021-11-23,"Johnson&Johnson, Moderna, Oxford/AstraZeneca, Pfizer/BioNTech, Čína",6561179,6289752,679507,0,12850931
2021-11-24,"Johnson&Johnson, Moderna, Oxford/AstraZeneca, Pfizer/BioNTech, Čína",6580175,6305599,708441,0,12885774
2021-11-25,"Johnson&Johnson, Moderna, Oxford/AstraZeneca, Pfizer/BioNTech, Čína",6599295,6320631,741743,0,12919926
2021-11-26,"Indie, Johnson&Johnson, Moderna, Oxford/AstraZeneca, Pfizer/BioNTech, Pfizer/BioNTech Kids",6620940,6339770,776362,0,12960710
2021-11-27,"Johnson&Johnson, Moderna, Oxford/AstraZeneca, Pfizer/BioNTech, Pfizer/BioNTech Kids",6628403,6345332,784299,0,12973735
2021-11-28,"Johnson&Johnson, Moderna, Oxford/AstraZeneca, Pfizer/BioNTech",6631733,6348476,791288,0,12980209
2021-11-29,"Johnson&Johnson, Moderna, Oxford/AstraZeneca, Pfizer/BioNTech, Pfizer/BioNTech Kids, Čína",6646938,6362137,830152,0,13009075
2021-11-30,"Johnson&Johnson, Moderna, Oxford/AstraZeneca, Pfizer/BioNTech, Pfizer/BioNTech Kids",6660133,6373364,881250,0,13033497
2021-12-01,"Johnson&Johnson, Moderna, Oxford/AstraZeneca, Pfizer/BioNTech, Pfizer/BioNTech Kids, Čína",6674177,6385824,945147,0,13060001
2021-12-02,"Johnson&Johnson, Moderna, Oxford/AstraZeneca, Pfizer/BioNTech, Pfizer/BioNTech Kids, Čína",6684819,6398327,1017969,0,13083146
2021-12-03,"Indie/AstraZeneca, Johnson&Johnson, Moderna, Oxford/AstraZeneca, Pfizer/BioNTech, Čína",6694451,6413918,1093539,0,13108369
2021-12-04,"Indie/AstraZeneca, Johnson&Johnson, Moderna, Pfizer/BioNTech, Pfizer/BioNTech Kids",6697012,6417882,1119997,0,13114894
2021-12-05,"Johnson&Johnson, Moderna, Oxford/AstraZeneca, Pfizer/BioNTech, Pfizer/BioNTech Kids",6698376,6420229,1139037,0,13118605
2021-12-06,"Johnson&Johnson, Moderna, Oxford/AstraZeneca, Pfizer/BioNTech, Pfizer/BioNTech Kids, Sputnik, Čína",6706522,6431766,1205656,0,13138288
2021-12-07,"Johnson&Johnson, Moderna, Oxford/AstraZeneca, Pfizer/BioNTech, Pfizer/BioNTech Kids",6714400,6443776,1283382,0,13158176
2021-12-08,"Johnson&Johnson, Moderna, Oxford/AstraZeneca, Pfizer/BioNTech, Pfizer/BioNTech Kids, Čína",6722644,6449710,1364944,0,13172354
2021-12-09,"Johnson&Johnson, Moderna, Oxford/AstraZeneca, Pfizer/BioNTech, Pfizer/BioNTech Kids",6729764,6462539,1445599,0,13192303
2021-12-10,"Johnson&Johnson, Moderna, Oxford/AstraZeneca, Pfizer/BioNTech, Pfizer/BioNTech Kids, Čína",6736684,6480353,1521782,0,13217037
2021-12-11,"Johnson&Johnson, Moderna, Oxford/AstraZeneca, Pfizer/BioNTech, Pfizer/BioNTech Kids",6738337,6485621,1547778,0,13223958
2021-12-12,"Johnson&Johnson, Moderna, Oxford/AstraZeneca, Pfizer/BioNTech, Pfizer/BioNTech Kids",6739645,6490065,1563800,0,13229710
2021-12-13,"Johnson&Johnson, Moderna, Oxford/AstraZeneca, Pfizer/BioNTech, Pfizer/BioNTech Kids",6746003,6503382,1624216,0,13249385
2021-12-14,"Johnson&Johnson, Moderna, Oxford/AstraZeneca, Pfizer/BioNTech, Pfizer/BioNTech Kids",6752211,6517048,1697331,0,13269259
2021-12-15,"Johnson&Johnson, Moderna, Oxford/AstraZeneca, Pfizer/BioNTech, Pfizer/BioNTech Kids, Čína",6758412,6530653,1770784,0,13289065
2021-12-16,"Indie/Bahrat Biotech, Johnson&Johnson, Moderna, Oxford/AstraZeneca, Pfizer/BioNTech, Pfizer/BioNTech Kids, Čína",6765345,6545489,1845327,0,13310834
2021-12-17,"Indie, Johnson&Johnson, Moderna, Oxford/AstraZeneca, Pfizer/BioNTech, Pfizer/BioNTech Kids",6773703,6562769,1919203,0,13336472
2021-12-18,"Johnson&Johnson, Moderna, Oxford/AstraZeneca, Pfizer/BioNTech, Pfizer/BioNTech Kids",6776313,6568225,1944814,0,13344538
2021-12-19,"Johnson&Johnson, Moderna, Pfizer/BioNTech, Pfizer/BioNTech Kids",6778087,6570733,1962938,0,13348820
2021-12-20,"Johnson&Johnson, Moderna, Oxford/AstraZeneca, Pfizer/BioNTech, Pfizer/BioNTech Kids, Čína",6783940,6584801,2028033,0,13368741
2021-12-21,"Johnson&Johnson, Moderna, Oxford/AstraZeneca, Pfizer/BioNTech, Pfizer/BioNTech Kids, Čína",6790600,6596819,2097238,0,13387419
2021-12-22,"Indie/AstraZeneca, Johnson&Johnson, Moderna, Oxford/AstraZeneca, Pfizer/BioNTech, Pfizer/BioNTech Kids",6795640,6609872,2154987,0,13405512
2021-12-23,"Johnson&Johnson, Moderna, Oxford/AstraZeneca, Pfizer/BioNTech, Pfizer/BioNTech Kids",6798511,6615489,2182507,0,13414000
2021-12-24,"Johnson&Johnson, Moderna, Oxford/AstraZeneca, Pfizer/BioNTech",6798559,6615601,2182936,0,13414160
2021-12-25,"Moderna, Pfizer/BioNTech, Pfizer/BioNTech Kids",6798562,6615619,2182960,0,13414181
2021-12-26,"Moderna, Pfizer/BioNTech, Pfizer/BioNTech Kids",6798665,6615823,2183953,0,13414488
2021-12-27,"Johnson&Johnson, Moderna, Pfizer/BioNTech, Pfizer/BioNTech Kids",6802527,6625576,2233471,0,13428103
2021-12-28,"Johnson&Johnson, Moderna, Oxford/AstraZeneca, Pfizer/BioNTech, Pfizer/BioNTech Kids",6807761,6633576,2291902,0,13441337
2021-12-29,"Johnson&Johnson, Moderna, Oxford/AstraZeneca, Pfizer/BioNTech, Pfizer/BioNTech Kids, Čína",6812035,6641304,2348487,0,13453339
2021-12-30,"Johnson&Johnson, Moderna, Pfizer/BioNTech, Pfizer/BioNTech Kids",6816333,6646744,2392125,0,13463077
2021-12-31,"Johnson&Johnson, Moderna, Pfizer/BioNTech, Pfizer/BioNTech Kids",6816841,6648174,2401168,0,13465015
2022-01-01,"Johnson&Johnson, Moderna, Pfizer/BioNTech, Pfizer/BioNTech Kids",6816850,6648193,2401205,0,13465043
2022-01-02,"Johnson&Johnson, Moderna, Oxford/AstraZeneca, Pfizer/BioNTech, Pfizer/BioNTech Kids",6817705,6649573,2414268,0,13467278
2022-01-03,"Johnson&Johnson, Moderna, Oxford/AstraZeneca, Pfizer/BioNTech, Pfizer/BioNTech Kids",6821841,6658483,2473420,0,13480324
2022-01-04,"Indie, Johnson&Johnson, Moderna, Oxford/AstraZeneca, Pfizer/BioNTech, Pfizer/BioNTech Kids",6826924,6666247,2549927,0,13493171
2022-01-05,"Johnson&Johnson, Moderna, Oxford/AstraZeneca, Pfizer/BioNTech, Pfizer/BioNTech Kids, Čína",6832746,6674224,2630637,0,13506970
2022-01-06,"Johnson&Johnson, Moderna, Oxford/AstraZeneca, Pfizer/BioNTech, Pfizer/BioNTech Kids",6839334,6682627,2717550,0,13521961
2022-01-07,"Johnson&Johnson, Moderna, Oxford/AstraZeneca, Pfizer/BioNTech, Pfizer/BioNTech Kids",6847219,6692982,2811335,0,13540201
2022-01-08,"Johnson&Johnson, Moderna, Oxford/AstraZeneca, Pfizer/BioNTech, Pfizer/BioNTech Kids",6849695,6695764,2840585,0,13545459
2022-01-09,"Indie/AstraZeneca, Johnson&Johnson, Moderna, Pfizer/BioNTech, Pfizer/BioNTech Kids",6850778,6697464,2857855,0,13548242
2022-01-10,"Johnson&Johnson, Moderna, Oxford/AstraZeneca, Pfizer/BioNTech, Pfizer/BioNTech Kids",6855283,6703660,2926724,0,13558943
2022-01-11,"Johnson&Johnson, Moderna, Oxford/AstraZeneca, Pfizer/BioNTech, Pfizer/BioNTech Kids",6860735,6710421,3002539,0,13571156
2022-01-12,"Johnson&Johnson, Moderna, Oxford/AstraZeneca, Pfizer/BioNTech, Pfizer/BioNTech Kids",6866698,6716069,3078148,0,13582767
2022-01-13,"Johnson&Johnson, Moderna, Oxford/AstraZeneca, Pfizer/BioNTech, Pfizer/BioNTech Kids",6872583,6720844,3152939,0,13593427
2022-01-14,"Johnson&Johnson, Moderna, Oxford/AstraZeneca, Pfizer/BioNTech, Pfizer/BioNTech Kids, Čína",6878874,6724472,3235890,0,13603346
2022-01-15,"Johnson&Johnson, Moderna, Oxford/AstraZeneca, Pfizer/BioNTech, Pfizer/BioNTech Kids, Sputnik",6880152,6725134,3258545,0,13605286
2022-01-16,"Johnson&Johnson, Moderna, Oxford/AstraZeneca, Pfizer/BioNTech, Pfizer/BioNTech Kids",6880840,6725572,3270334,0,13606412
2022-01-17,"Johnson&Johnson, Moderna, Oxford/AstraZeneca, Pfizer/BioNTech, Pfizer/BioNTech Kids",6884390,6729529,3316852,0,13613919
2022-01-18,"Johnson&Johnson, Moderna, Oxford/AstraZeneca, Pfizer/BioNTech, Pfizer/BioNTech Kids",6888242,6734487,3365832,0,13622729
2022-01-19,"Johnson&Johnson, Moderna, Oxford/AstraZeneca, Pfizer/BioNTech, Pfizer/BioNTech Kids, Čína",6892310,6738423,3410435,0,13630733
2022-01-20,"Johnson&Johnson, Moderna, Oxford/AstraZeneca, Pfizer/BioNTech, Pfizer/BioNTech Kids",6895904,6742883,3457251,0,13638787
2022-01-21,"Johnson&Johnson, Moderna, Oxford/AstraZeneca, Pfizer/BioNTech, Pfizer/BioNTech Kids, Čína",6899905,6745416,3512687,0,13645321
2022-01-22,"Johnson&Johnson, Moderna, Pfizer/BioNTech, Pfizer/BioNTech Kids, Čína",6900686,6745859,3522480,0,13646545
2022-01-23,"Johnson&Johnson, Moderna, Pfizer/BioNTech, Pfizer/BioNTech Kids, Sputnik",6901251,6746494,3527846,0,13647745
2022-01-24,"Johnson&Johnson, Moderna, Oxford/AstraZeneca, Pfizer/BioNTech, Pfizer/BioNTech Kids",6903524,6749933,3560272,0,13653457
2022-01-25,"Johnson&Johnson, Moderna, Oxford/AstraZeneca, Pfizer/BioNTech, Pfizer/BioNTech Kids",6905883,6753929,3591325,0,13659812
2022-01-26,"Johnson&Johnson, Moderna, Oxford/AstraZeneca, Pfizer/BioNTech, Pfizer/BioNTech Kids",6908265,6758500,3623985,0,13666765
2022-01-27,"Johnson&Johnson, Moderna, Oxford/AstraZeneca, Pfizer/BioNTech, Pfizer/BioNTech Kids",6910593,6763314,3656722,0,13673907
2022-01-28,"Johnson&Johnson, Moderna, Oxford/AstraZeneca, Pfizer/BioNTech, Pfizer/BioNTech Kids",6913510,6769481,3704246,0,13682991
2022-01-29,"Johnson&Johnson, Moderna, Oxford/AstraZeneca, Pfizer/BioNTech, Pfizer/BioNTech Kids, Čína",6914113,6771133,3714094,0,13685246
2022-01-30,"Johnson&Johnson, Moderna, Pfizer/BioNTech, Pfizer/BioNTech Kids",6914342,6771917,3717940,0,13686259
2022-01-31,"Johnson&Johnson, Moderna, Pfizer/BioNTech, Pfizer/BioNTech Kids",6915880,6775851,3742750,0,13691731
2022-02-01,"Johnson&Johnson, Moderna, Pfizer/BioNTech, Pfizer/BioNTech Kids",6917472,6779886,3763256,0,13697358
2022-02-02,"Johnson&Johnson, Moderna, Oxford/AstraZeneca, Pfizer/BioNTech, Pfizer/BioNTech Kids",6919040,6784406,3783469,0,13703446
2022-02-03,"Johnson&Johnson, Moderna, Pfizer/BioNTech, Pfizer/BioNTech Kids",6920415,6788892,3804103,0,13709307
2022-02-04,"Johnson&Johnson, Moderna, Oxford/AstraZeneca, Pfizer/BioNTech, Pfizer/BioNTech Kids",6922018,6794006,3833830,0,13716024
2022-02-05,"Johnson&Johnson, Moderna, Pfizer/BioNTech, Pfizer/BioNTech Kids",6922192,6794619,3838735,0,13716811
2022-02-06,"Johnson&Johnson, Moderna, Pfizer/BioNTech, Pfizer/BioNTech Kids",6922285,6794939,3840620,0,13717224
2022-02-07,"Indie/AstraZeneca, Johnson&Johnson, Moderna, Pfizer/BioNTech, Pfizer/BioNTech Kids",6922990,6798151,3853186,0,13721141
2022-02-08,"Johnson&Johnson, Moderna, Pfizer/BioNTech, Pfizer/BioNTech Kids",6923785,6801345,3865280,0,13725130
2022-02-09,"Johnson&Johnson, Moderna, Oxford/AstraZeneca, Pfizer/BioNTech, Pfizer/BioNTech Kids",6924603,6804718,3877237,0,13729321
2022-02-10,"Johnson&Johnson, Moderna, Pfizer/BioNTech, Pfizer/BioNTech Kids",6925416,6807853,3889360,0,13733269
2022-02-11,"Johnson&Johnson, Moderna, Pfizer/BioNTech, Pfizer/BioNTech Kids",6926371,6811773,3908271,0,13738144
2022-02-12,"Johnson&Johnson, Moderna, Pfizer/BioNTech, Pfizer/BioNTech Kids",6926485,6812197,3910635,0,13738682
2022-02-13,"Johnson&Johnson, Moderna, Pfizer/BioNTech, Pfizer/BioNTech Kids",6926523,6812636,3912067,0,13739159
2022-02-14,"Indie, Johnson&Johnson, Moderna, Pfizer/BioNTech, Pfizer/BioNTech Kids",6926984,6814754,3920145,0,13741738
2022-02-15,"Johnson&Johnson, Moderna, Oxford/AstraZeneca, Pfizer/BioNTech, Pfizer/BioNTech Kids",6927536,6816963,3927507,0,13744499
2022-02-16,"Johnson&Johnson, Moderna, Pfizer/BioNTech, Pfizer/BioNTech Kids",6928132,6819066,3935488,0,13747198
2022-02-17,"Johnson&Johnson, Moderna, Pfizer/BioNTech, Pfizer/BioNTech Kids",6928730,6821411,3943839,0,13750141
2022-02-18,"Johnson&Johnson, Moderna, Oxford/AstraZeneca, Pfizer/BioNTech, Pfizer/BioNTech Kids",6929373,6824467,3957630,0,13753840
2022-02-19,"Johnson&Johnson, Moderna, Pfizer/BioNTech, Pfizer/BioNTech Kids",6929453,6824751,3959585,0,13754204
2022-02-20,"Johnson&Johnson, Moderna, Oxford/AstraZeneca, Pfizer/BioNTech, Pfizer/BioNTech Kids",6929494,6824901,3960327,0,13754395
2022-02-21,"Johnson&Johnson, Moderna, Oxford/AstraZeneca, Pfizer/BioNTech, Pfizer/BioNTech Kids",6929860,6826603,3966220,0,13756463
2022-02-22,"Johnson&Johnson, Moderna, Oxford/AstraZeneca, Pfizer/BioNTech, Pfizer/BioNTech Kids, Čína",6930254,6828304,3971809,0,13758558
2022-02-23,"Johnson&Johnson, Moderna, Pfizer/BioNTech, Pfizer/BioNTech Kids",6930713,6829949,3977582,0,13760662
2022-02-24,"Johnson&Johnson, Moderna, Pfizer/BioNTech, Pfizer/BioNTech Kids, Sputnik",6931122,6831581,3983664,0,13762703
2022-02-25,"Johnson&Johnson, Moderna, Pfizer/BioNTech, Pfizer/BioNTech Kids, Čína",6931703,6833669,3994780,0,13765372
2022-02-26,"Johnson&Johnson, Moderna, Pfizer/BioNTech, Pfizer/BioNTech Kids",6931763,6833830,3996419,0,13765593
2022-02-27,"Johnson&Johnson, Moderna, Pfizer/BioNTech, Pfizer/BioNTech Kids",6931794,6833907,3997038,0,13765701
2022-02-28,"Johnson&Johnson, Moderna, Pfizer/BioNTech, Pfizer/BioNTech Kids",6932041,6834886,4001751,0,13766927
2022-03-01,"Johnson&Johnson, Moderna, Pfizer/BioNTech, Pfizer/BioNTech Kids",6932346,6835673,4004720,0,13768019
2022-03-02,"Indie, Johnson&Johnson, Moderna, Pfizer/BioNTech, Pfizer/BioNTech Kids",6932718,6836582,4008509,0,13769300
2022-03-03,"Indie, Johnson&Johnson, Moderna, Pfizer/BioNTech, Pfizer/BioNTech Kids",6933054,6837527,4012200,0,13770581
2022-03-04,"Indie, Johnson&Johnson, Moderna, Pfizer/BioNTech, Pfizer/BioNTech Kids",6933686,6838744,4019415,0,13772430
2022-03-05,"Indie, Johnson&Johnson, Moderna, Pfizer/BioNTech, Pfizer/BioNTech Kids",6933766,6838837,4020034,0,13772603
2022-03-06,"Indie, Moderna, Oxford/AstraZeneca, Pfizer/BioNTech, Pfizer/BioNTech Kids",6933779,6838855,4020231,0,13772634
2022-03-07,"Indie, Johnson&Johnson, Moderna, Pfizer/BioNTech, Pfizer/BioNTech Kids",6934112,6839413,4022965,0,13773525
2022-03-08,"Indie, Johnson&Johnson, Moderna, Oxford/AstraZeneca, Pfizer/BioNTech, Pfizer/BioNTech Kids, Čína",6934447,6839957,4025492,0,13774404
2022-03-09,"Indie, Johnson&Johnson, Moderna, Pfizer/BioNTech, Pfizer/BioNTech Kids",6934835,6840554,4028776,0,13775389
2022-03-10,"Indie, Johnson&Johnson, Moderna, Pfizer/BioNTech, Pfizer/BioNTech Kids",6935246,6841232,4031872,0,13776478
2022-03-11,"Indie, Johnson&Johnson, Moderna, Pfizer/BioNTech, Pfizer/BioNTech Kids, Čína",6935997,6842143,4038208,0,13778140
2022-03-12,"Indie, Johnson&Johnson, Moderna, Pfizer/BioNTech, Pfizer/BioNTech Kids",6936070,6842247,4039103,0,13778317
2022-03-13,"Indie, Johnson&Johnson, Moderna, Pfizer/BioNTech, Pfizer/BioNTech Kids",6936084,6842270,4039290,0,13778354
2022-03-14,"Indie, Johnson&Johnson, Moderna, Pfizer/BioNTech, Pfizer/BioNTech Kids",6936350,6842656,4042049,0,13779006
2022-03-15,"Indie, Johnson&Johnson, Moderna, Pfizer/BioNTech, Pfizer/BioNTech Kids",6936637,6843093,4044670,0,13779730
2022-03-16,"Indie, Johnson&Johnson, Moderna, Oxford/AstraZeneca, Pfizer/BioNTech, Pfizer/BioNTech Kids",6936958,6843638,4047582,0,13780596
2022-03-17,"Indie, Johnson&Johnson, Moderna, Oxford/AstraZeneca, Pfizer/BioNTech, Pfizer/BioNTech Kids",6937253,6844070,4050670,0,13781323
2022-03-18,"Indie, Johnson&Johnson, Moderna, Pfizer/BioNTech, Pfizer/BioNTech Kids",6937950,6844866,4057381,0,13782816
2022-03-19,"Indie, Moderna, Pfizer/BioNTech, Pfizer/BioNTech Kids",6938007,6844910,4057828,0,13782917
2022-03-20,"Indie, Moderna, Pfizer/BioNTech, Pfizer/BioNTech Kids",6938025,6844923,4058008,0,13782948
2022-03-21,"Indie, Johnson&Johnson, Moderna, Pfizer/BioNTech, Pfizer/BioNTech Kids",6938213,6845250,4060468,0,13783463
2022-03-22,"Indie, Johnson&Johnson, Moderna, Pfizer/BioNTech, Pfizer/BioNTech Kids",6938458,6845651,4062718,0,13784109
2022-03-23,"Indie, Johnson&Johnson, Moderna, Pfizer/BioNTech, Pfizer/BioNTech Kids",6938795,6846091,4065545,0,13784886
2022-03-24,"Indie, Johnson&Johnson, Moderna, Pfizer/BioNTech, Pfizer/BioNTech Kids",6939107,6846564,4068697,0,13785671
2022-03-25,"Indie, Johnson&Johnson, Moderna, Pfizer/BioNTech, Pfizer/BioNTech Kids",6939603,6847377,4075273,0,13786980
2022-03-26,"Indie, Johnson&Johnson, Moderna, Pfizer/BioNTech, Pfizer/BioNTech Kids",6939656,6847456,4075666,0,13787112
2022-03-27,"Indie, Moderna, Pfizer/BioNTech, Pfizer/BioNTech Kids",6939672,6847473,4075781,0,13787145
2022-03-28,"Indie, Johnson&Johnson, Moderna, Pfizer/BioNTech, Pfizer/BioNTech Kids",6939827,6847853,4078109,0,13787680
2022-03-29,"Indie, Johnson&Johnson, Moderna, Pfizer/BioNTech, Pfizer/BioNTech Kids",6940090,6848259,4080404,0,13788349
2022-03-30,"Indie, Johnson&Johnson, Moderna, Pfizer/BioNTech, Pfizer/BioNTech Kids",6940393,6848749,4083224,0,13789142
2022-03-31,"Indie, Johnson&Johnson, Moderna, Pfizer/BioNTech, Pfizer/BioNTech Kids",6940691,6849242,4086512,0,13789933
2022-04-01,"Indie, Johnson&Johnson, Moderna, Pfizer/BioNTech, Pfizer/BioNTech Kids",6941298,6850001,4092400,0,13791299
2022-04-02,"Indie, Moderna, Pfizer/BioNTech, Pfizer/BioNTech Kids",6941355,6850086,4093213,0,13791441
2022-04-03,"Indie, Moderna, Pfizer/BioNTech, Pfizer/BioNTech Kids",6941368,6850115,4093383,0,13791483
2022-04-04,"Indie, Johnson&Johnson, Moderna, Pfizer/BioNTech, Pfizer/BioNTech Kids",6941548,6850397,4095216,0,13791945
2022-04-05,"Indie, Johnson&Johnson, Moderna, Pfizer/BioNTech, Pfizer/BioNTech Kids",6941739,6850635,4096819,0,13792374
2022-04-06,"Indie, Johnson&Johnson, Moderna, Pfizer/BioNTech, Pfizer/BioNTech Kids",6941959,6850982,4099561,0,13792941
2022-04-07,"Indie, Johnson&Johnson, Moderna, Pfizer/BioNTech, Pfizer/BioNTech Kids",6942183,6851400,4102394,0,13793583
2022-04-08,"Indie, Johnson&Johnson, Moderna, Pfizer/BioNTech, Pfizer/BioNTech Kids",6942638,6852123,4108420,0,13794761
2022-04-09,"Indie, Johnson&Johnson, Moderna, Pfizer/BioNTech, Pfizer/BioNTech Kids",6942698,6852196,4108945,0,13794894
2022-04-10,"Indie, Moderna, Pfizer/BioNTech, Pfizer/BioNTech Kids",6942712,6852206,4109066,0,13794918
2022-04-11,"Indie, Johnson&Johnson, Moderna, Pfizer/BioNTech, Pfizer/BioNTech Kids",6942873,6852436,4110919,0,13795309
2022-04-12,"Indie, Johnson&Johnson, Moderna, Pfizer/BioNTech, Pfizer/BioNTech Kids",6943119,6852735,4112830,0,13795854
2022-04-13,"Indie, Johnson&Johnson, Moderna, Pfizer/BioNTech, Pfizer/BioNTech Kids",6943361,6853088,4115946,0,13796449
2022-04-14,"Indie, Johnson&Johnson, Moderna, Pfizer/BioNTech, Pfizer/BioNTech Kids",6943626,6853473,4119673,0,13797099
2022-04-15,"Indie, Moderna, Pfizer/BioNTech, Pfizer/BioNTech Kids",6943642,6853504,4119820,0,13797146
2022-04-16,"Indie, Johnson&Johnson, Moderna, Pfizer/BioNTech, Pfizer/BioNTech Kids",6943662,6853539,4120037,0,13797201
2022-04-17,"Indie, Moderna, Pfizer/BioNTech",6943663,6853540,4120088,0,13797203
2022-04-18,"Indie, Johnson&Johnson, Moderna, Oxford/AstraZeneca, Pfizer/BioNTech, Pfizer/BioNTech Kids",6943680,6853559,4120099,0,13797239
2022-04-19,"Indie, Johnson&Johnson, Moderna, Oxford/AstraZeneca, Pfizer/BioNTech, Pfizer/BioNTech Kids",6943819,6853899,4121883,0,13797718
2022-04-20,"Indie, Johnson&Johnson, Moderna, Oxford/AstraZeneca, Pfizer/BioNTech, Pfizer/BioNTech Kids, Čína",6944043,6854290,4124389,0,13798333
2022-04-21,"Indie, Johnson&Johnson, Moderna, Pfizer/BioNTech, Pfizer/BioNTech Kids",6944261,6854714,4126798,0,13798975
2022-04-22,"Indie, Johnson&Johnson, Moderna, Pfizer/BioNTech, Pfizer/BioNTech Kids",6944728,6855540,4132392,0,13800268
2022-04-23,"Indie, Moderna, Pfizer/BioNTech, Pfizer/BioNTech Kids",6944759,6855619,4133179,0,13800378
2022-04-24,"Indie, Moderna, Pfizer/BioNTech, Pfizer/BioNTech Kids",6944764,6855630,4133308,0,13800394
2022-04-25,"Indie, Johnson&Johnson, Moderna, Pfizer/BioNTech, Pfizer/BioNTech Kids",6944919,6855840,4135151,0,13800759
2022-04-26,"Indie, Johnson&Johnson, Moderna, Pfizer/BioNTech, Pfizer/BioNTech Kids",6945059,6856104,4136715,0,13801163
2022-04-27,"Indie, Johnson&Johnson, Moderna, Pfizer/BioNTech, Pfizer/BioNTech Kids",6945327,6856437,4139155,0,13801764
2022-04-28,"Indie, Johnson&Johnson, Moderna, Pfizer/BioNTech, Pfizer/BioNTech Kids",6945521,6856727,4141575,0,13802248
2022-04-29,"Indie, Johnson&Johnson, Moderna, Pfizer/BioNTech, Pfizer/BioNTech Kids",6945960,6857317,4146352,0,13803277
2022-04-30,"Indie, Moderna, Pfizer/BioNTech, Pfizer/BioNTech Kids",6946006,6857384,4146928,0,13803390
2022-05-01,"Indie, Moderna, Oxford/AstraZeneca, Pfizer/BioNTech, Pfizer/BioNTech Kids",6946011,6857394,4147027,0,13803405
2022-05-02,"Indie, Johnson&Johnson, Moderna, Pfizer/BioNTech, Pfizer/BioNTech Kids",6946151,6857576,4148315,0,13803727
2022-05-03,"Indie, Johnson&Johnson, Moderna, Pfizer/BioNTech, Pfizer/BioNTech Kids",6946308,6857832,4149704,0,13804140
2022-05-04,"Indie, Johnson&Johnson, Moderna, Pfizer/BioNTech, Pfizer/BioNTech Kids",6946514,6858108,4151832,0,13804622
2022-05-05,"Indie, Johnson&Johnson, Moderna, Pfizer/BioNTech, Pfizer/BioNTech Kids",6946722,6858400,4153961,0,13805122
2022-05-06,"Indie, Johnson&Johnson, Moderna, Pfizer/BioNTech, Pfizer/BioNTech Kids",6947097,6858742,4158906,0,13805839
2022-05-07,"Indie, Moderna, Pfizer/BioNTech, Pfizer/BioNTech Kids",6947124,6858769,4159248,0,13805893
2022-05-08,"Moderna, Pfizer/BioNTech, Pfizer/BioNTech Kids",6947126,6858778,4159293,0,13805904
2022-05-09,"Indie, Johnson&Johnson, Moderna, Pfizer/BioNTech, Pfizer/BioNTech Kids",6947234,6858868,4160579,0,13806102
2022-05-10,"Indie, Johnson&Johnson, Moderna, Pfizer/BioNTech, Pfizer/BioNTech Kids",6947388,6859106,4162190,0,13806494
2022-05-11,"Indie, Johnson&Johnson, Moderna, Oxford/AstraZeneca, Pfizer/BioNTech, Pfizer/BioNTech Kids",6947609,6859375,4164497,0,13806984
2022-05-12,"Indie, Johnson&Johnson, Moderna, Pfizer/BioNTech, Pfizer/BioNTech Kids",6947818,6859653,4166627,0,13807471
2022-05-13,"Indie, Johnson&Johnson, Moderna, Pfizer/BioNTech, Pfizer/BioNTech Kids",6948165,6860155,4170833,0,13808320
2022-05-14,"Indie, Johnson&Johnson, Moderna, Pfizer/BioNTech, Pfizer/BioNTech Kids",6948206,6860195,4171421,0,13808401
2022-05-15,"Indie, Johnson&Johnson, Moderna, Pfizer/BioNTech, Pfizer/BioNTech Kids",6948221,6860206,4171523,0,13808427
2022-05-16,"Indie, Johnson&Johnson, Moderna, Pfizer/BioNTech, Pfizer/BioNTech Kids",6948331,6860326,4172857,0,13808657
2022-05-17,"Indie, Johnson&Johnson, Moderna, Pfizer/BioNTech, Pfizer/BioNTech Kids",6948474,6860483,4174269,0,13808957
2022-05-18,"Indie, Indie/AstraZeneca, Johnson&Johnson, Moderna, Pfizer/BioNTech, Pfizer/BioNTech Kids",6948709,6860816,4176280,0,13809525
2022-05-19,"Indie, Johnson&Johnson, Moderna, Pfizer/BioNTech, Pfizer/BioNTech Kids",6948904,6861068,4178113,0,13809972
2022-05-20,"Indie, Johnson&Johnson, Moderna, Pfizer/BioNTech, Pfizer/BioNTech Kids",6949207,6861620,4182119,0,13810827
2022-05-21,"Indie, Johnson&Johnson, Moderna, Pfizer/BioNTech, Pfizer/BioNTech Kids",6949246,6861649,4182391,0,13810895
2022-05-22,"Johnson&Johnson, Moderna, Pfizer/BioNTech, Pfizer/BioNTech Kids",6949256,6861658,4182534,0,13810914
2022-05-23,"Indie, Johnson&Johnson, Moderna, Pfizer/BioNTech, Pfizer/BioNTech Kids",6949377,6861812,4183853,0,13811189
2022-05-24,"Indie, Johnson&Johnson, Moderna, Pfizer/BioNTech, Pfizer/BioNTech Kids",6949508,6861988,4185100,0,13811496
2022-05-25,"Indie, Indie/AstraZeneca, Johnson&Johnson, Moderna, Oxford/AstraZeneca, Pfizer/BioNTech, Pfizer/BioNTech Kids",6949690,6862237,4187465,0,13811927
2022-05-26,"Indie, Johnson&Johnson, Moderna, Pfizer/BioNTech, Pfizer/BioNTech Kids",6949841,6862462,4189123,0,13812303
2022-05-27,"Indie, Johnson&Johnson, Moderna, Pfizer/BioNTech, Pfizer/BioNTech Kids",6950113,6862930,4192874,0,13813043
2022-05-28,"Indie, Moderna, Pfizer/BioNTech, Pfizer/BioNTech Kids",6950151,6862979,4193263,0,13813130
2022-05-29,"Indie, Moderna, Pfizer/BioNTech, Pfizer/BioNTech Kids",6950160,6862983,4193379,0,13813143
2022-05-30,"Indie, Johnson&Johnson, Moderna, Oxford/AstraZeneca, Pfizer/BioNTech, Pfizer/BioNTech Kids",6950251,6863147,4194458,0,13813398
2022-05-31,"Indie, Johnson&Johnson, Moderna, Pfizer/BioNTech, Pfizer/BioNTech Kids",6950403,6863347,4195711,0,13813750
2022-06-01,"Indie, Johnson&Johnson, Moderna, Pfizer/BioNTech, Pfizer/BioNTech Kids",6950543,6863576,4197140,0,13814119
2022-06-02,"Indie, Moderna, Pfizer/BioNTech, Pfizer/BioNTech Kids",6950675,6863821,4198476,0,13814496
2022-06-03,"Indie, Johnson&Johnson, Moderna, Pfizer/BioNTech, Pfizer/BioNTech Kids",6950939,6864281,4201391,0,13815220
2022-06-04,"Indie, Johnson&Johnson, Moderna, Pfizer/BioNTech, Pfizer/BioNTech Kids",6950973,6864321,4201794,0,13815294
2022-06-05,"Indie, Moderna, Pfizer/BioNTech, Pfizer/BioNTech Kids",6950980,6864327,4201900,0,13815307
2022-06-06,"Indie, Johnson&Johnson, Moderna, Pfizer/BioNTech, Pfizer/BioNTech Kids",6951070,6864470,4203018,0,13815540
2022-06-07,"Indie, Johnson&Johnson, Moderna, Pfizer/BioNTech, Pfizer/BioNTech Kids",6951157,6864629,4203876,0,13815786
2022-06-08,"Indie, Johnson&Johnson, Moderna, Pfizer/BioNTech, Pfizer/BioNTech Kids",6951293,6864878,4205369,0,13816171
2022-06-09,"Indie, Johnson&Johnson, Moderna, Pfizer/BioNTech, Pfizer/BioNTech Kids",6951395,6865080,4206573,0,13816475
2022-06-10,"Indie, Johnson&Johnson, Moderna, Pfizer/BioNTech, Pfizer/BioNTech Kids",6951579,6865421,4208852,0,13817000
2022-06-11,"Indie, Moderna, Pfizer/BioNTech, Pfizer/BioNTech Kids",6951593,6865460,4209030,0,13817053
2022-06-12,"Indie, Moderna, Pfizer/BioNTech, Pfizer/BioNTech Kids",6951599,6865483,4209112,0,13817082
2022-06-13,"Indie, Johnson&Johnson, Moderna, Oxford/AstraZeneca, Pfizer/BioNTech, Pfizer/BioNTech Kids",6951666,6865609,4209958,0,13817275
2022-06-14,"Indie, Johnson&Johnson, Moderna, Pfizer/BioNTech, Pfizer/BioNTech Kids",6951746,6865757,4210756,0,13817503
2022-06-15,"Indie, Johnson&Johnson, Moderna, Pfizer/BioNTech, Pfizer/BioNTech Kids",6951830,6865952,4211915,0,13817782
2022-06-16,"Indie, Johnson&Johnson, Moderna, Pfizer/BioNTech, Pfizer/BioNTech Kids",6951896,6866128,4212872,0,13818024
2022-06-17,"Indie, Johnson&Johnson, Moderna, Pfizer/BioNTech, Pfizer/BioNTech Kids, Čína",6952051,6866416,4215037,0,13818467
2022-06-18,"Indie, Moderna, Pfizer/BioNTech, Pfizer/BioNTech Kids",6952063,6866455,4215147,0,13818518
2022-06-19,"Moderna, Pfizer/BioNTech, Pfizer/BioNTech Kids",6952067,6866463,4215206,0,13818530
2022-06-20,"Indie, Johnson&Johnson, Moderna, Pfizer/BioNTech, Pfizer/BioNTech Kids",6952132,6866586,4215922,0,13818718
2022-06-21,"Indie, Johnson&Johnson, Moderna, Pfizer/BioNTech, Pfizer/BioNTech Kids",6952195,6866712,4216698,0,13818907
2022-06-22,"Indie, Johnson&Johnson, Moderna, Pfizer/BioNTech, Pfizer/BioNTech Kids",6952293,6866896,4217824,0,13819189
2022-06-23,"Indie, Johnson&Johnson, Moderna, Pfizer/BioNTech, Pfizer/BioNTech Kids",6952353,6867068,4218811,0,13819421
2022-06-24,"Indie, Johnson&Johnson, Moderna, Pfizer/BioNTech, Pfizer/BioNTech Kids",6952514,6867419,4220712,0,13819933
2022-06-25,"Indie, Moderna, Pfizer/BioNTech, Pfizer/BioNTech Kids",6952533,6867472,4221060,0,13820005
2022-06-26,"Moderna, Pfizer/BioNTech, Pfizer/BioNTech Kids",6952535,6867483,4221127,0,13820018
2022-06-27,"Indie, Johnson&Johnson, Moderna, Pfizer/BioNTech, Pfizer/BioNTech Kids",6952608,6867600,4221962,0,13820208
2022-06-28,"Indie, Johnson&Johnson, Moderna, Pfizer/BioNTech, Pfizer/BioNTech Kids",6952683,6867716,4222784,0,13820399
2022-06-29,"Indie, Johnson&Johnson, Moderna, Pfizer/BioNTech, Pfizer/BioNTech Kids",6952803,6867902,4224106,0,13820705
2022-06-30,"Indie, Johnson&Johnson, Moderna, Pfizer/BioNTech, Pfizer/BioNTech Kids",6952903,6868060,4225284,0,13820963
2022-07-01,"Indie, Johnson&Johnson, Moderna, Oxford/AstraZeneca, Pfizer/BioNTech, Pfizer/BioNTech Kids",6953086,6868311,4227347,0,13821397
2022-07-02,"Indie, Moderna, Pfizer/BioNTech, Pfizer/BioNTech Kids",6953100,6868318,4227488,0,13821418
2022-07-03,"Moderna, Pfizer/BioNTech, Pfizer/BioNTech Kids",6953103,6868328,4227553,0,13821431
2022-07-04,"Indie, Johnson&Johnson, Moderna, Pfizer/BioNTech, Pfizer/BioNTech Kids",6953189,6868396,4228346,0,13821585
2022-07-05,"Indie, Moderna, Pfizer/BioNTech, Pfizer/BioNTech Kids",6953200,6868398,4228382,0,13821598
2022-07-06,"Moderna, Pfizer/BioNTech",6953208,6868406,4228420,0,13821614
2022-07-07,"Indie, Johnson&Johnson, Moderna, Pfizer/BioNTech, Pfizer/BioNTech Kids",6953317,6868509,4229405,0,13821826
2022-07-08,"Indie, Indie/AstraZeneca, Johnson&Johnson, Moderna, Oxford/AstraZeneca, Pfizer/BioNTech, Pfizer/BioNTech Kids",6953485,6868705,4231547,0,13822190
2022-07-09,"Indie, Johnson&Johnson, Moderna, Pfizer/BioNTech, Pfizer/BioNTech Kids",6953495,6868714,4231667,0,13822209
2022-07-10,"Moderna, Pfizer/BioNTech, Pfizer/BioNTech Kids",6953499,6868724,4231755,0,13822223
2022-07-11,"Indie, Johnson&Johnson, Moderna, Pfizer/BioNTech, Pfizer/BioNTech Kids",6953599,6868816,4232851,0,13822415
2022-07-12,"Indie, Johnson&Johnson, Moderna, Pfizer/BioNTech, Pfizer/BioNTech Kids",6953702,6868912,4233918,0,13822614
2022-07-13,"Indie, Johnson&Johnson, Moderna, Pfizer/BioNTech, Pfizer/BioNTech Kids",6953879,6869041,4235800,0,13822920
2022-07-14,"Indie, Johnson&Johnson, Moderna, Pfizer/BioNTech, Pfizer/BioNTech Kids",6954013,6869138,4237116,0,13823151
2022-07-15,"Indie, Johnson&Johnson, Moderna, Pfizer/BioNTech, Pfizer/BioNTech Kids",6954271,6869350,4240348,45,13823621
2022-07-16,"Indie, Johnson&Johnson, Moderna, Pfizer/BioNTech, Pfizer/BioNTech Kids",6954308,6869382,4240751,47,13823690
2022-07-17,"Moderna, Pfizer/BioNTech, Pfizer/BioNTech Kids, Čína",6954314,6869389,4240847,47,13823703
2022-07-18,"Indie, Johnson&Johnson, Moderna, Oxford/AstraZeneca, Pfizer/BioNTech, Pfizer/BioNTech Kids",6954451,6869491,4241891,1983,13823942
2022-07-19,"Indie, Johnson&Johnson, Moderna, Pfizer/BioNTech, Pfizer/BioNTech Kids",6954547,6869562,4242906,5007,13824109
2022-07-20,"Indie, Johnson&Johnson, Moderna, Pfizer/BioNTech, Pfizer/BioNTech Kids",6954650,6869670,4244653,8803,13824320
2022-07-21,"Indie, Johnson&Johnson, Moderna, Pfizer/BioNTech, Pfizer/BioNTech Kids",6954767,6869753,4246005,13003,13824520
2022-07-22,"Indie, Johnson&Johnson, Moderna, Oxford/AstraZeneca, Pfizer/BioNTech, Pfizer/BioNTech Kids, Čína",6954977,6869969,4248830,20794,13824946
2022-07-23,"Indie, Johnson&Johnson, Moderna, Pfizer/BioNTech, Pfizer/BioNTech Kids",6955001,6869985,4248959,21150,13824986
2022-07-24,"Moderna, Pfizer/BioNTech, Pfizer/BioNTech Kids",6955006,6869995,4249023,21371,13825001
2022-07-25,"Indie, Johnson&Johnson, Moderna, Pfizer/BioNTech, Pfizer/BioNTech Kids",6955099,6870077,4250014,25424,13825176
2022-07-26,"Indie, Johnson&Johnson, Moderna, Pfizer/BioNTech, Pfizer/BioNTech Kids",6955206,6870152,4251194,30816,13825358
2022-07-27,"Indie, Johnson&Johnson, Moderna, Pfizer/BioNTech, Pfizer/BioNTech Kids",6955334,6870242,4252928,37240,13825576
2022-07-28,"Indie, Johnson&Johnson, Moderna, Pfizer/BioNTech, Pfizer/BioNTech Kids",6955453,6870371,4254448,42802,13825824
2022-07-29,"Indie, Johnson&Johnson, Moderna, Pfizer/BioNTech, Pfizer/BioNTech Kids",6955693,6870586,4257018,49215,13826279
2022-07-30,"Indie, Johnson&Johnson, Moderna, Pfizer/BioNTech, Pfizer/BioNTech Kids",6955709,6870601,4257209,49922,13826310
2022-07-31,"Johnson&Johnson, Moderna, Pfizer/BioNTech, Pfizer/BioNTech Kids",6955723,6870606,4257297,50033,13826329
2022-08-01,"Indie, Johnson&Johnson, Moderna, Pfizer/BioNTech, Pfizer/BioNTech Kids",6955818,6870699,4258215,52711,13826517
2022-08-02,"Indie, Johnson&Johnson, Moderna, Pfizer/BioNTech, Pfizer/BioNTech Kids",6955932,6870786,4259275,56963,13826718
2022-08-03,"Indie, Johnson&Johnson, Moderna, Pfizer/BioNTech, Pfizer/BioNTech Kids",6956069,6870924,4260612,61505,13826993
2022-08-04,"Indie, Johnson&Johnson, Moderna, Pfizer/BioNTech, Pfizer/BioNTech Kids",6956214,6871085,4262060,66632,13827299
2022-08-05,"Indie, Johnson&Johnson, Moderna, Pfizer/BioNTech, Pfizer/BioNTech Kids",6956451,6871338,4264090,72245,13827789
2022-08-06,"Indie, Johnson&Johnson, Moderna, Pfizer/BioNTech, Pfizer/BioNTech Kids, Čína",6956468,6871366,4264388,72473,13827834
2022-08-07,"Moderna, Pfizer/BioNTech, Pfizer/BioNTech Kids",6956473,6871370,4264454,72554,13827843
2022-08-08,"Indie, Johnson&Johnson, Moderna, Pfizer/BioNTech, Pfizer/BioNTech Kids, Čína",6956574,6871482,4265231,75487,13828056
2022-08-09,"Indie, Johnson&Johnson, Moderna, Pfizer/BioNTech, Pfizer/BioNTech Kids",6956683,6871567,4266317,80020,13828250
2022-08-10,"Indie, Johnson&Johnson, Moderna, Pfizer/BioNTech, Pfizer/BioNTech Kids",6956807,6871676,4267462,84785,13828483
2022-08-11,"Indie, Johnson&Johnson, Moderna, Pfizer/BioNTech, Pfizer/BioNTech Kids",6956913,6871810,4268616,89664,13828723
2022-08-12,"Indie, Johnson&Johnson, Moderna, Pfizer/BioNTech, Pfizer/BioNTech Kids",6957058,6872022,4270424,95104,13829080
2022-08-13,"Johnson&Johnson, Moderna, Pfizer/BioNTech, Pfizer/BioNTech Kids",6957073,6872051,4270518,95292,13829124
2022-08-14,"Moderna, Pfizer/BioNTech, Pfizer/BioNTech Kids",6957076,6872056,4270569,95331,13829132
2022-08-15,"Indie, Johnson&Johnson, Moderna, Pfizer/BioNTech, Pfizer/BioNTech Kids",6957167,6872175,4271368,98406,13829342
2022-08-16,"Indie, Johnson&Johnson, Moderna, Pfizer/BioNTech, Pfizer/BioNTech Kids",6957266,6872286,4272286,102678,13829552
2022-08-17,"Indie, Johnson&Johnson, Moderna, Pfizer/BioNTech, Pfizer/BioNTech Kids, Čína",6957355,6872413,4273315,108053,13829768
2022-08-18,"Indie, Johnson&Johnson, Moderna, Pfizer/BioNTech, Pfizer/BioNTech Kids",6957462,6872556,4274498,114008,13830018
2022-08-19,"Indie, Johnson&Johnson, Moderna, Pfizer/BioNTech, Pfizer/BioNTech Kids",6957639,6872774,4276329,121052,13830413
2022-08-20,"Indie, Moderna, Oxford/AstraZeneca, Pfizer/BioNTech, Pfizer/BioNTech Kids",6957649,6872785,4276500,121947,13830434
2022-08-21,"Moderna, Pfizer/BioNTech, Pfizer/BioNTech Kids",6957652,6872795,4276551,122163,13830447
2022-08-22,"Indie, Johnson&Johnson, Moderna, Oxford/AstraZeneca, Pfizer/BioNTech, Pfizer/BioNTech Kids",6957739,6872899,4277325,125977,13830638
2022-08-23,"Indie, Johnson&Johnson, Moderna, Pfizer/BioNTech, Pfizer/BioNTech Kids",6957871,6873037,4278253,130674,13830908
2022-08-24,"Indie, Johnson&Johnson, Moderna, Pfizer/BioNTech, Pfizer/BioNTech Kids",6957966,6873171,4279321,136102,13831137
2022-08-25,"Indie, Johnson&Johnson, Moderna, Pfizer/BioNTech, Pfizer/BioNTech Kids",6958081,6873284,4280522,142269,13831365
2022-08-26,"Indie, Johnson&Johnson, Moderna, Pfizer/BioNTech, Pfizer/BioNTech Kids",6958246,6873517,4282202,148979,13831763
2022-08-27,"Indie, Johnson&Johnson, Moderna, Pfizer/BioNTech, Pfizer/BioNTech Kids",6958282,6873546,4282426,149325,13831828
2022-08-28,"Indie, Moderna, Pfizer/BioNTech, Pfizer/BioNTech Kids",6958290,6873559,4282471,149410,13831849
2022-08-29,"Indie, Johnson&Johnson, Moderna, Pfizer/BioNTech, Pfizer/BioNTech Kids",6958366,6873659,4283245,152881,13832025
2022-08-30,"Indie, Johnson&Johnson, Moderna, Pfizer/BioNTech, Pfizer/BioNTech Kids",6958460,6873760,4284158,157857,13832220
2022-08-31,"Indie, Johnson&Johnson, Moderna, Pfizer/BioNTech, Pfizer/BioNTech Kids",6958580,6873899,4285152,162443,13832479
2022-09-01,"Indie, Johnson&Johnson, Moderna, Pfizer/BioNTech, Pfizer/BioNTech Kids",6958690,6874015,4286109,168152,13832705
2022-09-02,"Indie, Johnson&Johnson, Moderna, Pfizer/BioNTech, Pfizer/BioNTech Kids",6958864,6874210,4287463,174350,13833074
2022-09-03,"Indie, Johnson&Johnson, Moderna, Pfizer/BioNTech, Pfizer/BioNTech Kids",6958879,6874226,4287543,174458,13833105
2022-09-04,"Moderna, Pfizer/BioNTech, Pfizer/BioNTech Kids",6958884,6874227,4287575,174492,13833111
2022-09-05,"Indie, Johnson&Johnson, Moderna, Pfizer/BioNTech, Pfizer/BioNTech Kids",6958962,6874325,4288310,178317,13833287
2022-09-06,"Indie, Johnson&Johnson, Moderna, Pfizer/BioNTech, Pfizer/BioNTech Kids, Čína",6959038,6874415,4289036,183065,13833453
2022-09-07,"Indie, Johnson&Johnson, Moderna, Oxford/AstraZeneca, Pfizer/BioNTech, Pfizer/BioNTech Kids, Pfizer/BioNTech original + BA.1",6959119,6874507,4289934,188829,13833626
2022-09-08,"Indie, Johnson&Johnson, Moderna, Pfizer/BioNTech, Pfizer/BioNTech Kids, Pfizer/BioNTech original + BA.1",6959209,6874604,4290930,194799,13833813
2022-09-09,"Indie, Johnson&Johnson, Moderna, Pfizer/BioNTech, Pfizer/BioNTech Kids, Pfizer/BioNTech original + BA.1, Pfizer/BioNTech original + BA.4/5",6959357,6874748,4292100,200523,13834105
2022-09-10,"Indie, Moderna, Pfizer/BioNTech, Pfizer/BioNTech Kids, Pfizer/BioNTech original + BA.1",6959368,6874763,4292186,200669,13834131
2022-09-11,"Moderna, Pfizer/BioNTech, Pfizer/BioNTech Kids, Pfizer/BioNTech original + BA.1",6959376,6874766,4292209,200707,13834142
2022-09-12,"Indie, Johnson&Johnson, Moderna, Moderna bivalent BA.1, Pfizer/BioNTech, Pfizer/BioNTech Kids, Pfizer/BioNTech original + BA.1, Pfizer/BioNTech original + BA.4/5",6959473,6874863,4292811,204086,13834336
2022-09-13,"Indie, Johnson&Johnson, Moderna, Pfizer/BioNTech, Pfizer/BioNTech Kids, Pfizer/BioNTech original + BA.1",6959561,6874958,4293529,209319,13834519
2022-09-14,"Indie, Johnson&Johnson, Moderna, Pfizer/BioNTech, Pfizer/BioNTech Kids, Pfizer/BioNTech original + BA.1, Pfizer/BioNTech original + BA.4/5",6959654,6875068,4294354,215548,13834722
2022-09-15,"Indie, Johnson&Johnson, Moderna, Oxford/AstraZeneca, Pfizer/BioNTech, Pfizer/BioNTech Kids, Pfizer/BioNTech original + BA.1, Pfizer/BioNTech original + BA.4/5",6959757,6875164,4295353,222910,13834921
2022-09-16,"Indie, Johnson&Johnson, Moderna, Moderna bivalent BA.1, Pfizer/BioNTech, Pfizer/BioNTech Kids, Pfizer/BioNTech original + BA.1, Pfizer/BioNTech original + BA.4/5",6959907,6875341,4296722,232139,13835248
2022-09-17,"Johnson&Johnson, Moderna, Pfizer/BioNTech, Pfizer/BioNTech Kids, Pfizer/BioNTech original + BA.1",6959915,6875361,4296914,232975,13835276
2022-09-18,"Indie, Johnson&Johnson, Moderna, Pfizer/BioNTech, Pfizer/BioNTech Kids, Pfizer/BioNTech original + BA.1",6959921,6875370,4296991,233206,13835291
2022-09-19,"Indie, Johnson&Johnson, Moderna, Moderna bivalent BA.1, Pfizer/BioNTech, Pfizer/BioNTech Kids, Pfizer/BioNTech original + BA.1, Pfizer/BioNTech original + BA.4/5",6959984,6875431,4297632,238752,13835415
2022-09-20,"Indie, Johnson&Johnson, Moderna, Pfizer/BioNTech, Pfizer/BioNTech Kids, Pfizer/BioNTech original + BA.1, Pfizer/BioNTech original + BA.4/5",6960076,6875505,4298546,246881,13835581
2022-09-21,"Indie, Moderna, Moderna bivalent BA.1, Oxford/AstraZeneca, Pfizer/BioNTech, Pfizer/BioNTech Kids, Pfizer/BioNTech original + BA.1, Pfizer/BioNTech original + BA.4/5",6960159,6875603,4299595,256403,13835762
2022-09-22,"Indie, Johnson&Johnson, Moderna, Moderna bivalent BA.1, Pfizer/BioNTech, Pfizer/BioNTech Kids, Pfizer/BioNTech original + BA.1, Pfizer/BioNTech original + BA.4/5",6960222,6875694,4300494,265773,13835916
2022-09-23,"Indie, Johnson&Johnson, Moderna, Moderna bivalent BA.1, Pfizer/BioNTech, Pfizer/BioNTech Kids, Pfizer/BioNTech original + BA.1, Pfizer/BioNTech original + BA.4/5",6960343,6875844,4301710,276416,13836187
2022-09-24,"Indie, Moderna, Moderna bivalent BA.1, Pfizer/BioNTech, Pfizer/BioNTech Kids, Pfizer/BioNTech original + BA.1, Pfizer/BioNTech original + BA.4/5",6960348,6875860,4301802,276784,13836208
2022-09-25,"Moderna, Pfizer/BioNTech, Pfizer/BioNTech original + BA.1, Pfizer/BioNTech original + BA.4/5",6960350,6875861,4301828,276929,13836211
2022-09-26,"Indie, Johnson&Johnson, Moderna, Moderna bivalent BA.1, Pfizer/BioNTech, Pfizer/BioNTech Kids, Pfizer/BioNTech original + BA.1, Pfizer/BioNTech original + BA.4/5",6960383,6875930,4302525,283435,13836313
2022-09-27,"Indie, Johnson&Johnson, Moderna, Moderna bivalent BA.1, Pfizer/BioNTech, Pfizer/BioNTech Kids, Pfizer/BioNTech original + BA.1, Pfizer/BioNTech original + BA.4/5",6960461,6876034,4303388,292146,13836495
2022-09-28,"Moderna, Pfizer/BioNTech, Pfizer/BioNTech Kids, Pfizer/BioNTech original + BA.1, Pfizer/BioNTech original + BA.4/5, Valneva",6960466,6876035,4303401,292213,13836501
2022-09-29,"Indie, Johnson&Johnson, Moderna, Moderna bivalent BA.1, Pfizer/BioNTech, Pfizer/BioNTech Kids, Pfizer/BioNTech original + BA.1, Pfizer/BioNTech original + BA.4/5",6960527,6876127,4304346,301389,13836654
2022-09-30,"Indie, Johnson&Johnson, Moderna, Moderna bivalent BA.1, Pfizer/BioNTech, Pfizer/BioNTech Kids, Pfizer/BioNTech original + BA.1, Pfizer/BioNTech original + BA.4/5",6960657,6876295,4305731,312784,13836952
2022-10-01,"Moderna, Moderna bivalent BA.1, Pfizer/BioNTech, Pfizer/BioNTech Kids, Pfizer/BioNTech original + BA.1, Pfizer/BioNTech original + BA.4/5",6960665,6876306,4305827,313345,13836971
2022-10-02,"Indie, Moderna bivalent BA.1, Pfizer/BioNTech, Pfizer/BioNTech original + BA.4/5",6960668,6876307,4305903,313873,13836975
2022-10-03,"Indie, Johnson&Johnson, Moderna, Moderna bivalent BA.1, Pfizer/BioNTech, Pfizer/BioNTech Kids, Pfizer/BioNTech original + BA.1, Pfizer/BioNTech original + BA.4/5",6960759,6876394,4306667,321742,13837153
2022-10-04,"Indie, Johnson&Johnson, Moderna, Moderna bivalent BA.1, Pfizer/BioNTech, Pfizer/BioNTech Kids, Pfizer/BioNTech original + BA.1, Pfizer/BioNTech original + BA.4/5, Čína",6960840,6876490,4307509,331777,13837330
2022-10-05,"Indie, Johnson&Johnson, Moderna, Moderna bivalent BA.1, Pfizer/BioNTech, Pfizer/BioNTech Kids, Pfizer/BioNTech original + BA.1, Pfizer/BioNTech original + BA.4/5",6960904,6876581,4308548,343519,13837485
2022-10-06,"Indie, Johnson&Johnson, Moderna, Moderna bivalent BA.1, Pfizer/BioNTech, Pfizer/BioNTech Kids, Pfizer/BioNTech original + BA.1, Pfizer/BioNTech original + BA.4/5, Čína",6960996,6876715,4309735,356648,13837711
2022-10-07,"Indie, Johnson&Johnson, Moderna, Moderna bivalent BA.1, Pfizer/BioNTech, Pfizer/BioNTech Kids, Pfizer/BioNTech original + BA.1, Pfizer/BioNTech original + BA.4/5",6961136,6876876,4311355,373363,13838012
2022-10-08,"Indie, Moderna bivalent BA.1, Pfizer/BioNTech, Pfizer/BioNTech Kids, Pfizer/BioNTech original + BA.1, Pfizer/BioNTech original + BA.4/5",6961152,6876882,4311490,374308,13838034
2022-10-09,"Moderna bivalent BA.1, Pfizer/BioNTech, Pfizer/BioNTech original + BA.1, Pfizer/BioNTech original + BA.4/5",6961152,6876883,4311519,374460,13838035
2022-10-10,"Indie, Johnson&Johnson, Moderna, Moderna bivalent BA.1, Pfizer/BioNTech, Pfizer/BioNTech Kids, Pfizer/BioNTech original + BA.1, Pfizer/BioNTech original + BA.4/5",6961197,6876954,4312284,383577,13838151
2022-10-11,"Indie, Johnson&Johnson, Moderna, Moderna bivalent BA.1, Pfizer/BioNTech, Pfizer/BioNTech Kids, Pfizer/BioNTech original + BA.1, Pfizer/BioNTech original + BA.4/5",6961263,6877055,4313365,396074,13838318
2022-10-12,"Indie, Moderna, Moderna bivalent BA.1, Pfizer/BioNTech, Pfizer/BioNTech Kids, Pfizer/BioNTech original + BA.1, Pfizer/BioNTech original + BA.4/5",6961358,6877151,4314629,409616,13838509
2022-10-13,"Indie, Johnson&Johnson, Moderna, Moderna bivalent BA.1, Pfizer/BioNTech, Pfizer/BioNTech Kids, Pfizer/BioNTech original + BA.1, Pfizer/BioNTech original + BA.4/5",6961440,6877248,4315954,424262,13838688
2022-10-14,"Indie, Johnson&Johnson, Moderna, Moderna bivalent BA.1, Pfizer/BioNTech, Pfizer/BioNTech Kids, Pfizer/BioNTech original + BA.1, Pfizer/BioNTech original + BA.4/5",6961573,6877393,4317907,442701,13838966
2022-10-15,"Moderna bivalent BA.1, Pfizer/BioNTech, Pfizer/BioNTech Kids, Pfizer/BioNTech original + BA.1, Pfizer/BioNTech original + BA.4/5",6961588,6877404,4318068,443929,13838992
2022-10-16,"Indie, Moderna, Moderna bivalent BA.1, Pfizer/BioNTech, Pfizer/BioNTech Kids, Pfizer/BioNTech original + BA.1, Pfizer/BioNTech original + BA.4/5",6961589,6877407,4318097,444102,13838996
2022-10-17,"Indie, Johnson&Johnson, Moderna, Moderna bivalent BA.1, Pfizer/BioNTech, Pfizer/BioNTech Kids, Pfizer/BioNTech original + BA.1, Pfizer/BioNTech original + BA.4/5",6961643,6877460,4318947,452633,13839103
2022-10-18,"Indie, Johnson&Johnson, Moderna, Moderna bivalent BA.1, Pfizer/BioNTech, Pfizer/BioNTech Kids, Pfizer/BioNTech original + BA.1, Pfizer/BioNTech original + BA.4/5",6961704,6877522,4320071,464917,13839226
2022-10-19,"Indie, Johnson&Johnson, Moderna, Moderna bivalent BA.1, Pfizer/BioNTech, Pfizer/BioNTech Kids, Pfizer/BioNTech original + BA.1, Pfizer/BioNTech original + BA.4/5",6961756,6877579,4321300,478144,13839335
2022-10-20,"Indie, Johnson&Johnson, Moderna, Moderna bivalent BA.1, Pfizer/BioNTech, Pfizer/BioNTech Kids, Pfizer/BioNTech original + BA.1, Pfizer/BioNTech original + BA.4/5",6961822,6877646,4322615,493229,13839468
2022-10-21,"Indie, Johnson&Johnson, Moderna, Moderna bivalent BA.1, Pfizer/BioNTech, Pfizer/BioNTech Kids, Pfizer/BioNTech original + BA.1, Pfizer/BioNTech original + BA.4/5",6961940,6877757,4324445,511670,13839697
2022-10-22,"Indie, Johnson&Johnson, Moderna, Moderna bivalent BA.1, Pfizer/BioNTech, Pfizer/BioNTech Kids, Pfizer/BioNTech original + BA.1, Pfizer/BioNTech original + BA.4/5",6961957,6877772,4324589,513166,13839729
2022-10-23,"Indie, Moderna, Moderna bivalent BA.1, Pfizer/BioNTech, Pfizer/BioNTech Kids, Pfizer/BioNTech original + BA.1, Pfizer/BioNTech original + BA.4/5",6961959,6877776,4324617,513322,13839735
2022-10-24,"Indie, Johnson&Johnson, Moderna, Moderna bivalent BA.1, Pfizer/BioNTech, Pfizer/BioNTech Kids, Pfizer/BioNTech original + BA.1, Pfizer/BioNTech original + BA.4/5",6961990,6877830,4325401,521909,13839820
2022-10-25,"Indie, Johnson&Johnson, Moderna, Moderna bivalent BA.1, Pfizer/BioNTech, Pfizer/BioNTech Kids, Pfizer/BioNTech original + BA.1, Pfizer/BioNTech original + BA.4/5",6962057,6877907,4326383,533567,13839964
2022-10-26,"Indie, Johnson&Johnson, Moderna, Moderna bivalent BA.1, Pfizer/BioNTech, Pfizer/BioNTech Kids, Pfizer/BioNTech original + BA.1, Pfizer/BioNTech original + BA.4/5",6962112,6877963,4327472,545700,13840075
2022-10-27,"Indie, Johnson&Johnson, Moderna, Moderna bivalent BA.1, Pfizer/BioNTech, Pfizer/BioNTech Kids, Pfizer/BioNTech original + BA.1, Pfizer/BioNTech original + BA.4/5",6962145,6878050,4328717,558857,13840195
2022-10-28,"Moderna, Pfizer/BioNTech, Pfizer/BioNTech original + BA.1, Pfizer/BioNTech original + BA.4/5, Valneva",6962149,6878056,4328755,559315,13840205
2022-10-29,"Indie, Johnson&Johnson, Moderna, Moderna bivalent BA.1, Pfizer/BioNTech, Pfizer/BioNTech Kids, Pfizer/BioNTech original + BA.1, Pfizer/BioNTech original + BA.4/5",6962155,6878071,4328886,560225,13840226
2022-10-30,"Moderna, Moderna bivalent BA.1, Pfizer/BioNTech, Pfizer/BioNTech Kids, Pfizer/BioNTech original + BA.4/5",6962158,6878074,4328907,560653,13840232
2022-10-31,"Indie, Johnson&Johnson, Moderna, Moderna bivalent BA.1, Pfizer/BioNTech, Pfizer/BioNTech Kids, Pfizer/BioNTech original + BA.1, Pfizer/BioNTech original + BA.4/5",6962209,6878163,4329535,567440,13840372
2022-11-01,"Indie, Johnson&Johnson, Moderna, Moderna bivalent BA.1, Pfizer/BioNTech, Pfizer/BioNTech Kids, Pfizer/BioNTech original + BA.1, Pfizer/BioNTech original + BA.4/5",6962255,6878219,4330334,577322,13840474
2022-11-02,"Indie, Johnson&Johnson, Moderna, Moderna bivalent BA.1, Pfizer/BioNTech, Pfizer/BioNTech Kids, Pfizer/BioNTech original + BA.1, Pfizer/BioNTech original + BA.4/5",6962291,6878295,4331183,587862,13840586
2022-11-03,"Indie, Johnson&Johnson, Moderna, Moderna bivalent BA.1, Pfizer/BioNTech, Pfizer/BioNTech Kids, Pfizer/BioNTech original + BA.1, Pfizer/BioNTech original + BA.4/5",6962332,6878375,4332065,599369,13840707
2022-11-04,"Indie, Johnson&Johnson, Moderna, Moderna bivalent BA.1, Pfizer/BioNTech, Pfizer/BioNTech Kids, Pfizer/BioNTech original + BA.1, Pfizer/BioNTech original + BA.4/5",6962452,6878523,4333427,614363,13840975
2022-11-05,"Indie, Moderna bivalent BA.1, Pfizer/BioNTech, Pfizer/BioNTech Kids, Pfizer/BioNTech original + BA.1, Pfizer/BioNTech original + BA.4/5",6962460,6878534,4333522,615183,13840994
2022-11-06,"Indie, Moderna bivalent BA.1, Pfizer/BioNTech, Pfizer/BioNTech original + BA.1, Pfizer/BioNTech original + BA.4/5",6962462,6878534,4333548,615311,13840996
2022-11-07,"Indie, Johnson&Johnson, Moderna, Moderna bivalent BA.1, Pfizer/BioNTech, Pfizer/BioNTech Kids, Pfizer/BioNTech original + BA.1, Pfizer/BioNTech original + BA.4/5",6962500,6878597,4334107,621920,13841097
2022-11-08,"Indie, Johnson&Johnson, Moderna, Moderna bivalent BA.1, Pfizer/BioNTech, Pfizer/BioNTech Kids, Pfizer/BioNTech original + BA.1, Pfizer/BioNTech original + BA.4/5",6962546,6878663,4334783,631218,13841209
2022-11-09,"Indie, Johnson&Johnson, Moderna, Moderna bivalent BA.1, Pfizer/BioNTech, Pfizer/BioNTech Kids, Pfizer/BioNTech original + BA.1, Pfizer/BioNTech original + BA.4/5",6962588,6878715,4335513,639695,13841303
2022-11-10,"Indie, Johnson&Johnson, Moderna, Moderna bivalent BA.1, Pfizer/BioNTech, Pfizer/BioNTech Kids, Pfizer/BioNTech original + BA.1, Pfizer/BioNTech original + BA.4/5",6962642,6878779,4336235,648597,13841421
2022-11-11,"Indie, Johnson&Johnson, Moderna, Moderna bivalent BA.1, Pfizer/BioNTech, Pfizer/BioNTech Kids, Pfizer/BioNTech original + BA.1, Pfizer/BioNTech original + BA.4/5",6962735,6878904,4337192,659390,13841639
2022-11-12,"Indie, Johnson&Johnson, Moderna bivalent BA.1, Pfizer/BioNTech, Pfizer/BioNTech Kids, Pfizer/BioNTech original + BA.4/5",6962741,6878911,4337229,659624,13841652
2022-11-13,"Indie, Moderna, Pfizer/BioNTech original + BA.4/5",6962741,6878913,4337250,659722,13841654
2022-11-14,"Indie, Johnson&Johnson, Moderna, Moderna bivalent BA.1, Pfizer/BioNTech, Pfizer/BioNTech Kids, Pfizer/BioNTech original + BA.1, Pfizer/BioNTech original + BA.4/5",6962783,6878966,4337622,664618,13841749
2022-11-15,"Indie, Johnson&Johnson, Moderna, Moderna bivalent BA.1, Pfizer/BioNTech, Pfizer/BioNTech Kids, Pfizer/BioNTech original + BA.1, Pfizer/BioNTech original + BA.4/5",6962836,6879034,4338211,671952,13841870
2022-11-16,"Indie, Johnson&Johnson, Moderna, Moderna bivalent BA.1, Pfizer/BioNTech, Pfizer/BioNTech Kids, Pfizer/BioNTech Mini, Pfizer/BioNTech original + BA.1, Pfizer/BioNTech original + BA.4/5",6962888,6879110,4338859,679874,13841998
2022-11-17,"Moderna, Moderna bivalent BA.1, Pfizer/BioNTech, Pfizer/BioNTech original + BA.1, Pfizer/BioNTech original + BA.4/5",6962889,6879111,4338876,680077,13842000
2022-11-18,"Indie, Johnson&Johnson, Moderna, Moderna bivalent BA.1, Pfizer/BioNTech, Pfizer/BioNTech Kids, Pfizer/BioNTech original + BA.1, Pfizer/BioNTech original + BA.4/5",6962944,6879158,4339435,686301,13842102
2022-11-19,"Indie, Johnson&Johnson, Moderna bivalent BA.1, Pfizer/BioNTech, Pfizer/BioNTech Kids, Pfizer/BioNTech original + BA.1, Pfizer/BioNTech original + BA.4/5",6962946,6879161,4339467,686611,13842107
2022-11-20,"Moderna bivalent BA.1, Pfizer/BioNTech, Pfizer/BioNTech original + BA.1, Pfizer/BioNTech original + BA.4/5",6962949,6879162,4339494,686897,13842111
2022-11-21,"Indie, Johnson&Johnson, Moderna, Moderna bivalent BA.1, Pfizer/BioNTech, Pfizer/BioNTech Kids, Pfizer/BioNTech original + BA.1, Pfizer/BioNTech original + BA.4/5",6962989,6879212,4339799,690946,13842201
2022-11-22,"Indie, Johnson&Johnson, Moderna, Moderna bivalent BA.1, Pfizer/BioNTech, Pfizer/BioNTech Kids, Pfizer/BioNTech original + BA.1, Pfizer/BioNTech original + BA.4/5",6963028,6879284,4340234,696565,13842312
2022-11-23,"Indie, Johnson&Johnson, Moderna, Moderna bivalent BA.1, Pfizer/BioNTech, Pfizer/BioNTech Kids, Pfizer/BioNTech original + BA.1, Pfizer/BioNTech original + BA.4/5",6963064,6879328,4340733,702122,13842392
2022-11-24,"Indie, Johnson&Johnson, Moderna, Moderna bivalent BA.1, Pfizer/BioNTech, Pfizer/BioNTech Kids, Pfizer/BioNTech original + BA.1, Pfizer/BioNTech original + BA.4/5",6963108,6879370,4341251,708590,13842478
2022-11-25,"Indie, Johnson&Johnson, Moderna, Moderna bivalent BA.1, Pfizer/BioNTech, Pfizer/BioNTech Kids, Pfizer/BioNTech original + BA.1, Pfizer/BioNTech original + BA.4/5",6963186,6879472,4341876,716561,13842658
2022-11-26,"Moderna, Moderna bivalent BA.1, Pfizer/BioNTech, Pfizer/BioNTech Kids, Pfizer/BioNTech original + BA.4/5",6963190,6879484,4341930,716721,13842674
2022-11-27,"Pfizer/BioNTech, Pfizer/BioNTech Kids, Pfizer/BioNTech original + BA.4/5",6963190,6879485,4341951,716806,13842675
2022-11-28,"Indie, Johnson&Johnson, Moderna, Moderna bivalent BA.1, Pfizer/BioNTech, Pfizer/BioNTech Kids, Pfizer/BioNTech Mini, Pfizer/BioNTech original + BA.1, Pfizer/BioNTech original + BA.4/5",6963216,6879516,4342203,719689,13842732
2022-11-29,"Indie, Johnson&Johnson, Moderna, Moderna bivalent BA.1, Pfizer/BioNTech, Pfizer/BioNTech Kids, Pfizer/BioNTech original + BA.1, Pfizer/BioNTech original + BA.4/5",6963247,6879565,4342581,724057,13842812
2022-11-30,"Indie, Moderna, Moderna bivalent BA.1, Pfizer/BioNTech, Pfizer/BioNTech Kids, Pfizer/BioNTech original + BA.1, Pfizer/BioNTech original + BA.4/5",6963298,6879620,4342975,728269,13842918
2022-12-01,"Indie, Johnson&Johnson, Moderna, Moderna bivalent BA.1, Pfizer/BioNTech, Pfizer/BioNTech Kids, Pfizer/BioNTech original + BA.1, Pfizer/BioNTech original + BA.4/5",6963333,6879648,4343302,732187,13842981
2022-12-02,"Indie, Johnson&Johnson, Moderna, Moderna bivalent BA.1, Pfizer/BioNTech, Pfizer/BioNTech Kids, Pfizer/BioNTech original + BA.1, Pfizer/BioNTech original + BA.4/5",6963366,6879693,4343692,736658,13843059
2022-12-03,"Moderna bivalent BA.1, Pfizer/BioNTech, Pfizer/BioNTech Kids, Pfizer/BioNTech original + BA.1, Pfizer/BioNTech original + BA.4/5",6963366,6879707,4343732,737093,13843073
2022-12-04,"Moderna, Moderna bivalent BA.1, Pfizer/BioNTech, Pfizer/BioNTech Kids, Pfizer/BioNTech original + BA.4/5",6963368,6879707,4343743,737143,13843075
2022-12-05,"Indie, Johnson&Johnson, Moderna, Moderna bivalent BA.1, Pfizer/BioNTech, Pfizer/BioNTech Kids, Pfizer/BioNTech original + BA.1, Pfizer/BioNTech original + BA.4/5",6963393,6879735,4343962,739150,13843128
2022-12-06,"Indie, Johnson&Johnson, Moderna, Moderna bivalent BA.1, Pfizer/BioNTech, Pfizer/BioNTech Kids, Pfizer/BioNTech original + BA.1, Pfizer/BioNTech original + BA.4/5",6963410,6879763,4344197,742267,13843173
2022-12-07,"Indie, Johnson&Johnson, Moderna, Moderna bivalent BA.1, Pfizer/BioNTech, Pfizer/BioNTech Kids, Pfizer/BioNTech Mini, Pfizer/BioNTech original + BA.1, Pfizer/BioNTech original + BA.4/5",6963449,6879811,4344528,745625,13843260
2022-12-08,"Indie, Johnson&Johnson, Moderna, Moderna bivalent BA.1, Pfizer/BioNTech, Pfizer/BioNTech Kids, Pfizer/BioNTech original + BA.1, Pfizer/BioNTech original + BA.4/5",6963477,6879837,4344860,748915,13843314
2022-12-09,"Indie, Johnson&Johnson, Moderna, Moderna bivalent BA.1, Pfizer/BioNTech, Pfizer/BioNTech Kids, Pfizer/BioNTech original + BA.1, Pfizer/BioNTech original + BA.4/5",6963517,6879879,4345209,752222,13843396
2022-12-10,"Indie, Moderna bivalent BA.1, Pfizer/BioNTech, Pfizer/BioNTech Kids, Pfizer/BioNTech original + BA.4/5",6963519,6879881,4345235,752291,13843400
2022-12-11,"Indie, Pfizer/BioNTech, Pfizer/BioNTech Kids, Pfizer/BioNTech original + BA.4/5",6963521,6879883,4345253,752323,13843404
2022-12-12,"Indie, Johnson&Johnson, Moderna, Moderna bivalent BA.1, Pfizer/BioNTech, Pfizer/BioNTech Kids, Pfizer/BioNTech Mini, Pfizer/BioNTech original + BA.1, Pfizer/BioNTech original + BA.4/5",6963541,6879923,4345394,753607,13843464
2022-12-13,"Indie, Johnson&Johnson, Moderna, Moderna bivalent BA.1, Pfizer/BioNTech, Pfizer/BioNTech Kids, Pfizer/BioNTech Mini, Pfizer/BioNTech original + BA.1, Pfizer/BioNTech original + BA.4/5",6963571,6879957,4345597,755597,13843528
2022-12-14,"Indie, Moderna, Moderna bivalent BA.1, Pfizer/BioNTech, Pfizer/BioNTech Kids, Pfizer/BioNTech Mini, Pfizer/BioNTech original + BA.1, Pfizer/BioNTech original + BA.4/5",6963593,6879986,4345832,757550,13843579
2022-12-15,"Indie, Moderna, Moderna bivalent BA.1, Pfizer/BioNTech, Pfizer/BioNTech Kids, Pfizer/BioNTech original + BA.1, Pfizer/BioNTech original + BA.4/5",6963612,6880016,4346078,759602,13843628
2022-12-16,"Indie, Johnson&Johnson, Moderna, Moderna bivalent BA.1, Pfizer/BioNTech, Pfizer/BioNTech Kids, Pfizer/BioNTech original + BA.1, Pfizer/BioNTech original + BA.4/5",6963649,6880064,4346314,761828,13843713
2022-12-17,"Pfizer/BioNTech, Pfizer/BioNTech Kids, Pfizer/BioNTech original + BA.4/5",6963650,6880068,4346340,761932,13843718
2022-12-18,Pfizer/BioNTech original + BA.4/5,6963650,6880068,4346345,761955,13843718
2022-12-19,"Indie, Johnson&Johnson, Moderna, Moderna bivalent BA.1, Pfizer/BioNTech, Pfizer/BioNTech Kids, Pfizer/BioNTech Mini, Pfizer/BioNTech original + BA.1, Pfizer/BioNTech original + BA.4/5",6963675,6880102,4346484,762864,13843777
2022-12-20,"Indie, Johnson&Johnson, Moderna, Moderna bivalent BA.1, Pfizer/BioNTech, Pfizer/BioNTech Kids, Pfizer/BioNTech Mini, Pfizer/BioNTech original + BA.1, Pfizer/BioNTech original + BA.4/5",6963697,6880130,4346636,763698,13843827
2022-12-21,"Indie, Johnson&Johnson, Moderna, Moderna bivalent BA.1, Pfizer/BioNTech, Pfizer/BioNTech Kids, Pfizer/BioNTech Mini, Pfizer/BioNTech original + BA.1, Pfizer/BioNTech original + BA.4/5",6963718,6880159,4346762,764490,13843877
2022-12-22,"Indie, Moderna, Moderna bivalent BA.1, Pfizer/BioNTech, Pfizer/BioNTech Kids, Pfizer/BioNTech original + BA.1, Pfizer/BioNTech original + BA.4/5",6963744,6880187,4346882,765010,13843931
2022-12-23,"Johnson&Johnson, Moderna, Moderna bivalent BA.1, Pfizer/BioNTech, Pfizer/BioNTech Kids, Pfizer/BioNTech original + BA.1, Pfizer/BioNTech original + BA.4/5",6963755,6880204,4346917,765151,13843959
2022-12-25,Pfizer/BioNTech,6963755,6880204,4346917,765152,13843959
2022-12-26,Johnson&Johnson,6963756,6880205,4346917,765152,13843961
2022-12-27,"Indie, Moderna, Pfizer/BioNTech, Pfizer/BioNTech original + BA.1, Pfizer/BioNTech original + BA.4/5",6963757,6880217,4346937,765308,13843974
2022-12-28,"Indie, Johnson&Johnson, Moderna, Moderna bivalent BA.1, Pfizer/BioNTech, Pfizer/BioNTech Kids, Pfizer/BioNTech original + BA.1, Pfizer/BioNTech original + BA.4/5",6963772,6880235,4347013,765622,13844007
2022-12-29,"Indie, Moderna bivalent BA.1, Pfizer/BioNTech, Pfizer/BioNTech Kids, Pfizer/BioNTech original + BA.1, Pfizer/BioNTech original + BA.4/5",6963776,6880249,4347064,765856,13844025
2022-12-30,"Johnson&Johnson, Moderna, Moderna bivalent BA.1, Pfizer/BioNTech, Pfizer/BioNTech Kids, Pfizer/BioNTech original + BA.1, Pfizer/BioNTech original + BA.4/5",6963785,6880271,4347113,766003,13844056
2022-12-31,"Indie, Pfizer/BioNTech original + BA.4/5",6963785,6880273,4347114,766007,13844058
2023-01-01,"Pfizer/BioNTech, Pfizer/BioNTech original + BA.4/5",6963785,6880273,4347116,766010,13844058
2023-01-02,"Johnson&Johnson, Moderna, Moderna bivalent BA.1, Pfizer/BioNTech, Pfizer/BioNTech Kids, Pfizer/BioNTech original + BA.1, Pfizer/BioNTech original + BA.4/5",6963823,6880299,4347195,766340,13844122
2023-01-03,"Indie, Johnson&Johnson, Moderna, Moderna bivalent BA.1, Pfizer/BioNTech, Pfizer/BioNTech Kids, Pfizer/BioNTech original + BA.1, Pfizer/BioNTech original + BA.4/5",6963834,6880330,4347274,766768,13844164
2023-01-04,"Indie, Johnson&Johnson, Moderna, Moderna bivalent BA.1, Pfizer/BioNTech, Pfizer/BioNTech Kids, Pfizer/BioNTech Mini, Pfizer/BioNTech original + BA.1, Pfizer/BioNTech original + BA.4/5",6963858,6880361,4347418,767485,13844219
2023-01-05,"Indie, Johnson&Johnson, Moderna, Moderna bivalent BA.1, Pfizer/BioNTech, Pfizer/BioNTech Kids, Pfizer/BioNTech original + BA.1, Pfizer/BioNTech original + BA.4/5",6963881,6880382,4347555,768301,13844263
2023-01-06,"Indie, Johnson&Johnson, Moderna, Moderna bivalent BA.1, Pfizer/BioNTech, Pfizer/BioNTech Kids, Pfizer/BioNTech original + BA.1, Pfizer/BioNTech original + BA.4/5",6963934,6880454,4347835,769717,13844388
2023-01-07,"Pfizer/BioNTech, Pfizer/BioNTech Kids, Pfizer/BioNTech original + BA.4/5",6963936,6880459,4347863,769853,13844395
2023-01-08,"Pfizer/BioNTech, Pfizer/BioNTech original + BA.4/5",6963937,6880459,4347873,769871,13844396
2023-01-09,"Indie, Johnson&Johnson, Moderna, Moderna bivalent BA.1, Pfizer/BioNTech, Pfizer/BioNTech Kids, Pfizer/BioNTech Mini, Pfizer/BioNTech original + BA.1, Pfizer/BioNTech original + BA.4/5",6963989,6880518,4348016,770529,13844507
2023-01-10,"Johnson&Johnson, Moderna, Moderna bivalent BA.1, Pfizer/BioNTech, Pfizer/BioNTech Kids, Pfizer/BioNTech Mini, Pfizer/BioNTech original + BA.1, Pfizer/BioNTech original + BA.4/5",6964040,6880546,4348152,771251,13844586
2023-01-11,"Johnson&Johnson, Moderna, Moderna bivalent BA.1, Pfizer/BioNTech, Pfizer/BioNTech Kids, Pfizer/BioNTech Mini, Pfizer/BioNTech original + BA.1, Pfizer/BioNTech original + BA.4/5",6964070,6880579,4348375,772348,13844649
2023-01-12,"Indie, Johnson&Johnson, Moderna, Moderna bivalent BA.1, Pfizer/BioNTech, Pfizer/BioNTech Kids, Pfizer/BioNTech original + BA.1, Pfizer/BioNTech original + BA.4/5",6964100,6880609,4348575,773411,13844709
2023-01-13,"Indie, Johnson&Johnson, Moderna, Moderna bivalent BA.1, Pfizer/BioNTech, Pfizer/BioNTech Kids, Pfizer/BioNTech Mini, Pfizer/BioNTech original + BA.1, Pfizer/BioNTech original + BA.4/5",6964152,6880665,4348817,774651,13844817
2023-01-14,"Johnson&Johnson, Pfizer/BioNTech, Pfizer/BioNTech Kids, Pfizer/BioNTech original + BA.4/5",6964158,6880669,4348842,774702,13844827
2023-01-15,"Moderna, Moderna bivalent BA.1, Pfizer/BioNTech, Pfizer/BioNTech original + BA.4/5",6964159,6880669,4348843,774732,13844828
2023-01-16,"Johnson&Johnson, Moderna, Moderna bivalent BA.1, Pfizer/BioNTech, Pfizer/BioNTech Kids, Pfizer/BioNTech original + BA.1, Pfizer/BioNTech original + BA.4/5",6964183,6880687,4348960,775289,13844870
2023-01-17,"Moderna, Moderna bivalent BA.1, Pfizer/BioNTech, Pfizer/BioNTech Kids, Pfizer/BioNTech Mini, Pfizer/BioNTech original + BA.1, Pfizer/BioNTech original + BA.4/5",6964207,6880715,4349084,775939,13844922
2023-01-18,"Moderna, Moderna bivalent BA.1, Moderna bivalent BA.4-5, Pfizer/BioNTech, Pfizer/BioNTech Kids, Pfizer/BioNTech original + BA.1, Pfizer/BioNTech original + BA.4/5",6964226,6880726,4349248,776665,13844952
2023-01-19,"Indie, Johnson&Johnson, Moderna, Moderna bivalent BA.1, Pfizer/BioNTech, Pfizer/BioNTech Kids, Pfizer/BioNTech original + BA.1, Pfizer/BioNTech original + BA.4/5",6964253,6880745,4349365,777382,13844998
2023-01-20,"Johnson&Johnson, Moderna, Moderna bivalent BA.1, Moderna bivalent BA.4-5, Pfizer/BioNTech, Pfizer/BioNTech Kids, Pfizer/BioNTech original + BA.1, Pfizer/BioNTech original + BA.4/5",6964294,6880774,4349528,778335,13845068
2023-01-21,"Johnson&Johnson, Pfizer/BioNTech, Pfizer/BioNTech Kids, Pfizer/BioNTech original + BA.4/5",6964299,6880780,4349547,778358,13845079
2023-01-22,"Moderna, Pfizer/BioNTech original + BA.4/5",6964299,6880780,4349551,778368,13845079
2023-01-23,"Johnson&Johnson, Moderna, Moderna bivalent BA.1, Pfizer/BioNTech, Pfizer/BioNTech Kids, Pfizer/BioNTech original + BA.1, Pfizer/BioNTech original + BA.4/5",6964330,6880811,4349641,778662,13845141
2023-01-24,"Indie, Johnson&Johnson, Moderna, Moderna bivalent BA.1, Pfizer/BioNTech, Pfizer/BioNTech Kids, Pfizer/BioNTech original + BA.1, Pfizer/BioNTech original + BA.4/5",6964340,6880821,4349740,779029,13845161
2023-01-25,"Indie, Johnson&Johnson, Moderna, Moderna bivalent BA.1, Moderna bivalent BA.4-5, Pfizer/BioNTech, Pfizer/BioNTech Kids, Pfizer/BioNTech Mini, Pfizer/BioNTech original + BA.1, Pfizer/BioNTech original + BA.4/5",6964358,6880838,4349858,779595,13845196
2023-01-26,"Johnson&Johnson, Moderna, Moderna bivalent BA.1, Pfizer/BioNTech, Pfizer/BioNTech Kids, Pfizer/BioNTech original + BA.1, Pfizer/BioNTech original + BA.4/5",6964381,6880872,4349953,780043,13845253
2023-01-27,"Johnson&Johnson, Moderna, Moderna bivalent BA.1, Moderna bivalent BA.4-5, Pfizer/BioNTech, Pfizer/BioNTech Kids, Pfizer/BioNTech original + BA.1, Pfizer/BioNTech original + BA.4/5",6964431,6880926,4350110,780770,13845357
2023-01-28,"Pfizer/BioNTech, Pfizer/BioNTech Kids, Pfizer/BioNTech original + BA.4/5",6964431,6880928,4350122,780838,13845359
2023-01-30,"Johnson&Johnson, Moderna, Moderna bivalent BA.1, Pfizer/BioNTech, Pfizer/BioNTech Kids, Pfizer/BioNTech Mini, Pfizer/BioNTech original + BA.1, Pfizer/BioNTech original + BA.4/5",6964465,6880949,4350209,781160,13845414
2023-01-31,"Johnson&Johnson, Moderna bivalent BA.1, Pfizer/BioNTech, Pfizer/BioNTech Kids, Pfizer/BioNTech original + BA.1, Pfizer/BioNTech original + BA.4/5",6964487,6880972,4350273,781513,13845459
2023-02-01,"Johnson&Johnson, Moderna, Moderna bivalent BA.1, Pfizer/BioNTech, Pfizer/BioNTech Kids, Pfizer/BioNTech Mini, Pfizer/BioNTech original + BA.1, Pfizer/BioNTech original + BA.4/5",6964515,6880995,4350347,781841,13845510
2023-02-02,"Johnson&Johnson, Moderna, Moderna bivalent BA.1, Pfizer/BioNTech, Pfizer/BioNTech Kids, Pfizer/BioNTech original + BA.1, Pfizer/BioNTech original + BA.4/5",6964538,6881022,4350430,782178,13845560
2023-02-03,"Johnson&Johnson, Moderna, Moderna bivalent BA.1, Pfizer/BioNTech, Pfizer/BioNTech Kids, Pfizer/BioNTech original + BA.1, Pfizer/BioNTech original + BA.4/5",6964582,6881075,4350581,782683,13845657
2023-02-04,"Johnson&Johnson, Pfizer/BioNTech, Pfizer/BioNTech Kids, Pfizer/BioNTech original + BA.4/5",6964587,6881079,4350582,782687,13845666
2023-02-05,Moderna,6964589,6881080,4350582,782688,13845669
2023-02-06,"Johnson&Johnson, Moderna, Pfizer/BioNTech, Pfizer/BioNTech Kids, Pfizer/BioNTech original + BA.1, Pfizer/BioNTech original + BA.4/5",6964625,6881105,4350628,782858,13845730
2023-02-07,"Johnson&Johnson, Moderna, Moderna bivalent BA.1, Pfizer/BioNTech, Pfizer/BioNTech Kids, Pfizer/BioNTech original + BA.1, Pfizer/BioNTech original + BA.4/5",6964641,6881119,4350693,783134,13845760
2023-02-08,"Johnson&Johnson, Moderna, Moderna bivalent BA.1, Pfizer/BioNTech, Pfizer/BioNTech Kids, Pfizer/BioNTech Mini, Pfizer/BioNTech original + BA.1, Pfizer/BioNTech original + BA.4/5",6964655,6881147,4350750,783355,13845802
2023-02-09,"Johnson&Johnson, Moderna bivalent BA.1, Pfizer/BioNTech, Pfizer/BioNTech Kids, Pfizer/BioNTech original + BA.1, Pfizer/BioNTech original + BA.4/5",6964672,6881169,4350818,783661,13845841
2023-02-10,"Johnson&Johnson, Moderna, Moderna bivalent BA.1, Pfizer/BioNTech, Pfizer/BioNTech Kids, Pfizer/BioNTech original + BA.1, Pfizer/BioNTech original + BA.4/5",6964705,6881216,4350921,783983,13845921
2023-02-11,"Pfizer/BioNTech, Pfizer/BioNTech original + BA.4/5",6964706,6881218,4350924,783991,13845924
2023-02-12,Pfizer/BioNTech original + BA.4/5,6964706,6881218,4350924,783993,13845924
2023-02-13,"Johnson&Johnson, Moderna, Moderna bivalent BA.1, Pfizer/BioNTech, Pfizer/BioNTech Kids, Pfizer/BioNTech original + BA.1, Pfizer/BioNTech original + BA.4/5",6964724,6881259,4350978,784154,13845983
2023-02-14,"Johnson&Johnson, Moderna bivalent BA.1, Pfizer/BioNTech, Pfizer/BioNTech Kids, Pfizer/BioNTech Mini, Pfizer/BioNTech original + BA.1, Pfizer/BioNTech original + BA.4/5",6964741,6881274,4351016,784307,13846015
2023-02-15,"Johnson&Johnson, Moderna, Moderna bivalent BA.1, Pfizer/BioNTech, Pfizer/BioNTech Kids, Pfizer/BioNTech Mini, Pfizer/BioNTech original + BA.4/5",6964755,6881292,4351071,784505,13846047
2023-02-16,"Johnson&Johnson, Moderna, Moderna bivalent BA.1, Pfizer/BioNTech, Pfizer/BioNTech Kids, Pfizer/BioNTech Mini, Pfizer/BioNTech original + BA.1, Pfizer/BioNTech original + BA.4/5",6964768,6881311,4351123,784729,13846079
2023-02-17,"Johnson&Johnson, Moderna, Moderna bivalent BA.1, Pfizer/BioNTech, Pfizer/BioNTech Kids, Pfizer/BioNTech original + BA.1, Pfizer/BioNTech original + BA.4/5",6964790,6881343,4351214,785094,13846133
2023-02-18,"Johnson&Johnson, Pfizer/BioNTech, Pfizer/BioNTech Kids, Pfizer/BioNTech original + BA.4/5",6964795,6881345,4351220,785098,13846140
2023-02-20,"Johnson&Johnson, Moderna, Pfizer/BioNTech, Pfizer/BioNTech Kids, Pfizer/BioNTech Mini, Pfizer/BioNTech original + BA.1, Pfizer/BioNTech original + BA.4/5",6964805,6881365,4351268,785201,13846170
2023-02-21,"Johnson&Johnson, Moderna, Moderna bivalent BA.1, Pfizer/BioNTech, Pfizer/BioNTech Kids, Pfizer/BioNTech original + BA.1, Pfizer/BioNTech original + BA.4/5",6964820,6881382,4351314,785345,13846202
2023-02-22,"Johnson&Johnson, Moderna, Moderna bivalent BA.1, Pfizer/BioNTech, Pfizer/BioNTech Kids, Pfizer/BioNTech original + BA.1, Pfizer/BioNTech original + BA.4/5",6964829,6881398,4351363,785504,13846227
2023-02-23,"Johnson&Johnson, Moderna, Moderna bivalent BA.1, Pfizer/BioNTech, Pfizer/BioNTech Kids, Pfizer/BioNTech Mini, Pfizer/BioNTech original + BA.1, Pfizer/BioNTech original + BA.4/5",6964842,6881421,4351435,785747,13846263
2023-02-24,"Johnson&Johnson, Moderna, Moderna bivalent BA.1, Pfizer/BioNTech, Pfizer/BioNTech Kids, Pfizer/BioNTech original + BA.1, Pfizer/BioNTech original + BA.4/5",6964870,6881453,4351504,786071,13846323
2023-02-25,"Johnson&Johnson, Moderna, Pfizer/BioNTech, Pfizer/BioNTech Kids, Pfizer/BioNTech original + BA.1, Pfizer/BioNTech original + BA.4/5",6964873,6881456,4351520,786108,13846329
2023-02-26,Pfizer/BioNTech original + BA.4/5,6964873,6881456,4351521,786108,13846329
2023-02-27,"Johnson&Johnson, Moderna, Moderna bivalent BA.1, Pfizer/BioNTech, Pfizer/BioNTech Kids, Pfizer/BioNTech Mini, Pfizer/BioNTech original + BA.1, Pfizer/BioNTech original + BA.4/5",6964889,6881474,4351561,786227,13846363
2023-02-28,"Johnson&Johnson, Moderna bivalent BA.1, Pfizer/BioNTech, Pfizer/BioNTech Kids, Pfizer/BioNTech Mini, Pfizer/BioNTech original + BA.1, Pfizer/BioNTech original + BA.4/5",6964909,6881506,4351591,786349,13846415
2023-03-01,"Johnson&Johnson, Moderna, Moderna bivalent BA.1, Pfizer/BioNTech, Pfizer/BioNTech Kids, Pfizer/BioNTech Mini, Pfizer/BioNTech original + BA.1, Pfizer/BioNTech original + BA.4/5",6964934,6881519,4351630,786434,13846453
2023-03-02,"Johnson&Johnson, Moderna, Moderna bivalent BA.1, Pfizer/BioNTech, Pfizer/BioNTech Kids, Pfizer/BioNTech original + BA.1, Pfizer/BioNTech original + BA.4/5",6964940,6881531,4351682,786547,13846471
2023-03-03,"Johnson&Johnson, Moderna, Moderna bivalent BA.1, Pfizer/BioNTech, Pfizer/BioNTech Kids, Pfizer/BioNTech original + BA.1, Pfizer/BioNTech original + BA.4/5",6964964,6881552,4351756,786754,13846516
2023-03-04,"Pfizer/BioNTech, Pfizer/BioNTech original + BA.4/5",6964965,6881553,4351760,786760,13846518
2023-03-05,Pfizer/BioNTech original + BA.4/5,6964965,6881553,4351761,786760,13846518
2023-03-06,"Johnson&Johnson, Moderna, Moderna bivalent BA.1, Pfizer/BioNTech, Pfizer/BioNTech Kids, Pfizer/BioNTech Mini, Pfizer/BioNTech original + BA.1, Pfizer/BioNTech original + BA.4/5",6964981,6881565,4351785,786858,13846546
2023-03-07,"Johnson&Johnson, Moderna, Moderna bivalent BA.1, Pfizer/BioNTech, Pfizer/BioNTech Kids, Pfizer/BioNTech original + BA.1, Pfizer/BioNTech original + BA.4/5",6964995,6881583,4351810,786969,13846578
2023-03-08,"Johnson&Johnson, Moderna bivalent BA.1, Pfizer/BioNTech, Pfizer/BioNTech Kids, Pfizer/BioNTech original + BA.1, Pfizer/BioNTech original + BA.4/5",6965014,6881594,4351832,787066,13846608
2023-03-09,"Johnson&Johnson, Moderna, Moderna bivalent BA.1, Pfizer/BioNTech, Pfizer/BioNTech Mini, Pfizer/BioNTech original + BA.1, Pfizer/BioNTech original + BA.4/5",6965026,6881606,4351872,787227,13846632
2023-03-10,"Johnson&Johnson, Moderna, Moderna bivalent BA.1, Pfizer/BioNTech, Pfizer/BioNTech Kids, Pfizer/BioNTech original + BA.1, Pfizer/BioNTech original + BA.4/5",6965066,6881645,4351941,787453,13846711
2023-03-11,"Pfizer/BioNTech, Pfizer/BioNTech original + BA.4/5",6965066,6881647,4351941,787457,13846713
2023-03-12,Pfizer/BioNTech,6965066,6881647,4351941,787563,13846713
2023-03-13,"Johnson&Johnson, Moderna bivalent BA.1, Pfizer/BioNTech, Pfizer/BioNTech Kids, Pfizer/BioNTech original + BA.1, Pfizer/BioNTech original + BA.4/5",6965081,6881662,4351964,787622,13846743
2023-03-14,"Johnson&Johnson, Moderna, Moderna bivalent BA.1, Pfizer/BioNTech, Pfizer/BioNTech Kids, Pfizer/BioNTech Mini, Pfizer/BioNTech original + BA.1, Pfizer/BioNTech original + BA.4/5",6965092,6881675,4351992,787703,13846767
2023-03-15,"Johnson&Johnson, Moderna bivalent BA.1, Pfizer/BioNTech, Pfizer/BioNTech Kids, Pfizer/BioNTech Mini, Pfizer/BioNTech original + BA.1, Pfizer/BioNTech original + BA.4/5",6965107,6881684,4352051,787792,13846791
2023-03-16,"Johnson&Johnson, Moderna bivalent BA.1, Pfizer/BioNTech, Pfizer/BioNTech Kids, Pfizer/BioNTech original + BA.1, Pfizer/BioNTech original + BA.4/5",6965114,6881694,4352082,787897,13846808
2023-03-17,"Johnson&Johnson, Moderna, Moderna bivalent BA.1, Pfizer/BioNTech, Pfizer/BioNTech Kids, Pfizer/BioNTech Mini, Pfizer/BioNTech original + BA.1, Pfizer/BioNTech original + BA.4/5",6965123,6881711,4352129,788022,13846834
2023-03-18,"Johnson&Johnson, Pfizer/BioNTech, Pfizer/BioNTech Kids, Pfizer/BioNTech original + BA.4/5",6965125,6881713,4352129,788023,13846838
2023-03-20,"Johnson&Johnson, Moderna, Pfizer/BioNTech, Pfizer/BioNTech Kids, Pfizer/BioNTech original + BA.1, Pfizer/BioNTech original + BA.4/5",6965135,6881729,4352173,788114,13846864
2023-03-21,"Moderna bivalent BA.1, Pfizer/BioNTech, Pfizer/BioNTech original + BA.4/5",6965142,6881744,4352198,788167,13846886
2023-03-22,"Johnson&Johnson, Moderna bivalent BA.1, Pfizer/BioNTech, Pfizer/BioNTech Kids, Pfizer/BioNTech Mini, Pfizer/BioNTech original + BA.1, Pfizer/BioNTech original + BA.4/5",6965160,6881757,4352238,788224,13846917
2023-03-23,"Johnson&Johnson, Moderna, Moderna bivalent BA.1, Pfizer/BioNTech, Pfizer/BioNTech Kids, Pfizer/BioNTech original + BA.4/5",6965165,6881770,4352266,788287,13846935
2023-03-24,"Johnson&Johnson, Moderna, Moderna bivalent BA.1, Pfizer/BioNTech, Pfizer/BioNTech Kids, Pfizer/BioNTech original + BA.1, Pfizer/BioNTech original + BA.4/5",6965183,6881793,4352325,788371,13846976
2023-03-25,"Pfizer/BioNTech, Pfizer/BioNTech Kids, Pfizer/BioNTech original + BA.4/5",6965183,6881795,4352335,788384,13846978
2023-03-27,"Johnson&Johnson, Moderna bivalent BA.1, Pfizer/BioNTech, Pfizer/BioNTech Kids, Pfizer/BioNTech original + BA.1, Pfizer/BioNTech original + BA.4/5",6965194,6881806,4352362,788450,13847000
2023-03-28,"Johnson&Johnson, Moderna bivalent BA.1, Pfizer/BioNTech, Pfizer/BioNTech original + BA.1, Pfizer/BioNTech original + BA.4/5",6965206,6881816,4352382,788507,13847022
2023-03-29,"Moderna bivalent BA.1, Moderna bivalent BA.4-5, Pfizer/BioNTech, Pfizer/BioNTech Kids, Pfizer/BioNTech Mini, Pfizer/BioNTech original + BA.1, Pfizer/BioNTech original + BA.4/5",6965210,6881837,4352416,788552,13847047
2023-03-30,"Moderna bivalent BA.1, Pfizer/BioNTech, Pfizer/BioNTech original + BA.1, Pfizer/BioNTech original + BA.4/5",6965215,6881849,4352448,788661,13847064
2023-03-31,"Johnson&Johnson, Moderna, Moderna bivalent BA.1, Pfizer/BioNTech, Pfizer/BioNTech Kids, Pfizer/BioNTech original + BA.1, Pfizer/BioNTech original + BA.4/5",6965253,6881884,4352493,788750,13847137
2023-04-01,"Pfizer/BioNTech, Pfizer/BioNTech Kids, Pfizer/BioNTech original + BA.4/5",6965253,6881887,4352499,788754,13847140
2023-04-02,"Moderna, Pfizer/BioNTech original + BA.1, Pfizer/BioNTech original + BA.4/5",6965254,6881889,4352500,788754,13847143
2023-04-03,"Moderna, Moderna bivalent BA.1, Pfizer/BioNTech, Pfizer/BioNTech original + BA.1, Pfizer/BioNTech original + BA.4/5",6965261,6881899,4352515,788779,13847160
2023-04-04,"Moderna, Moderna bivalent BA.1, Pfizer/BioNTech, Pfizer/BioNTech Kids, Pfizer/BioNTech original + BA.1, Pfizer/BioNTech original + BA.4/5",6965269,6881910,4352528,788806,13847179
2023-04-05,"Johnson&Johnson, Moderna bivalent BA.1, Pfizer/BioNTech, Pfizer/BioNTech Kids, Pfizer/BioNTech Mini, Pfizer/BioNTech original + BA.1, Pfizer/BioNTech original + BA.4/5",6965282,6881928,4352565,788866,13847210
2023-04-06,"Johnson&Johnson, Moderna, Moderna bivalent BA.1, Pfizer/BioNTech, Pfizer/BioNTech Kids, Pfizer/BioNTech original + BA.1, Pfizer/BioNTech original + BA.4/5",6965302,6881951,4352587,788926,13847253
2023-04-07,"Pfizer/BioNTech Kids, Pfizer/BioNTech original + BA.1",6965304,6881951,4352587,788926,13847255
2023-04-10,"Johnson&Johnson, Pfizer/BioNTech",6965305,6881952,4352587,788927,13847257
2023-04-11,"Johnson&Johnson, Moderna, Moderna bivalent BA.1, Pfizer/BioNTech, Pfizer/BioNTech Kids, Pfizer/BioNTech Mini, Pfizer/BioNTech original + BA.1, Pfizer/BioNTech original + BA.4/5",6965313,6881959,4352609,788946,13847272
2023-04-12,"Johnson&Johnson, Moderna bivalent BA.4-5, Pfizer/BioNTech, Pfizer/BioNTech Kids, Pfizer/BioNTech Mini, Pfizer/BioNTech original + BA.4/5",6965324,6881975,4352635,788978,13847299
2023-04-13,"Moderna bivalent BA.1, Pfizer/BioNTech, Pfizer/BioNTech original + BA.1, Pfizer/BioNTech original + BA.4/5",6965327,6881980,4352657,789010,13847307
2023-04-14,"Johnson&Johnson, Moderna, Moderna bivalent BA.1, Pfizer/BioNTech, Pfizer/BioNTech Kids, Pfizer/BioNTech original + BA.1, Pfizer/BioNTech original + BA.4/5",6965355,6882002,4352696,789057,13847357
2023-04-15,Pfizer/BioNTech original + BA.4/5,6965355,6882002,4352703,789058,13847357
2023-04-17,"Moderna, Moderna bivalent BA.1, Moderna bivalent BA.4-5, Pfizer/BioNTech, Pfizer/BioNTech original + BA.4/5",6965362,6882015,4352728,789083,13847377
2023-04-18,"Moderna bivalent BA.1, Pfizer/BioNTech, Pfizer/BioNTech Mini, Pfizer/BioNTech original + BA.1, Pfizer/BioNTech original + BA.4/5",6965372,6882021,4352752,789168,13847393
2023-04-19,"Johnson&Johnson, Moderna bivalent BA.1, Pfizer/BioNTech, Pfizer/BioNTech Kids, Pfizer/BioNTech Mini, Pfizer/BioNTech original + BA.4/5",6965382,6882035,4352788,789213,13847417
2023-04-20,"Johnson&Johnson, Moderna bivalent BA.1, Pfizer/BioNTech, Pfizer/BioNTech original + BA.1, Pfizer/BioNTech original + BA.4/5",6965391,6882043,4352810,789274,13847434
2023-04-21,"Johnson&Johnson, Moderna bivalent BA.1, Pfizer/BioNTech, Pfizer/BioNTech original + BA.1, Pfizer/BioNTech original + BA.4/5",6965423,6882069,4352847,789301,13847492
2023-04-22,"Pfizer/BioNTech, Pfizer/BioNTech Kids, Pfizer/BioNTech original + BA.4/5",6965423,6882070,4352853,789306,13847493
2023-04-24,"Johnson&Johnson, Moderna bivalent BA.1, Pfizer/BioNTech, Pfizer/BioNTech Kids, Pfizer/BioNTech original + BA.1, Pfizer/BioNTech original + BA.4/5",6965433,6882080,4352872,789341,13847513
2023-04-25,"Pfizer/BioNTech, Pfizer/BioNTech Mini, Pfizer/BioNTech original + BA.1, Pfizer/BioNTech original + BA.4/5",6965435,6882092,4352894,789360,13847527
2023-04-26,"Moderna, Moderna bivalent BA.1, Moderna bivalent BA.4-5, Pfizer/BioNTech, Pfizer/BioNTech Kids, Pfizer/BioNTech Mini, Pfizer/BioNTech original + BA.1, Pfizer/BioNTech original + BA.4/5",6965443,6882103,4352924,789394,13847546
2023-04-27,"Johnson&Johnson, Moderna, Moderna bivalent BA.1, Pfizer/BioNTech, Pfizer/BioNTech original + BA.1, Pfizer/BioNTech original + BA.4/5",6965453,6882113,4352939,789408,13847566
2023-04-28,"Johnson&Johnson, Moderna, Moderna bivalent BA.1, Pfizer/BioNTech, Pfizer/BioNTech Kids, Pfizer/BioNTech original + BA.1, Pfizer/BioNTech original + BA.4/5",6965470,6882137,4352961,789457,13847607
2023-04-30,"Moderna, Pfizer/BioNTech original + BA.1, Pfizer/BioNTech original + BA.4/5",6965470,6882141,4352962,789457,13847611
2023-05-02,"Moderna, Moderna bivalent BA.1, Pfizer/BioNTech, Pfizer/BioNTech original + BA.1, Pfizer/BioNTech original + BA.4/5",6965472,6882145,4352980,789471,13847617
2023-05-03,"Johnson&Johnson, Moderna, Pfizer/BioNTech, Pfizer/BioNTech Kids, Pfizer/BioNTech original + BA.1, Pfizer/BioNTech original + BA.4/5",6965482,6882155,4353005,789497,13847637
2023-05-04,"Johnson&Johnson, Moderna, Moderna bivalent BA.1, Pfizer/BioNTech, Pfizer/BioNTech original + BA.1, Pfizer/BioNTech original + BA.4/5",6965488,6882168,4353028,789528,13847656
2023-05-05,"Johnson&Johnson, Moderna bivalent BA.1, Pfizer/BioNTech, Pfizer/BioNTech Kids, Pfizer/BioNTech original + BA.4/5",6965499,6882181,4353044,789553,13847680
2023-05-06,Pfizer/BioNTech,6965501,6882181,4353044,789553,13847682
2023-05-08,Pfizer/BioNTech original + BA.4/5,6965501,6882181,4353045,789553,13847682
2023-05-09,"Johnson&Johnson, Pfizer/BioNTech, Pfizer/BioNTech Kids, Pfizer/BioNTech original + BA.4/5",6965506,6882186,4353053,789567,13847692
2023-05-10,"Johnson&Johnson, Pfizer/BioNTech, Pfizer/BioNTech Kids, Pfizer/BioNTech Mini, Pfizer/BioNTech original + BA.1, Pfizer/BioNTech original + BA.4/5",6965517,6882193,4353069,789592,13847710
2023-05-11,"Johnson&Johnson, Pfizer/BioNTech, Pfizer/BioNTech original + BA.1, Pfizer/BioNTech original + BA.4/5",6965523,6882198,4353077,789607,13847721
2023-05-12,"Johnson&Johnson, Moderna bivalent BA.4-5, Pfizer/BioNTech, Pfizer/BioNTech original + BA.4/5",6965533,6882214,4353087,789621,13847747
2023-05-13,Pfizer/BioNTech original + BA.4/5,6965533,6882214,4353088,789623,13847747
2023-05-15,"Pfizer/BioNTech, Pfizer/BioNTech original + BA.1, Pfizer/BioNTech original + BA.4/5",6965535,6882218,4353098,789634,13847753
2023-05-16,"Moderna bivalent BA.1, Pfizer/BioNTech, Pfizer/BioNTech Mini, Pfizer/BioNTech original + BA.1, Pfizer/BioNTech original + BA.4/5",6965538,6882222,4353103,789646,13847760
2023-05-17,"Moderna, Pfizer/BioNTech, Pfizer/BioNTech Kids, Pfizer/BioNTech Mini, Pfizer/BioNTech original + BA.4/5",6965544,6882230,4353119,789662,13847774
2023-05-18,"Johnson&Johnson, Moderna bivalent BA.1, Pfizer/BioNTech, Pfizer/BioNTech original + BA.4/5",6965548,6882237,4353127,789676,13847785
2023-05-19,"Moderna bivalent BA.1, Pfizer/BioNTech, Pfizer/BioNTech Kids, Pfizer/BioNTech original + BA.4/5",6965550,6882242,4353136,789693,13847792
2023-05-20,"Pfizer/BioNTech, Pfizer/BioNTech Kids, Pfizer/BioNTech original + BA.4/5",6965551,6882242,4353139,789693,13847793
2023-05-22,"Pfizer/BioNTech, Pfizer/BioNTech original + BA.4/5",6965551,6882242,4353141,789701,13847793
2023-05-23,"Moderna bivalent BA.1, Pfizer/BioNTech, Pfizer/BioNTech original + BA.4/5",6965552,6882245,4353145,789706,13847797
2023-05-24,"Pfizer/BioNTech, Pfizer/BioNTech Kids, Pfizer/BioNTech Mini, Pfizer/BioNTech original + BA.4/5",6965554,6882251,4353148,789712,13847805
2023-05-25,"Johnson&Johnson, Moderna bivalent BA.1, Pfizer/BioNTech, Pfizer/BioNTech Mini, Pfizer/BioNTech original + BA.4/5",6965559,6882259,4353153,789724,13847818
2023-05-26,"Moderna bivalent BA.1, Pfizer/BioNTech, Pfizer/BioNTech original + BA.1, Pfizer/BioNTech original + BA.4/5",6965565,6882263,4353177,789743,13847828
2023-05-27,Pfizer/BioNTech original + BA.4/5,6965565,6882263,4353177,789744,13847828
2023-05-28,Pfizer/BioNTech original + BA.1,6965566,6882263,4353177,789744,13847829
2023-05-29,"Pfizer/BioNTech, Pfizer/BioNTech original + BA.4/5",6965567,6882264,4353179,789748,13847831
2023-05-30,"Pfizer/BioNTech, Pfizer/BioNTech Kids, Pfizer/BioNTech original + BA.4/5",6965572,6882265,4353186,789755,13847837
2023-05-31,"Pfizer/BioNTech, Pfizer/BioNTech Kids, Pfizer/BioNTech Mini, Pfizer/BioNTech original + BA.1, Pfizer/BioNTech original + BA.4/5",6965580,6882270,4353202,789771,13847850
2023-06-01,"Moderna bivalent BA.1, Pfizer/BioNTech, Pfizer/BioNTech original + BA.1, Pfizer/BioNTech original + BA.4/5",6965582,6882273,4353211,789777,13847855
2023-06-02,"Pfizer/BioNTech, Pfizer/BioNTech Kids, Pfizer/BioNTech original + BA.4/5",6965584,6882277,4353218,789784,13847861
2023-06-03,Pfizer/BioNTech original + BA.4/5,6965584,6882277,4353218,789786,13847861
2023-06-05,"Moderna bivalent BA.1, Pfizer/BioNTech, Pfizer/BioNTech original + BA.4/5",6965585,6882278,4353230,789793,13847863
2023-06-06,"Pfizer/BioNTech, Pfizer/BioNTech original + BA.1, Pfizer/BioNTech original + BA.4/5",6965586,6882278,4353232,789797,13847864
2023-06-07,"Moderna bivalent BA.1, Pfizer/BioNTech, Pfizer/BioNTech Kids, Pfizer/BioNTech Mini, Pfizer/BioNTech original + BA.1, Pfizer/BioNTech original + BA.4/5",6965587,6882285,4353242,789828,13847872
2023-06-08,"Johnson&Johnson, Moderna bivalent BA.1, Pfizer/BioNTech, Pfizer/BioNTech original + BA.4/5",6965590,6882286,4353248,789839,13847876
2023-06-09,"Johnson&Johnson, Moderna bivalent BA.4-5, Pfizer/BioNTech, Pfizer/BioNTech original + BA.1, Pfizer/BioNTech original + BA.4/5",6965594,6882290,4353251,789854,13847884
2023-06-10,"Pfizer/BioNTech, Pfizer/BioNTech Kids, Pfizer/BioNTech original + BA.4/5",6965596,6882291,4353252,789854,13847887
2023-06-12,"Moderna bivalent BA.4-5, Pfizer/BioNTech, Pfizer/BioNTech original + BA.4/5",6965597,6882292,4353258,789861,13847889
2023-06-13,"Moderna, Pfizer/BioNTech, Pfizer/BioNTech original + BA.4/5",6965597,6882299,4353259,789864,13847896
2023-06-14,"Pfizer/BioNTech, Pfizer/BioNTech Mini, Pfizer/BioNTech original + BA.4/5",6965599,6882303,4353267,789910,13847902
2023-06-15,"Pfizer/BioNTech, Pfizer/BioNTech original + BA.4/5",6965600,6882304,4353269,789916,13847904
2023-06-16,"Johnson&Johnson, Moderna bivalent BA.1, Pfizer/BioNTech, Pfizer/BioNTech original + BA.4/5",6965602,6882308,4353269,789919,13847910
2023-06-17,Pfizer/BioNTech original + BA.4/5,6965602,6882308,4353269,789920,13847910
2023-06-19,"Johnson&Johnson, Moderna bivalent BA.1, Pfizer/BioNTech, Pfizer/BioNTech original + BA.1, Pfizer/BioNTech original + BA.4/5",6965603,6882311,4353285,789930,13847914
2023-06-20,"Pfizer/BioNTech, Pfizer/BioNTech original + BA.1, Pfizer/BioNTech original + BA.4/5",6965604,6882313,4353289,789931,13847917
2023-06-21,"Moderna bivalent BA.4-5, Pfizer/BioNTech, Pfizer/BioNTech Kids, Pfizer/BioNTech Mini, Pfizer/BioNTech original + BA.4/5",6965606,6882316,4353295,789935,13847922
2023-06-22,"Moderna bivalent BA.1, Pfizer/BioNTech, Pfizer/BioNTech original + BA.4/5",6965607,6882319,4353299,789938,13847926
2023-06-23,"Pfizer/BioNTech, Pfizer/BioNTech original + BA.4/5",6965608,6882320,4353302,789946,13847928
2023-06-26,"Pfizer/BioNTech, Pfizer/BioNTech Kids, Pfizer/BioNTech Mini, Pfizer/BioNTech original + BA.4/5",6965610,6882324,4353304,789953,13847934
2023-06-27,Pfizer/BioNTech original + BA.4/5,6965610,6882324,4353308,789953,13847934
2023-06-28,"Moderna bivalent BA.1, Moderna bivalent BA.4-5, Pfizer/BioNTech, Pfizer/BioNTech Kids, Pfizer/BioNTech original + BA.4/5",6965614,6882326,4353312,789965,13847940
2023-06-29,"Moderna bivalent BA.1, Pfizer/BioNTech, Pfizer/BioNTech original + BA.4/5",6965614,6882328,4353317,789970,13847942
2023-06-30,"Johnson&Johnson, Pfizer/BioNTech, Pfizer/BioNTech original + BA.4/5",6965616,6882332,4353319,789975,13847948
2023-07-02,Pfizer/BioNTech,6965616,6882333,4353319,789975,13847949
2023-07-03,"Moderna bivalent BA.1, Pfizer/BioNTech, Pfizer/BioNTech original + BA.4/5",6965616,6882335,4353321,789979,13847951
2023-07-04,Pfizer/BioNTech original + BA.4/5,6965617,6882335,4353323,789980,13847952
2023-07-06,Pfizer/BioNTech original + BA.1,6965617,6882336,4353323,789980,13847953
2023-07-10,"Pfizer/BioNTech, Pfizer/BioNTech original + BA.4/5",6965617,6882337,4353324,789981,13847954
2023-07-11,"Johnson&Johnson, Pfizer/BioNTech original + BA.4/5",6965618,6882338,4353325,789983,13847956
2023-07-12,"Pfizer/BioNTech Kids, Pfizer/BioNTech original + BA.4/5",6965620,6882338,4353330,789987,13847958
2023-07-13,"Moderna, Pfizer/BioNTech original + BA.4/5",6965620,6882338,4353332,789993,13847958
2023-07-14,"Moderna bivalent BA.4-5, Pfizer/BioNTech, Pfizer/BioNTech original + BA.4/5",6965621,6882339,4353335,789996,13847960
2023-07-17,"Pfizer/BioNTech Kids, Pfizer/BioNTech original + BA.4/5",6965622,6882339,4353339,789999,13847961
2023-07-18,Pfizer/BioNTech original + BA.4/5,6965622,6882339,4353340,790002,13847961
2023-07-19,"Pfizer/BioNTech Kids, Pfizer/BioNTech Mini, Pfizer/BioNTech original + BA.4/5",6965625,6882342,4353342,790010,13847967
2023-07-20,"Johnson&Johnson, Pfizer/BioNTech original + BA.4/5",6965626,6882344,4353343,790015,13847970
2023-07-21,Pfizer/BioNTech original + BA.4/5,6965626,6882344,4353344,790019,13847970
2023-07-24,"Pfizer/BioNTech, Pfizer/BioNTech Kids, Pfizer/BioNTech original + BA.4/5",6965626,6882345,4353346,790023,13847971
2023-07-25,Pfizer/BioNTech original + BA.4/5,6965626,6882345,4353348,790024,13847971
2023-07-26,"Pfizer/BioNTech, Pfizer/BioNTech Mini, Pfizer/BioNTech original + BA.4/5",6965627,6882345,4353356,790029,13847972
2023-07-27,"Moderna, Pfizer/BioNTech, Pfizer/BioNTech original + BA.4/5",6965628,6882347,4353356,790032,13847975
2023-07-28,"Johnson&Johnson, Pfizer/BioNTech original + BA.4/5",6965629,6882348,4353357,790034,13847977
2023-07-31,Pfizer/BioNTech original + BA.4/5,6965629,6882348,4353358,790040,13847977
2023-08-01,"Johnson&Johnson, Moderna bivalent BA.1, Pfizer/BioNTech, Pfizer/BioNTech original + BA.4/5",6965631,6882349,4353361,790041,13847980
2023-08-02,"Johnson&Johnson, Pfizer/BioNTech original + BA.4/5",6965632,6882350,4353361,790048,13847982
2023-08-03,Pfizer/BioNTech original + BA.4/5,6965634,6882351,4353364,790050,13847985
2023-08-04,Pfizer/BioNTech original + BA.4/5,6965635,6882351,4353365,790052,13847986
2023-08-05,Pfizer/BioNTech,6965635,6882351,4353366,790052,13847986
2023-08-07,Pfizer/BioNTech original + BA.4/5,6965635,6882351,4353366,790054,13847986
2023-08-08,"Pfizer/BioNTech Mini, Pfizer/BioNTech original + BA.4/5",6965635,6882352,4353367,790055,13847987
2023-08-09,"Pfizer/BioNTech, Pfizer/BioNTech original + BA.1, Pfizer/BioNTech original + BA.4/5",6965636,6882352,4353369,790062,13847988
2023-08-10,Pfizer/BioNTech original + BA.4/5,6965639,6882352,4353371,790064,13847991
2023-08-11,"Pfizer/BioNTech Kids, Pfizer/BioNTech original + BA.4/5",6965639,6882352,4353373,790067,13847991
2023-08-14,"Pfizer/BioNTech original + BA.1, Pfizer/BioNTech original + BA.4/5",6965639,6882352,4353375,790072,13847991
2023-08-15,"Johnson&Johnson, Pfizer/BioNTech original + BA.4/5",6965640,6882353,4353375,790073,13847993
2023-08-16,"Moderna bivalent BA.1, Pfizer/BioNTech original + BA.4/5",6965640,6882353,4353376,790079,13847993
2023-08-17,"Pfizer/BioNTech, Pfizer/BioNTech original + BA.4/5",6965640,6882354,4353378,790084,13847994
2023-08-18,"Pfizer/BioNTech, Pfizer/BioNTech Kids, Pfizer/BioNTech original + BA.4/5",6965640,6882355,4353380,790090,13847995
2023-08-21,"Moderna bivalent BA.1, Pfizer/BioNTech Kids, Pfizer/BioNTech original + BA.1, Pfizer/BioNTech original + BA.4/5",6965642,6882356,4353383,790095,13847998
2023-08-22,"Pfizer/BioNTech, Pfizer/BioNTech original + BA.4/5",6965643,6882357,4353383,790098,13848000
2023-08-23,"Johnson&Johnson, Pfizer/BioNTech original + BA.4/5",6965644,6882358,4353383,790099,13848002
2023-08-24,"Pfizer/BioNTech original + BA.1, Pfizer/BioNTech original + BA.4/5",6965644,6882358,4353409,790109,13848002
2023-08-25,"Moderna bivalent BA.4-5, Pfizer/BioNTech original + BA.1, Pfizer/BioNTech original + BA.4/5",6965644,6882358,4353411,790112,13848002
2023-08-28,"Pfizer/BioNTech, Pfizer/BioNTech Kids, Pfizer/BioNTech original + BA.4/5",6965645,6882359,4353413,790124,13848004
2023-08-29,"Pfizer/BioNTech, Pfizer/BioNTech original + BA.4/5",6965646,6882359,4353416,790131,13848005
2023-08-30,"Pfizer/BioNTech Kids, Pfizer/BioNTech Mini, Pfizer/BioNTech original + BA.4/5",6965648,6882360,4353422,790145,13848008
2023-08-31,"Moderna bivalent BA.4-5, Pfizer/BioNTech, Pfizer/BioNTech original + BA.1, Pfizer/BioNTech original + BA.4/5",6965650,6882360,4353428,790150,13848010
2023-09-01,"Moderna bivalent BA.4-5, Pfizer/BioNTech original + BA.4/5",6965652,6882360,4353429,790151,13848012
2023-09-04,"Pfizer/BioNTech, Pfizer/BioNTech original + BA.4/5",6965653,6882360,4353431,790159,13848013
2023-09-05,Pfizer/BioNTech original + BA.4/5,6965653,6882362,4353431,790165,13848015
2023-09-06,"Pfizer/BioNTech, Pfizer/BioNTech Mini, Pfizer/BioNTech original + BA.1, Pfizer/BioNTech original + BA.4/5",6965655,6882362,4353437,790179,13848017
2023-09-07,Pfizer/BioNTech original + BA.4/5,6965656,6882362,4353439,790188,13848018
2023-09-08,"Moderna bivalent BA.1, Pfizer/BioNTech original + BA.4/5",6965656,6882362,4353441,790203,13848018
2023-09-11,"Pfizer/BioNTech Mini, Pfizer/BioNTech original + BA.4/5",6965656,6882362,4353443,790214,13848018
2023-09-12,"Moderna bivalent BA.1, Pfizer/BioNTech, Pfizer/BioNTech original + BA.4/5",6965656,6882362,4353446,790218,13848018
2023-09-13,"Pfizer/BioNTech, Pfizer/BioNTech Mini, Pfizer/BioNTech original + BA.1, Pfizer/BioNTech original + BA.4/5",6965659,6882362,4353448,790242,13848021
2023-09-14,"Moderna bivalent BA.1, Pfizer/BioNTech, Pfizer/BioNTech XBB.1.5, Pfizer/BioNTech original + BA.1, Pfizer/BioNTech original + BA.4/5",6965661,6882363,4353456,790278,13848024
2023-09-15,"Moderna bivalent BA.4-5, Pfizer/BioNTech XBB.1.5, Pfizer/BioNTech original + BA.4/5",6965662,6882363,4353459,790298,13848025
2023-09-16,Pfizer/BioNTech original + BA.4/5,6965662,6882363,4353459,790298,13848025
2023-09-18,"Pfizer/BioNTech, Pfizer/BioNTech Kids, Pfizer/BioNTech XBB.1.5, Pfizer/BioNTech original + BA.4/5",6965662,6882364,4353466,790328,13848026
2023-09-19,"Pfizer/BioNTech, Pfizer/BioNTech XBB.1.5, Pfizer/BioNTech original + BA.1, Pfizer/BioNTech original + BA.4/5",6965664,6882364,4353471,790363,13848028
2023-09-20,"Moderna bivalent BA.1, Pfizer/BioNTech, Pfizer/BioNTech Kids, Pfizer/BioNTech Kids XBB.1.5, Pfizer/BioNTech Mini, Pfizer/BioNTech XBB.1.5, Pfizer/BioNTech original + BA.1, Pfizer/BioNTech original + BA.4/5",6965668,6882367,4353484,790486,13848035
2023-09-21,"Pfizer/BioNTech, Pfizer/BioNTech Kids XBB.1.5, Pfizer/BioNTech XBB.1.5, Pfizer/BioNTech original + BA.1, Pfizer/BioNTech original + BA.4/5",6965673,6882367,4353514,790675,13848040
2023-09-22,"Moderna, Moderna bivalent BA.4-5, Pfizer/BioNTech, Pfizer/BioNTech Kids, Pfizer/BioNTech Kids XBB.1.5, Pfizer/BioNTech XBB.1.5, Pfizer/BioNTech original + BA.1, Pfizer/BioNTech original + BA.4/5",6965683,6882370,4353531,790921,13848053
2023-09-23,Pfizer/BioNTech XBB.1.5,6965683,6882370,4353531,790930,13848053
2023-09-24,Pfizer/BioNTech XBB.1.5,6965683,6882370,4353531,790930,13848053
2023-09-25,"Johnson&Johnson, Moderna, Moderna bivalent BA.4-5, Pfizer/BioNTech, Pfizer/BioNTech Kids XBB.1.5, Pfizer/BioNTech XBB.1.5, Pfizer/BioNTech original + BA.1, Pfizer/BioNTech original + BA.4/5",6965686,6882371,4353546,791127,13848057
2023-09-26,"Moderna bivalent BA.1, Pfizer/BioNTech, Pfizer/BioNTech Kids XBB.1.5, Pfizer/BioNTech XBB.1.5, Pfizer/BioNTech original + BA.1, Pfizer/BioNTech original + BA.4/5",6965699,6882371,4353570,791511,13848070
