date,vaccine,people_vaccinated,people_fully_vaccinated,people_boosted_1,people_boosted_2,total_vaccinations
2020-12-27,Pfizer/BioNTech,1287,0,0,0,1287
2020-12-28,Pfizer/BioNTech,3590,0,0,0,3590
2020-12-29,Pfizer/BioNTech,7060,1,0,0,7061
2020-12-30,Pfizer/BioNTech,10575,1,0,0,10576
2020-12-31,Pfizer/BioNTech,11888,1,0,0,11889
2021-01-01,"Moderna, Pfizer/BioNTech",12159,1,0,0,12160
2021-01-02,"Moderna, Pfizer/BioNTech",13446,2,0,0,13448
2021-01-03,"Moderna, Pfizer/BioNTech",14373,2,0,0,14375
2021-01-04,"Moderna, Pfizer/BioNTech",17977,3,0,0,17980
2021-01-05,"Moderna, Pfizer/BioNTech",22495,4,0,0,22499
2021-01-06,"Moderna, Pfizer/BioNTech",28340,5,0,0,28345
2021-01-07,"Moderna, Pfizer/BioNTech",36338,5,0,0,36343
2021-01-08,"Moderna, Pfizer/BioNTech",46387,6,0,0,46393
2021-01-09,"Moderna, Pfizer/BioNTech",48414,8,0,0,48422
2021-01-10,"Indie/AstraZeneca, Pfizer/BioNTech",50188,10,0,0,50198
2021-01-11,"Moderna, Pfizer/BioNTech",60046,12,0,0,60058
2021-01-12,"Moderna, Pfizer/BioNTech",73503,14,0,0,73517
2021-01-13,"Indie/Bahrat Biotech, Moderna, Pfizer/BioNTech, Čína",87046,15,0,0,87061
2021-01-14,"Moderna, Pfizer/BioNTech",102289,19,0,0,102308
2021-01-15,"Moderna, Pfizer/BioNTech",116306,20,0,0,116326
2021-01-16,"Moderna, Pfizer/BioNTech",119710,24,0,0,119734
2021-01-17,"Moderna, Pfizer/BioNTech",122327,660,0,0,122987
2021-01-18,"Moderna, Pfizer/BioNTech",134814,2486,0,0,137300
2021-01-19,"Moderna, Pfizer/BioNTech",147420,5215,0,0,152635
2021-01-20,"Moderna, Pfizer/BioNTech",161110,7878,0,0,168988
2021-01-21,"Moderna, Pfizer/BioNTech",176763,9621,0,0,186384
2021-01-22,"Moderna, Pfizer/BioNTech",191645,10666,0,0,202311
2021-01-23,"Moderna, Pfizer/BioNTech",194962,11545,0,0,206507
2021-01-24,"Moderna, Pfizer/BioNTech",197218,12417,0,0,209635
2021-01-25,"Moderna, Pfizer/BioNTech",206870,15381,0,0,222251
2021-01-26,"Moderna, Pfizer/BioNTech",217404,19368,0,0,236772
2021-01-27,"Indie/Bahrat Biotech, Moderna, Pfizer/BioNTech, Čína",226435,23900,0,0,250335
2021-01-28,"Moderna, Pfizer/BioNTech",233540,30032,0,0,263572
2021-01-29,"Indie/AstraZeneca, Moderna, Pfizer/BioNTech",239754,37941,0,0,277695
2021-01-30,"Moderna, Pfizer/BioNTech",240495,39029,0,0,279524
2021-01-31,"Moderna, Pfizer/BioNTech",241214,40211,0,0,281425
2021-02-01,"Moderna, Pfizer/BioNTech",245197,48177,0,0,293374
2021-02-02,"Moderna, Pfizer/BioNTech",249350,58417,0,0,307767
2021-02-03,"Moderna, Pfizer/BioNTech",253773,69435,0,0,323208
2021-02-04,"Moderna, Pfizer/BioNTech",258669,82420,0,0,341089
2021-02-05,"Moderna, Pfizer/BioNTech",264139,93092,0,0,357231
2021-02-06,"Moderna, Oxford/AstraZeneca, Pfizer/BioNTech, Čína",264998,95459,0,0,360457
2021-02-07,"Moderna, Oxford/AstraZeneca, Pfizer/BioNTech",265849,97956,0,0,363805
2021-02-08,"Moderna, Oxford/AstraZeneca, Pfizer/BioNTech",269942,109378,0,0,379320
2021-02-09,"Moderna, Oxford/AstraZeneca, Pfizer/BioNTech",275056,121285,0,0,396341
2021-02-10,"Moderna, Oxford/AstraZeneca, Pfizer/BioNTech",280574,134536,0,0,415110
2021-02-11,"Moderna, Oxford/AstraZeneca, Pfizer/BioNTech",286913,150752,0,0,437665
2021-02-12,"Moderna, Oxford/AstraZeneca, Pfizer/BioNTech",293740,165488,0,0,459228
2021-02-13,"Moderna, Oxford/AstraZeneca, Pfizer/BioNTech",295359,168474,0,0,463833
2021-02-14,"Moderna, Oxford/AstraZeneca, Pfizer/BioNTech",296365,169861,0,0,466226
2021-02-15,"Moderna, Oxford/AstraZeneca, Pfizer/BioNTech",302762,179227,0,0,481989
2021-02-16,"Moderna, Oxford/AstraZeneca, Pfizer/BioNTech",311477,188297,0,0,499774
2021-02-17,"Moderna, Oxford/AstraZeneca, Pfizer/BioNTech",321179,196610,0,0,517789
2021-02-18,"Moderna, Oxford/AstraZeneca, Pfizer/BioNTech",333506,204691,0,0,538197
2021-02-19,"Moderna, Oxford/AstraZeneca, Pfizer/BioNTech",345372,212067,0,0,557439
2021-02-20,"Moderna, Oxford/AstraZeneca, Pfizer/BioNTech, Čína",347382,213252,0,0,560634
2021-02-21,"Moderna, Oxford/AstraZeneca, Pfizer/BioNTech",348520,214278,0,0,562798
2021-02-22,"Moderna, Oxford/AstraZeneca, Pfizer/BioNTech",358642,220316,0,0,578958
2021-02-23,"Moderna, Oxford/AstraZeneca, Pfizer/BioNTech",371606,227303,0,0,598909
2021-02-24,"Moderna, Oxford/AstraZeneca, Pfizer/BioNTech",385488,233344,0,0,618832
2021-02-25,"Moderna, Oxford/AstraZeneca, Pfizer/BioNTech",403462,238892,0,0,642354
2021-02-26,"Moderna, Oxford/AstraZeneca, Pfizer/BioNTech",419636,244249,0,0,663885
2021-02-27,"Moderna, Oxford/AstraZeneca, Pfizer/BioNTech",422645,244808,0,0,667453
2021-02-28,"Moderna, Oxford/AstraZeneca, Pfizer/BioNTech",425002,245359,0,0,670361
2021-03-01,"Moderna, Oxford/AstraZeneca, Pfizer/BioNTech",444600,248805,0,0,693405
2021-03-02,"Indie/AstraZeneca, Moderna, Oxford/AstraZeneca, Pfizer/BioNTech",471828,252359,0,0,724187
2021-03-03,"Moderna, Oxford/AstraZeneca, Pfizer/BioNTech",502777,256869,0,0,759646
2021-03-04,"Moderna, Oxford/AstraZeneca, Pfizer/BioNTech",536047,261553,0,0,797600
2021-03-05,"Johnson&Johnson, Moderna, Oxford/AstraZeneca, Pfizer/BioNTech",564892,266977,0,0,831869
2021-03-06,"Johnson&Johnson, Moderna, Oxford/AstraZeneca, Pfizer/BioNTech",577056,267845,0,0,844901
2021-03-07,"Johnson&Johnson, Moderna, Oxford/AstraZeneca, Pfizer/BioNTech, Čína",588603,268688,0,0,857291
2021-03-08,"Johnson&Johnson, Moderna, Oxford/AstraZeneca, Pfizer/BioNTech",618342,273550,0,0,891892
2021-03-09,"Johnson&Johnson, Moderna, Oxford/AstraZeneca, Pfizer/BioNTech",654708,279935,0,0,934643
2021-03-10,"Johnson&Johnson, Moderna, Oxford/AstraZeneca, Pfizer/BioNTech",696025,286892,0,0,982917
2021-03-11,"Indie/AstraZeneca, Johnson&Johnson, Moderna, Oxford/AstraZeneca, Pfizer/BioNTech",740876,295266,0,0,1036142
2021-03-12,"Johnson&Johnson, Moderna, Oxford/AstraZeneca, Pfizer/BioNTech, Čína",779626,303764,0,0,1083390
2021-03-13,"Johnson&Johnson, Moderna, Oxford/AstraZeneca, Pfizer/BioNTech",796736,305080,0,0,1101816
2021-03-14,"Johnson&Johnson, Moderna, Oxford/AstraZeneca, Pfizer/BioNTech",808854,306238,0,0,1115092
2021-03-15,"Johnson&Johnson, Moderna, Oxford/AstraZeneca, Pfizer/BioNTech",837243,315017,0,0,1152260
2021-03-16,"Johnson&Johnson, Moderna, Oxford/AstraZeneca, Pfizer/BioNTech",876133,325555,0,0,1201688
2021-03-17,"Moderna, Oxford/AstraZeneca, Pfizer/BioNTech",913614,336071,0,0,1249685
2021-03-18,"Johnson&Johnson, Moderna, Oxford/AstraZeneca, Pfizer/BioNTech",951614,348494,0,0,1300108
2021-03-19,"Johnson&Johnson, Moderna, Oxford/AstraZeneca, Pfizer/BioNTech",986123,362105,0,0,1348228
2021-03-20,"Johnson&Johnson, Moderna, Oxford/AstraZeneca, Pfizer/BioNTech",1001300,364134,0,0,1365434
2021-03-21,"Johnson&Johnson, Moderna, Oxford/AstraZeneca, Pfizer/BioNTech",1008750,365692,0,0,1374442
2021-03-22,"Indie/AstraZeneca, Johnson&Johnson, Moderna, Oxford/AstraZeneca, Pfizer/BioNTech",1033323,378187,0,0,1411510
2021-03-23,"Johnson&Johnson, Moderna, Oxford/AstraZeneca, Pfizer/BioNTech",1059992,391555,0,0,1451547
2021-03-24,"Indie/AstraZeneca, Johnson&Johnson, Moderna, Oxford/AstraZeneca, Pfizer/BioNTech",1086890,407299,0,0,1494189
2021-03-25,"Indie/AstraZeneca, Johnson&Johnson, Moderna, Oxford/AstraZeneca, Pfizer/BioNTech",1113247,425147,0,0,1538394
2021-03-26,"Johnson&Johnson, Moderna, Oxford/AstraZeneca, Pfizer/BioNTech",1138078,442657,0,0,1580735
2021-03-27,"Johnson&Johnson, Moderna, Oxford/AstraZeneca, Pfizer/BioNTech, Čína",1146545,447503,0,0,1594048
2021-03-28,"Moderna, Oxford/AstraZeneca, Pfizer/BioNTech, Čína",1152093,451652,0,0,1603745
2021-03-29,"Johnson&Johnson, Moderna, Oxford/AstraZeneca, Pfizer/BioNTech",1171252,472384,0,0,1643636
2021-03-30,"Johnson&Johnson, Moderna, Oxford/AstraZeneca, Pfizer/BioNTech",1195959,494571,0,0,1690530
2021-03-31,"Indie/AstraZeneca, Johnson&Johnson, Moderna, Oxford/AstraZeneca, Pfizer/BioNTech, Čína",1219125,521637,0,0,1740762
2021-04-01,"Indie/AstraZeneca, Johnson&Johnson, Moderna, Oxford/AstraZeneca, Pfizer/BioNTech",1244819,553690,0,0,1798509
2021-04-02,"Indie/AstraZeneca, Johnson&Johnson, Moderna, Oxford/AstraZeneca, Pfizer/BioNTech",1251803,566488,0,0,1818291
2021-04-03,"Johnson&Johnson, Moderna, Oxford/AstraZeneca, Pfizer/BioNTech",1255459,577425,0,0,1832884
2021-04-04,"Johnson&Johnson, Moderna, Oxford/AstraZeneca, Pfizer/BioNTech",1258006,586352,0,0,1844358
2021-04-05,"Indie/AstraZeneca, Johnson&Johnson, Moderna, Oxford/AstraZeneca, Pfizer/BioNTech",1260442,593555,0,0,1853997
2021-04-06,"Indie/AstraZeneca, Johnson&Johnson, Moderna, Oxford/AstraZeneca, Pfizer/BioNTech, Čína",1276659,622828,0,0,1899487
2021-04-07,"Johnson&Johnson, Moderna, Oxford/AstraZeneca, Pfizer/BioNTech",1300160,645063,0,0,1945223
2021-04-08,"Johnson&Johnson, Moderna, Oxford/AstraZeneca, Pfizer/BioNTech",1338979,676112,0,0,2015091
2021-04-09,"Indie/AstraZeneca, Johnson&Johnson, Moderna, Oxford/AstraZeneca, Pfizer/BioNTech, Čína",1378581,706306,0,0,2084887
2021-04-10,"Johnson&Johnson, Moderna, Oxford/AstraZeneca, Pfizer/BioNTech",1394154,721620,0,0,2115774
2021-04-11,"Johnson&Johnson, Moderna, Oxford/AstraZeneca, Pfizer/BioNTech",1403949,731675,0,0,2135624
2021-04-12,"Johnson&Johnson, Moderna, Oxford/AstraZeneca, Pfizer/BioNTech, Čína",1442266,756817,0,0,2199083
2021-04-13,"Indie/AstraZeneca, Moderna, Oxford/AstraZeneca, Pfizer/BioNTech",1478573,782858,0,0,2261431
2021-04-14,"Moderna, Oxford/AstraZeneca, Pfizer/BioNTech",1517451,810232,0,0,2327683
2021-04-15,"Moderna, Oxford/AstraZeneca, Pfizer/BioNTech",1565279,836008,0,0,2401287
2021-04-16,"Moderna, Oxford/AstraZeneca, Pfizer/BioNTech",1609995,861682,0,0,2471677
2021-04-17,"Indie/AstraZeneca, Moderna, Oxford/AstraZeneca, Pfizer/BioNTech",1626721,870709,0,0,2497430
2021-04-18,"Moderna, Oxford/AstraZeneca, Pfizer/BioNTech, Čína",1639724,875694,0,0,2515418
2021-04-19,"Johnson&Johnson, Moderna, Oxford/AstraZeneca, Pfizer/BioNTech",1683692,891128,0,0,2574820
2021-04-20,"Johnson&Johnson, Moderna, Oxford/AstraZeneca, Pfizer/BioNTech, Čína",1726279,907017,0,0,2633296
2021-04-21,"Moderna, Oxford/AstraZeneca, Pfizer/BioNTech",1774039,921389,0,0,2695428
2021-04-22,"Johnson&Johnson, Moderna, Oxford/AstraZeneca, Pfizer/BioNTech",1828565,938791,0,0,2767356
2021-04-23,"Johnson&Johnson, Moderna, Oxford/AstraZeneca, Pfizer/BioNTech, Čína",1878564,950856,0,0,2829420
2021-04-24,"Johnson&Johnson, Moderna, Oxford/AstraZeneca, Pfizer/BioNTech, Čína",1896438,956125,0,0,2852563
2021-04-25,"Johnson&Johnson, Moderna, Oxford/AstraZeneca, Pfizer/BioNTech",1911148,960127,0,0,2871275
2021-04-26,"Johnson&Johnson, Moderna, Oxford/AstraZeneca, Pfizer/BioNTech, Čína",1960754,967695,0,0,2928449
2021-04-27,"Johnson&Johnson, Moderna, Oxford/AstraZeneca, Pfizer/BioNTech, Čína",2009743,979948,0,0,2989691
2021-04-28,"Indie/AstraZeneca, Johnson&Johnson, Moderna, Oxford/AstraZeneca, Pfizer/BioNTech, Čína",2068516,993972,0,0,3062488
2021-04-29,"Indie/AstraZeneca, Johnson&Johnson, Moderna, Oxford/AstraZeneca, Pfizer/BioNTech",2134132,1009890,0,0,3144022
2021-04-30,"Indie/AstraZeneca, Johnson&Johnson, Moderna, Oxford/AstraZeneca, Pfizer/BioNTech",2196426,1019884,0,0,3216310
2021-05-01,"Johnson&Johnson, Moderna, Oxford/AstraZeneca, Pfizer/BioNTech",2215820,1023352,0,0,3239172
2021-05-02,"Johnson&Johnson, Moderna, Oxford/AstraZeneca, Pfizer/BioNTech",2234773,1025645,0,0,3260418
2021-05-03,"Johnson&Johnson, Moderna, Oxford/AstraZeneca, Pfizer/BioNTech",2302030,1030730,0,0,3332760
2021-05-04,"Johnson&Johnson, Moderna, Oxford/AstraZeneca, Pfizer/BioNTech",2368583,1039103,0,0,3407686
2021-05-05,"Johnson&Johnson, Moderna, Oxford/AstraZeneca, Pfizer/BioNTech",2441791,1048549,0,0,3490340
2021-05-06,"Johnson&Johnson, Moderna, Oxford/AstraZeneca, Pfizer/BioNTech, Čína",2522237,1059302,0,0,3581539
2021-05-07,"Indie/AstraZeneca, Johnson&Johnson, Moderna, Oxford/AstraZeneca, Pfizer/BioNTech",2599575,1069445,0,0,3669020
2021-05-08,"Johnson&Johnson, Moderna, Oxford/AstraZeneca, Pfizer/BioNTech",2629122,1071242,0,0,3700364
2021-05-09,"Johnson&Johnson, Moderna, Oxford/AstraZeneca, Pfizer/BioNTech",2653364,1072467,0,0,3725831
2021-05-10,"Johnson&Johnson, Moderna, Oxford/AstraZeneca, Pfizer/BioNTech",2726159,1079713,0,0,3805872
2021-05-11,"Johnson&Johnson, Moderna, Oxford/AstraZeneca, Pfizer/BioNTech",2802309,1088551,0,0,3890860
2021-05-12,"Johnson&Johnson, Moderna, Oxford/AstraZeneca, Pfizer/BioNTech",2882253,1097697,0,0,3979950
2021-05-13,"Johnson&Johnson, Moderna, Oxford/AstraZeneca, Pfizer/BioNTech, Čína",2966301,1106887,0,0,4073188
2021-05-14,"Indie/AstraZeneca, Johnson&Johnson, Moderna, Oxford/AstraZeneca, Pfizer/BioNTech, Čína",3045868,1114718,0,0,4160586
2021-05-15,"Indie/AstraZeneca, Johnson&Johnson, Moderna, Oxford/AstraZeneca, Pfizer/BioNTech",3077835,1117005,0,0,4194840
2021-05-16,"Johnson&Johnson, Moderna, Oxford/AstraZeneca, Pfizer/BioNTech",3103655,1118294,0,0,4221949
2021-05-17,"Indie/AstraZeneca, Johnson&Johnson, Moderna, Oxford/AstraZeneca, Pfizer/BioNTech",3176195,1125054,0,0,4301249
2021-05-18,"Indie/AstraZeneca, Johnson&Johnson, Moderna, Oxford/AstraZeneca, Pfizer/BioNTech, Čína",3248186,1138177,0,0,4386363
2021-05-19,"Indie/AstraZeneca, Johnson&Johnson, Moderna, Oxford/AstraZeneca, Pfizer/BioNTech, Čína",3325688,1153352,0,0,4479040
2021-05-20,"Johnson&Johnson, Moderna, Oxford/AstraZeneca, Pfizer/BioNTech",3401190,1180422,0,0,4581612
2021-05-21,"Johnson&Johnson, Moderna, Oxford/AstraZeneca, Pfizer/BioNTech",3470054,1208236,0,0,4678290
2021-05-22,"Johnson&Johnson, Moderna, Oxford/AstraZeneca, Pfizer/BioNTech",3502531,1219482,0,0,4722013
2021-05-23,"Johnson&Johnson, Moderna, Oxford/AstraZeneca, Pfizer/BioNTech, Čína",3524984,1228521,0,0,4753505
2021-05-24,"Johnson&Johnson, Moderna, Oxford/AstraZeneca, Pfizer/BioNTech, Čína",3572205,1262194,0,0,4834399
2021-05-25,"Indie/AstraZeneca, Johnson&Johnson, Moderna, Oxford/AstraZeneca, Pfizer/BioNTech",3624138,1298038,0,0,4922176
2021-05-26,"Johnson&Johnson, Moderna, Oxford/AstraZeneca, Pfizer/BioNTech, Čína",3691911,1335581,1,0,5027492
2021-05-27,"Indie/AstraZeneca, Johnson&Johnson, Moderna, Oxford/AstraZeneca, Pfizer/BioNTech",3753356,1382938,1,0,5136294
2021-05-28,"Indie/AstraZeneca, Johnson&Johnson, Moderna, Oxford/AstraZeneca, Pfizer/BioNTech",3815118,1429550,1,0,5244668
2021-05-29,"Indie/AstraZeneca, Johnson&Johnson, Moderna, Oxford/AstraZeneca, Pfizer/BioNTech",3844399,1446701,1,0,5291100
2021-05-30,"Johnson&Johnson, Moderna, Oxford/AstraZeneca, Pfizer/BioNTech, Čína",3866822,1461172,1,0,5327994
2021-05-31,"Indie/AstraZeneca, Johnson&Johnson, Moderna, Oxford/AstraZeneca, Pfizer/BioNTech",3922574,1508700,1,0,5431274
2021-06-01,"Indie/AstraZeneca, Johnson&Johnson, Moderna, Oxford/AstraZeneca, Pfizer/BioNTech",3981705,1557580,1,0,5539285
2021-06-02,"Indie/AstraZeneca, Johnson&Johnson, Moderna, Oxford/AstraZeneca, Pfizer/BioNTech, Čína",4044689,1611599,1,0,5656288
2021-06-03,"Indie/AstraZeneca, Johnson&Johnson, Moderna, Oxford/AstraZeneca, Pfizer/BioNTech",4102957,1671827,1,0,5774784
2021-06-04,"Johnson&Johnson, Moderna, Oxford/AstraZeneca, Pfizer/BioNTech",4166109,1729247,1,0,5895356
2021-06-05,"Indie/AstraZeneca, Johnson&Johnson, Moderna, Oxford/AstraZeneca, Pfizer/BioNTech, Čína",4200313,1748181,1,0,5948494
2021-06-06,"Johnson&Johnson, Moderna, Oxford/AstraZeneca, Pfizer/BioNTech, Čína",4227287,1763360,1,0,5990647
2021-06-07,"Johnson&Johnson, Moderna, Oxford/AstraZeneca, Pfizer/BioNTech, Čína",4290992,1819012,1,0,6110004
2021-06-08,"Indie/AstraZeneca, Johnson&Johnson, Moderna, Oxford/AstraZeneca, Pfizer/BioNTech, Čína",4355017,1874035,1,0,6229052
2021-06-09,"Indie/AstraZeneca, Johnson&Johnson, Moderna, Oxford/AstraZeneca, Pfizer/BioNTech, Čína",4414244,1938723,1,0,6352967
2021-06-10,"Indie/AstraZeneca, Johnson&Johnson, Moderna, Oxford/AstraZeneca, Pfizer/BioNTech, Čína",4468127,2010031,1,0,6478158
2021-06-11,"Indie/Bahrat Biotech, Johnson&Johnson, Moderna, Oxford/AstraZeneca, Pfizer/BioNTech, Čína",4520267,2079893,1,0,6600160
2021-06-12,"Indie/AstraZeneca, Johnson&Johnson, Moderna, Oxford/AstraZeneca, Pfizer/BioNTech, Čína",4552313,2100751,1,1,6653064
2021-06-13,"Johnson&Johnson, Moderna, Oxford/AstraZeneca, Pfizer/BioNTech, Čína",4576359,2119200,1,1,6695559
2021-06-14,"Johnson&Johnson, Moderna, Oxford/AstraZeneca, Pfizer/BioNTech, Čína",4619469,2193601,1,1,6813070
2021-06-15,"Indie/AstraZeneca, Johnson&Johnson, Moderna, Oxford/AstraZeneca, Pfizer/BioNTech, Čína",4664165,2266008,1,1,6930173
2021-06-16,"Johnson&Johnson, Moderna, Oxford/AstraZeneca, Pfizer/BioNTech",4707007,2344261,1,2,7051268
2021-06-17,"Indie/AstraZeneca, Johnson&Johnson, Moderna, Oxford/AstraZeneca, Pfizer/BioNTech, Čína",4746462,2427376,1,2,7173838
2021-06-18,"Johnson&Johnson, Moderna, Oxford/AstraZeneca, Pfizer/BioNTech, Čína",4788928,2507988,1,2,7296916
2021-06-19,"Indie/AstraZeneca, Johnson&Johnson, Moderna, Oxford/AstraZeneca, Pfizer/BioNTech, Čína",4810740,2537347,1,2,7348087
2021-06-20,"Johnson&Johnson, Moderna, Oxford/AstraZeneca, Pfizer/BioNTech, Čína",4828155,2561233,1,2,7389388
2021-06-21,"Johnson&Johnson, Moderna, Oxford/AstraZeneca, Pfizer/BioNTech, Čína",4860686,2639866,1,2,7500552
2021-06-22,"Indie/AstraZeneca, Johnson&Johnson, Moderna, Oxford/AstraZeneca, Pfizer/BioNTech, Čína",4893674,2722218,1,2,7615892
2021-06-23,"Indie/AstraZeneca, Johnson&Johnson, Moderna, Oxford/AstraZeneca, Pfizer/BioNTech, Čína",4925424,2807493,1,2,7732917
2021-06-24,"Indie/AstraZeneca, Johnson&Johnson, Moderna, Oxford/AstraZeneca, Pfizer/BioNTech, Čína",4955313,2897578,1,2,7852891
2021-06-25,"Johnson&Johnson, Moderna, Oxford/AstraZeneca, Pfizer/BioNTech, Čína",4986425,2983853,1,2,7970278
2021-06-26,"Johnson&Johnson, Moderna, Oxford/AstraZeneca, Pfizer/BioNTech",5002340,3018754,1,2,8021094
2021-06-27,"Johnson&Johnson, Moderna, Oxford/AstraZeneca, Pfizer/BioNTech, Čína",5016307,3045485,1,2,8061792
2021-06-28,"Indie/AstraZeneca, Johnson&Johnson, Moderna, Oxford/AstraZeneca, Pfizer/BioNTech, Čína",5044746,3130730,1,2,8175476
2021-06-29,"Johnson&Johnson, Moderna, Oxford/AstraZeneca, Pfizer/BioNTech, Čína",5074052,3217301,1,2,8291353
2021-06-30,"Johnson&Johnson, Moderna, Oxford/AstraZeneca, Pfizer/BioNTech",5101573,3308382,2,2,8409955
2021-07-01,"Johnson&Johnson, Moderna, Oxford/AstraZeneca, Pfizer/BioNTech, Čína",5125604,3398510,2,2,8524114
2021-07-02,"Indie/AstraZeneca, Johnson&Johnson, Moderna, Oxford/AstraZeneca, Pfizer/BioNTech",5152378,3484484,2,2,8636862
2021-07-03,"Indie/AstraZeneca, Johnson&Johnson, Moderna, Oxford/AstraZeneca, Pfizer/BioNTech, Čína",5159506,3516080,2,2,8675586
2021-07-04,"Johnson&Johnson, Moderna, Oxford/AstraZeneca, Pfizer/BioNTech",5167110,3537909,2,2,8705019
2021-07-05,"Indie/AstraZeneca, Johnson&Johnson, Moderna, Oxford/AstraZeneca, Pfizer/BioNTech, Čína",5174557,3563353,2,2,8737910
2021-07-06,"Johnson&Johnson, Moderna, Oxford/AstraZeneca, Pfizer/BioNTech, Čína",5180064,3591116,2,2,8771180
2021-07-07,"Johnson&Johnson, Moderna, Oxford/AstraZeneca, Pfizer/BioNTech, Čína",5205923,3670145,2,2,8876068
2021-07-08,"Johnson&Johnson, Moderna, Oxford/AstraZeneca, Pfizer/BioNTech, Čína",5232562,3740523,2,3,8973085
2021-07-09,"Indie/AstraZeneca, Indie/Bahrat Biotech, Johnson&Johnson, Moderna, Oxford/AstraZeneca, Pfizer/BioNTech, Čína",5260534,3809889,2,3,9070423
2021-07-10,"Indie/AstraZeneca, Johnson&Johnson, Moderna, Oxford/AstraZeneca, Pfizer/BioNTech, Čína",5269938,3838583,3,3,9108521
2021-07-11,"Johnson&Johnson, Moderna, Oxford/AstraZeneca, Pfizer/BioNTech",5278505,3861485,3,3,9139990
2021-07-12,"Johnson&Johnson, Moderna, Oxford/AstraZeneca, Pfizer/BioNTech, Čína",5306083,3930593,3,3,9236676
2021-07-13,"Johnson&Johnson, Moderna, Oxford/AstraZeneca, Pfizer/BioNTech, Čína",5332317,4000514,3,4,9332831
2021-07-14,"Indie/AstraZeneca, Johnson&Johnson, Moderna, Oxford/AstraZeneca, Pfizer/BioNTech",5358183,4072546,3,4,9430729
2021-07-15,"Indie/AstraZeneca, Johnson&Johnson, Moderna, Oxford/AstraZeneca, Pfizer/BioNTech, Čína",5387394,4138598,3,4,9525992
2021-07-16,"Johnson&Johnson, Moderna, Oxford/AstraZeneca, Pfizer/BioNTech, Čína",5415369,4211367,3,4,9626736
2021-07-17,"Johnson&Johnson, Moderna, Oxford/AstraZeneca, Pfizer/BioNTech, Čína",5424193,4242865,3,4,9667058
2021-07-18,"Indie/AstraZeneca, Johnson&Johnson, Moderna, Oxford/AstraZeneca, Pfizer/BioNTech, Čína",5432651,4268893,3,4,9701544
2021-07-19,"Johnson&Johnson, Moderna, Oxford/AstraZeneca, Pfizer/BioNTech, Čína",5456043,4335934,3,5,9791977
2021-07-20,"Johnson&Johnson, Moderna, Oxford/AstraZeneca, Pfizer/BioNTech, Čína",5477492,4403021,5,5,9880513
2021-07-21,"Indie/AstraZeneca, Johnson&Johnson, Moderna, Oxford/AstraZeneca, Pfizer/BioNTech, Čína",5500985,4466521,5,5,9967506
2021-07-22,"Indie/AstraZeneca, Johnson&Johnson, Moderna, Oxford/AstraZeneca, Pfizer/BioNTech, Čína",5523385,4525201,5,5,10048586
2021-07-23,"Johnson&Johnson, Moderna, Oxford/AstraZeneca, Pfizer/BioNTech",5546661,4580009,5,5,10126670
2021-07-24,"Indie/AstraZeneca, Johnson&Johnson, Moderna, Oxford/AstraZeneca, Pfizer/BioNTech, Čína",5554047,4607707,5,5,10161754
2021-07-25,"Johnson&Johnson, Moderna, Oxford/AstraZeneca, Pfizer/BioNTech, Čína",5560714,4629860,5,5,10190574
2021-07-26,"Indie/AstraZeneca, Johnson&Johnson, Moderna, Oxford/AstraZeneca, Pfizer/BioNTech",5584302,4678574,5,5,10262876
2021-07-27,"Johnson&Johnson, Moderna, Oxford/AstraZeneca, Pfizer/BioNTech, Čína",5607088,4725267,5,5,10332355
2021-07-28,"Johnson&Johnson, Moderna, Oxford/AstraZeneca, Pfizer/BioNTech",5628413,4771336,5,9,10399749
2021-07-29,"Johnson&Johnson, Moderna, Oxford/AstraZeneca, Pfizer/BioNTech",5649775,4813360,5,9,10463135
2021-07-30,"Indie/AstraZeneca, Johnson&Johnson, Moderna, Oxford/AstraZeneca, Pfizer/BioNTech, Čína",5673102,4855983,6,9,10529085
2021-07-31,"Indie/AstraZeneca, Johnson&Johnson, Moderna, Oxford/AstraZeneca, Pfizer/BioNTech, Čína",5682083,4875558,6,9,10557641
2021-08-01,"Johnson&Johnson, Moderna, Oxford/AstraZeneca, Pfizer/BioNTech, Čína",5688839,4891747,6,9,10580586
2021-08-02,"Johnson&Johnson, Moderna, Oxford/AstraZeneca, Pfizer/BioNTech",5707522,4929356,6,9,10636878
2021-08-03,"Johnson&Johnson, Moderna, Oxford/AstraZeneca, Pfizer/BioNTech, Čína",5725217,4967530,6,9,10692747
2021-08-04,"Johnson&Johnson, Moderna, Oxford/AstraZeneca, Pfizer/BioNTech, Čína",5741372,5004349,6,9,10745721
2021-08-05,"Indie/AstraZeneca, Johnson&Johnson, Moderna, Oxford/AstraZeneca, Pfizer/BioNTech",5757453,5044893,6,9,10802346
2021-08-06,"Indie/AstraZeneca, Johnson&Johnson, Moderna, Oxford/AstraZeneca, Pfizer/BioNTech",5774303,5088262,6,9,10862565
2021-08-07,"Johnson&Johnson, Moderna, Oxford/AstraZeneca, Pfizer/BioNTech, Čína",5779940,5106467,6,9,10886407
2021-08-08,"Johnson&Johnson, Moderna, Oxford/AstraZeneca, Pfizer/BioNTech",5784326,5122251,7,9,10906577
2021-08-09,"Indie/AstraZeneca, Johnson&Johnson, Moderna, Oxford/AstraZeneca, Pfizer/BioNTech, Čína",5796984,5167369,7,10,10964353
2021-08-10,"Indie/AstraZeneca, Johnson&Johnson, Moderna, Oxford/AstraZeneca, Pfizer/BioNTech, Čína",5808868,5207001,7,10,11015869
2021-08-11,"Indie/AstraZeneca, Johnson&Johnson, Moderna, Oxford/AstraZeneca, Pfizer/BioNTech, Čína",5820261,5250181,7,10,11070442
2021-08-12,"Johnson&Johnson, Moderna, Oxford/AstraZeneca, Pfizer/BioNTech",5831705,5287358,7,10,11119063
2021-08-13,"Johnson&Johnson, Moderna, Oxford/AstraZeneca, Pfizer/BioNTech, Čína",5842464,5327754,7,10,11170218
2021-08-14,"Johnson&Johnson, Moderna, Oxford/AstraZeneca, Pfizer/BioNTech",5845823,5338490,7,10,11184313
2021-08-15,"Johnson&Johnson, Moderna, Oxford/AstraZeneca, Pfizer/BioNTech",5848423,5348893,7,10,11197316
2021-08-16,"Indie/AstraZeneca, Johnson&Johnson, Moderna, Oxford/AstraZeneca, Pfizer/BioNTech, Čína",5858237,5383009,7,10,11241246
2021-08-17,"Johnson&Johnson, Moderna, Oxford/AstraZeneca, Pfizer/BioNTech",5867846,5410161,7,10,11278007
2021-08-18,"Indie/AstraZeneca, Johnson&Johnson, Moderna, Oxford/AstraZeneca, Pfizer/BioNTech, Čína",5877245,5449107,7,10,11326352
2021-08-19,"Johnson&Johnson, Moderna, Oxford/AstraZeneca, Pfizer/BioNTech, Čína",5886945,5487497,7,10,11374442
2021-08-20,"Indie/AstraZeneca, Johnson&Johnson, Moderna, Oxford/AstraZeneca, Pfizer/BioNTech, Čína",5898362,5527746,7,10,11426108
2021-08-21,"Indie/AstraZeneca, Johnson&Johnson, Moderna, Oxford/AstraZeneca, Pfizer/BioNTech",5901102,5540551,7,10,11441653
2021-08-22,"Johnson&Johnson, Moderna, Oxford/AstraZeneca, Pfizer/BioNTech",5903455,5552547,7,10,11456002
2021-08-23,"Indie/AstraZeneca, Johnson&Johnson, Moderna, Oxford/AstraZeneca, Pfizer/BioNTech, Čína",5914007,5591866,9,10,11505873
2021-08-24,"Johnson&Johnson, Moderna, Oxford/AstraZeneca, Pfizer/BioNTech",5923897,5625138,9,10,11549035
2021-08-25,"Indie/AstraZeneca, Johnson&Johnson, Moderna, Oxford/AstraZeneca, Pfizer/BioNTech, Čína",5932788,5653574,10,10,11586362
2021-08-26,"Indie/AstraZeneca, Johnson&Johnson, Moderna, Oxford/AstraZeneca, Pfizer/BioNTech",5941256,5679768,12,12,11621024
2021-08-27,"Indie/AstraZeneca, Johnson&Johnson, Moderna, Oxford/AstraZeneca, Pfizer/BioNTech",5951598,5705806,13,12,11657404
2021-08-28,"Johnson&Johnson, Moderna, Oxford/AstraZeneca, Pfizer/BioNTech, Čína",5954349,5712908,13,12,11667257
2021-08-29,"Johnson&Johnson, Moderna, Oxford/AstraZeneca, Pfizer/BioNTech, Čína",5956771,5719548,13,12,11676319
2021-08-30,"Johnson&Johnson, Moderna, Oxford/AstraZeneca, Pfizer/BioNTech",5965312,5741471,13,12,11706783
2021-08-31,"Indie/AstraZeneca, Johnson&Johnson, Moderna, Oxford/AstraZeneca, Pfizer/BioNTech, Čína",5973014,5759627,13,12,11732641
2021-09-01,"Johnson&Johnson, Moderna, Oxford/AstraZeneca, Pfizer/BioNTech, Čína",5978958,5773670,14,12,11752628
2021-09-02,"Indie/AstraZeneca, Johnson&Johnson, Moderna, Oxford/AstraZeneca, Pfizer/BioNTech",5985813,5788096,14,12,11773909
2021-09-03,"Johnson&Johnson, Moderna, Oxford/AstraZeneca, Pfizer/BioNTech, Čína",5995384,5803868,14,12,11799252
2021-09-04,"Indie/AstraZeneca, Johnson&Johnson, Moderna, Oxford/AstraZeneca, Pfizer/BioNTech",5997472,5807452,14,12,11804924
2021-09-05,"Johnson&Johnson, Moderna, Oxford/AstraZeneca, Pfizer/BioNTech, Čína",5999527,5810312,14,12,11809839
2021-09-06,"Indie/AstraZeneca, Johnson&Johnson, Moderna, Oxford/AstraZeneca, Pfizer/BioNTech, Čína",6005782,5822887,14,12,11828669
2021-09-07,"Indie/AstraZeneca, Johnson&Johnson, Moderna, Oxford/AstraZeneca, Pfizer/BioNTech, Čína",6010187,5834005,15,12,11844192
2021-09-08,"Johnson&Johnson, Moderna, Oxford/AstraZeneca, Pfizer/BioNTech, Čína",6015878,5843898,18,12,11859776
2021-09-09,"Indie/AstraZeneca, Johnson&Johnson, Moderna, Oxford/AstraZeneca, Pfizer/BioNTech, Čína",6022583,5853990,19,12,11876573
2021-09-10,"Johnson&Johnson, Moderna, Oxford/AstraZeneca, Pfizer/BioNTech, Čína",6030310,5866212,20,12,11896522
2021-09-11,"Indie/AstraZeneca, Johnson&Johnson, Moderna, Oxford/AstraZeneca, Pfizer/BioNTech, Čína",6032196,5868733,20,13,11900929
2021-09-12,"Johnson&Johnson, Moderna, Oxford/AstraZeneca, Pfizer/BioNTech",6033323,5870379,21,13,11903702
2021-09-13,"Johnson&Johnson, Moderna, Oxford/AstraZeneca, Pfizer/BioNTech, Čína",6038783,5880711,21,13,11919494
2021-09-14,"Indie/AstraZeneca, Johnson&Johnson, Moderna, Oxford/AstraZeneca, Pfizer/BioNTech, Čína",6044201,5889745,21,13,11933946
2021-09-15,"Indie/AstraZeneca, Johnson&Johnson, Moderna, Oxford/AstraZeneca, Pfizer/BioNTech",6049433,5898297,27,13,11947730
2021-09-16,"Johnson&Johnson, Moderna, Oxford/AstraZeneca, Pfizer/BioNTech, Čína",6054811,5906589,27,13,11961400
2021-09-17,"Johnson&Johnson, Moderna, Oxford/AstraZeneca, Pfizer/BioNTech, Čína",6061395,5916844,31,13,11978239
2021-09-18,"Indie/AstraZeneca, Johnson&Johnson, Moderna, Oxford/AstraZeneca, Pfizer/BioNTech, Čína",6063136,5919223,33,13,11982359
2021-09-19,"Johnson&Johnson, Moderna, Oxford/AstraZeneca, Pfizer/BioNTech",6064092,5920799,35,13,11984891
2021-09-20,"Indie/AstraZeneca, Johnson&Johnson, Moderna, Oxford/AstraZeneca, Pfizer/BioNTech",6068132,5929023,469,13,11997155
2021-09-21,"Johnson&Johnson, Moderna, Oxford/AstraZeneca, Pfizer/BioNTech",6072385,5936580,924,13,12008965
2021-09-22,"Johnson&Johnson, Moderna, Oxford/AstraZeneca, Pfizer/BioNTech, Čína",6076589,5942128,1378,13,12018717
2021-09-23,"Johnson&Johnson, Moderna, Oxford/AstraZeneca, Pfizer/BioNTech, Čína",6081564,5948563,2390,14,12030127
2021-09-24,"Indie/AstraZeneca, Johnson&Johnson, Moderna, Oxford/AstraZeneca, Pfizer/BioNTech",6087334,5958198,2885,14,12045532
2021-09-25,"Indie/AstraZeneca, Johnson&Johnson, Moderna, Oxford/AstraZeneca, Pfizer/BioNTech",6088842,5960205,2965,14,12049047
2021-09-26,"Johnson&Johnson, Moderna, Oxford/AstraZeneca, Pfizer/BioNTech, Čína",6089592,5961853,3036,14,12051445
2021-09-27,"Indie/AstraZeneca, Johnson&Johnson, Moderna, Oxford/AstraZeneca, Pfizer/BioNTech, Čína",6093494,5968392,3785,14,12061886
2021-09-28,"Johnson&Johnson, Moderna, Oxford/AstraZeneca, Pfizer/BioNTech, Čína",6093877,5969040,3847,14,12062917
2021-09-29,"Indie/AstraZeneca, Johnson&Johnson, Moderna, Oxford/AstraZeneca, Pfizer/BioNTech, Čína",6097662,5976515,4861,14,12074177
2021-09-30,"Johnson&Johnson, Moderna, Oxford/AstraZeneca, Pfizer/BioNTech",6102193,5984244,6024,14,12086437
2021-10-01,"Indie/AstraZeneca, Johnson&Johnson, Moderna, Oxford/AstraZeneca, Pfizer/BioNTech, Čína",6106520,5992252,7893,14,12098772
2021-10-02,"Johnson&Johnson, Moderna, Oxford/AstraZeneca, Pfizer/BioNTech, Čína",6107593,5993813,8000,14,12101406
2021-10-03,"Johnson&Johnson, Moderna, Oxford/AstraZeneca, Pfizer/BioNTech",6108322,5994691,8083,14,12103013
2021-10-04,"Johnson&Johnson, Moderna, Oxford/AstraZeneca, Pfizer/BioNTech, Čína",6111412,6000281,9814,14,12111693
2021-10-05,"Johnson&Johnson, Moderna, Oxford/AstraZeneca, Pfizer/BioNTech, Čína",6114584,6005387,11947,15,12119971
2021-10-06,"Johnson&Johnson, Moderna, Oxford/AstraZeneca, Pfizer/BioNTech, Čína",6118114,6010578,14572,15,12128692
2021-10-07,"Johnson&Johnson, Moderna, Oxford/AstraZeneca, Pfizer/BioNTech",6121407,6015849,16979,15,12137256
2021-10-08,"Johnson&Johnson, Moderna, Oxford/AstraZeneca, Pfizer/BioNTech, Čína",6126221,6022511,20915,15,12148732
2021-10-09,"Indie/AstraZeneca, Johnson&Johnson, Moderna, Oxford/AstraZeneca, Pfizer/BioNTech",6127470,6024188,21379,15,12151658
2021-10-10,"Johnson&Johnson, Moderna, Oxford/AstraZeneca, Pfizer/BioNTech",6128422,6025032,21620,15,12153454
2021-10-11,"Indie/AstraZeneca, Johnson&Johnson, Moderna, Oxford/AstraZeneca, Pfizer/BioNTech, Čína",6131359,6029471,24284,15,12160830
2021-10-12,"Johnson&Johnson, Moderna, Oxford/AstraZeneca, Pfizer/BioNTech, Čína",6134316,6033482,27738,15,12167798
2021-10-13,"Johnson&Johnson, Moderna, Oxford/AstraZeneca, Pfizer/BioNTech, Čína",6137862,6037694,32119,15,12175556
2021-10-14,"Johnson&Johnson, Moderna, Oxford/AstraZeneca, Pfizer/BioNTech",6141538,6042654,36892,15,12184192
2021-10-15,"Johnson&Johnson, Moderna, Oxford/AstraZeneca, Pfizer/BioNTech, Čína",6146789,6048823,41992,15,12195612
2021-10-16,"Johnson&Johnson, Moderna, Oxford/AstraZeneca, Pfizer/BioNTech",6148213,6050364,43078,15,12198577
2021-10-17,"Johnson&Johnson, Moderna, Oxford/AstraZeneca, Pfizer/BioNTech, Čína",6149547,6051426,43641,15,12200973
2021-10-18,"Johnson&Johnson, Moderna, Oxford/AstraZeneca, Pfizer/BioNTech, Čína",6153678,6055549,50825,15,12209227
2021-10-19,"Johnson&Johnson, Moderna, Oxford/AstraZeneca, Pfizer/BioNTech",6157268,6057665,61779,15,12214933
2021-10-20,"Johnson&Johnson, Moderna, Oxford/AstraZeneca, Pfizer/BioNTech",6162176,6062136,76787,15,12224312
2021-10-21,"Johnson&Johnson, Moderna, Oxford/AstraZeneca, Pfizer/BioNTech, Čína",6169957,6067753,94393,15,12237710
2021-10-22,"Indie/AstraZeneca, Johnson&Johnson, Moderna, Oxford/AstraZeneca, Pfizer/BioNTech",6180433,6074263,113244,15,12254696
2021-10-23,"Indie/AstraZeneca, Johnson&Johnson, Moderna, Oxford/AstraZeneca, Pfizer/BioNTech",6184119,6076481,116914,15,12260600
2021-10-24,"Indie/AstraZeneca, Johnson&Johnson, Moderna, Oxford/AstraZeneca, Pfizer/BioNTech",6186812,6078271,119415,15,12265083
2021-10-25,"Indie/AstraZeneca, Johnson&Johnson, Moderna, Oxford/AstraZeneca, Pfizer/BioNTech, Čína",6197337,6084105,139284,15,12281442
2021-10-26,"Johnson&Johnson, Moderna, Oxford/AstraZeneca, Pfizer/BioNTech, Čína",6209350,6090661,161812,15,12300011
2021-10-27,"Johnson&Johnson, Moderna, Oxford/AstraZeneca, Pfizer/BioNTech, Čína",6223969,6098080,188230,16,12322049
2021-10-28,"Johnson&Johnson, Moderna, Oxford/AstraZeneca, Pfizer/BioNTech",6227414,6099782,192483,16,12327196
2021-10-29,"Johnson&Johnson, Moderna, Oxford/AstraZeneca, Pfizer/BioNTech, Čína",6241862,6107784,211574,16,12349646
2021-10-30,"Johnson&Johnson, Moderna, Oxford/AstraZeneca, Pfizer/BioNTech",6246404,6110713,215427,16,12357117
2021-10-31,"Johnson&Johnson, Moderna, Oxford/AstraZeneca, Pfizer/BioNTech",6250177,6113197,219131,16,12363374
2021-11-01,"Johnson&Johnson, Moderna, Oxford/AstraZeneca, Pfizer/BioNTech",6265385,6120884,241080,16,12386269
2021-11-02,"Johnson&Johnson, Moderna, Oxford/AstraZeneca, Pfizer/BioNTech, Čína",6280836,6128446,266587,16,12409282
2021-11-03,"Johnson&Johnson, Moderna, Oxford/AstraZeneca, Pfizer/BioNTech, Čína",6298036,6135744,296867,16,12433780
2021-11-04,"Johnson&Johnson, Moderna, Oxford/AstraZeneca, Pfizer/BioNTech, Čína",6316385,6143926,328040,16,12460311
2021-11-05,"Johnson&Johnson, Moderna, Oxford/AstraZeneca, Pfizer/BioNTech",6339193,6155226,359002,16,12494419
2021-11-06,"Indie/AstraZeneca, Johnson&Johnson, Moderna, Oxford/AstraZeneca, Pfizer/BioNTech, Čína",6345714,6158294,365824,16,12504008
2021-11-07,"Johnson&Johnson, Moderna, Oxford/AstraZeneca, Pfizer/BioNTech",6349749,6160738,370493,16,12510487
2021-11-08,"Johnson&Johnson, Moderna, Oxford/AstraZeneca, Pfizer/BioNTech, Čína",6366022,6168379,395766,16,12534401
2021-11-09,"Johnson&Johnson, Moderna, Oxford/AstraZeneca, Pfizer/BioNTech",6380847,6175696,423974,16,12556543
2021-11-10,"Johnson&Johnson, Moderna, Oxford/AstraZeneca, Pfizer/BioNTech, Čína",6396599,6183095,452736,16,12579694
2021-11-11,"Johnson&Johnson, Moderna, Oxford/AstraZeneca, Pfizer/BioNTech, Čína",6412082,6192216,480416,16,12604298
2021-11-12,"Johnson&Johnson, Moderna, Oxford/AstraZeneca, Pfizer/BioNTech",6431896,6205028,507950,16,12636924
2021-11-13,"Johnson&Johnson, Moderna, Oxford/AstraZeneca, Pfizer/BioNTech",6437296,6208918,513698,16,12646214
2021-11-14,"Johnson&Johnson, Moderna, Oxford/AstraZeneca, Pfizer/BioNTech",6441204,6211935,517350,16,12653139
2021-11-15,"Johnson&Johnson, Moderna, Oxford/AstraZeneca, Pfizer/BioNTech, Čína",6456302,6222660,539928,16,12678962
2021-11-16,"Johnson&Johnson, Moderna, Oxford/AstraZeneca, Pfizer/BioNTech, Čína",6473832,6234656,567019,16,12708488
2021-11-17,"Johnson&Johnson, Moderna, Oxford/AstraZeneca, Pfizer/BioNTech, Čína",6478090,6238238,571540,16,12716328
2021-11-18,"Johnson&Johnson, Moderna, Oxford/AstraZeneca, Pfizer/BioNTech, Čína",6497504,6249945,597288,16,12747449
2021-11-19,"Johnson&Johnson, Moderna, Oxford/AstraZeneca, Pfizer/BioNTech",6522122,6266933,622762,16,12789055
2021-11-20,"Johnson&Johnson, Moderna, Oxford/AstraZeneca, Pfizer/BioNTech",6530700,6271928,628347,16,12802628
2021-11-21,"Johnson&Johnson, Moderna, Oxford/AstraZeneca, Pfizer/BioNTech",6537467,6275714,631345,16,12813181
2021-11-22,"Johnson&Johnson, Moderna, Oxford/AstraZeneca, Pfizer/BioNTech, Čína",6555981,6289849,653969,16,12845830
2021-11-23,"Johnson&Johnson, Moderna, Oxford/AstraZeneca, Pfizer/BioNTech",6575055,6303127,682669,16,12878182
2021-11-24,"Johnson&Johnson, Moderna, Oxford/AstraZeneca, Pfizer/BioNTech, Čína",6594066,6318995,711787,16,12913061
2021-11-25,"Johnson&Johnson, Moderna, Oxford/AstraZeneca, Pfizer/BioNTech",6613215,6334042,745292,16,12947257
2021-11-26,"Johnson&Johnson, Moderna, Oxford/AstraZeneca, Pfizer/BioNTech, Pfizer/BioNTech Kids",6634882,6353191,780141,17,12988073
2021-11-27,"Johnson&Johnson, Moderna, Oxford/AstraZeneca, Pfizer/BioNTech",6642362,6358760,788112,17,13001122
2021-11-28,"Johnson&Johnson, Moderna, Oxford/AstraZeneca, Pfizer/BioNTech",6645698,6361908,795122,17,13007606
2021-11-29,"Johnson&Johnson, Moderna, Oxford/AstraZeneca, Pfizer/BioNTech, Pfizer/BioNTech Kids",6660908,6375572,834205,18,13036480
2021-11-30,"Johnson&Johnson, Moderna, Oxford/AstraZeneca, Pfizer/BioNTech, Pfizer/BioNTech Kids",6674122,6386819,885517,18,13060941
2021-12-01,"Johnson&Johnson, Moderna, Oxford/AstraZeneca, Pfizer/BioNTech, Pfizer/BioNTech Kids, Čína",6688179,6399291,949747,19,13087470
2021-12-02,"Johnson&Johnson, Moderna, Oxford/AstraZeneca, Pfizer/BioNTech, Pfizer/BioNTech Kids, Čína",6698834,6411797,1022965,20,13110631
2021-12-03,"Johnson&Johnson, Moderna, Oxford/AstraZeneca, Pfizer/BioNTech",6708482,6427390,1098906,23,13135872
2021-12-04,"Johnson&Johnson, Moderna, Pfizer/BioNTech, Pfizer/BioNTech Kids",6711046,6431356,1125432,23,13142402
2021-12-05,"Johnson&Johnson, Moderna, Oxford/AstraZeneca, Pfizer/BioNTech, Pfizer/BioNTech Kids",6712407,6433703,1144505,23,13146110
2021-12-06,"Johnson&Johnson, Moderna, Oxford/AstraZeneca, Pfizer/BioNTech, Pfizer/BioNTech Kids, Čína",6720562,6445244,1211400,23,13165806
2021-12-07,"Johnson&Johnson, Moderna, Oxford/AstraZeneca, Pfizer/BioNTech, Pfizer/BioNTech Kids",6728458,6457262,1289536,23,13185720
2021-12-08,"Johnson&Johnson, Moderna, Oxford/AstraZeneca, Pfizer/BioNTech, Pfizer/BioNTech Kids, Čína",6736705,6463201,1371505,24,13199906
2021-12-09,"Johnson&Johnson, Moderna, Oxford/AstraZeneca, Pfizer/BioNTech, Pfizer/BioNTech Kids",6743831,6476033,1452573,24,13219864
2021-12-10,"Johnson&Johnson, Moderna, Oxford/AstraZeneca, Pfizer/BioNTech, Pfizer/BioNTech Kids",6750762,6493852,1529109,25,13244614
2021-12-11,"Johnson&Johnson, Moderna, Oxford/AstraZeneca, Pfizer/BioNTech, Pfizer/BioNTech Kids",6752418,6499120,1555174,25,13251538
2021-12-12,"Johnson&Johnson, Moderna, Oxford/AstraZeneca, Pfizer/BioNTech, Pfizer/BioNTech Kids",6753731,6503565,1571225,25,13257296
2021-12-13,"Johnson&Johnson, Moderna, Oxford/AstraZeneca, Pfizer/BioNTech, Pfizer/BioNTech Kids",6760090,6516885,1631923,26,13276975
2021-12-14,"Johnson&Johnson, Moderna, Oxford/AstraZeneca, Pfizer/BioNTech, Pfizer/BioNTech Kids",6766303,6530566,1705392,28,13296869
2021-12-15,"Johnson&Johnson, Moderna, Oxford/AstraZeneca, Pfizer/BioNTech, Pfizer/BioNTech Kids",6772509,6544169,1779201,29,13316678
2021-12-16,"Indie/Bahrat Biotech, Johnson&Johnson, Moderna, Oxford/AstraZeneca, Pfizer/BioNTech, Pfizer/BioNTech Kids, Čína",6779449,6559011,1854119,29,13338460
2021-12-17,"Johnson&Johnson, Moderna, Oxford/AstraZeneca, Pfizer/BioNTech, Pfizer/BioNTech Kids",6787813,6576296,1928274,29,13364109
2021-12-18,"Johnson&Johnson, Moderna, Oxford/AstraZeneca, Pfizer/BioNTech, Pfizer/BioNTech Kids",6790424,6581757,1953935,29,13372181
2021-12-19,"Johnson&Johnson, Moderna, Pfizer/BioNTech, Pfizer/BioNTech Kids",6792199,6584266,1972093,29,13376465
2021-12-20,"Johnson&Johnson, Moderna, Oxford/AstraZeneca, Pfizer/BioNTech, Pfizer/BioNTech Kids",6798061,6598335,2037412,29,13396396
2021-12-21,"Johnson&Johnson, Moderna, Oxford/AstraZeneca, Pfizer/BioNTech, Pfizer/BioNTech Kids, Čína",6804724,6610350,2106861,31,13415074
2021-12-22,"Indie/AstraZeneca, Johnson&Johnson, Moderna, Oxford/AstraZeneca, Pfizer/BioNTech, Pfizer/BioNTech Kids",6809770,6623412,2164744,31,13433182
2021-12-23,"Johnson&Johnson, Moderna, Oxford/AstraZeneca, Pfizer/BioNTech, Pfizer/BioNTech Kids",6812648,6629026,2192307,31,13441674
2021-12-24,"Johnson&Johnson, Moderna, Oxford/AstraZeneca, Pfizer/BioNTech",6812695,6629132,2192734,31,13441827
2021-12-25,"Moderna, Pfizer/BioNTech, Pfizer/BioNTech Kids",6812698,6629148,2192758,31,13441846
2021-12-26,"Moderna, Pfizer/BioNTech, Pfizer/BioNTech Kids",6812800,6629352,2193759,31,13442152
2021-12-27,"Johnson&Johnson, Moderna, Pfizer/BioNTech, Pfizer/BioNTech Kids",6816666,6639100,2243352,31,13455766
2021-12-28,"Johnson&Johnson, Moderna, Oxford/AstraZeneca, Pfizer/BioNTech, Pfizer/BioNTech Kids",6821910,6647107,2301877,31,13469017
2021-12-29,"Johnson&Johnson, Moderna, Oxford/AstraZeneca, Pfizer/BioNTech, Pfizer/BioNTech Kids",6826194,6654832,2358573,31,13481026
2021-12-30,"Johnson&Johnson, Moderna, Pfizer/BioNTech, Pfizer/BioNTech Kids",6830498,6660269,2402277,31,13490767
2021-12-31,"Johnson&Johnson, Moderna, Pfizer/BioNTech, Pfizer/BioNTech Kids",6831009,6661697,2411330,31,13492706
2022-01-01,"Moderna, Pfizer/BioNTech, Pfizer/BioNTech Kids",6831016,6661715,2411366,31,13492731
2022-01-02,"Johnson&Johnson, Moderna, Pfizer/BioNTech, Pfizer/BioNTech Kids",6831872,6663094,2424439,31,13494966
2022-01-03,"Johnson&Johnson, Moderna, Oxford/AstraZeneca, Pfizer/BioNTech, Pfizer/BioNTech Kids",6836010,6672008,2483679,31,13508018
2022-01-04,"Johnson&Johnson, Moderna, Oxford/AstraZeneca, Pfizer/BioNTech, Pfizer/BioNTech Kids",6841095,6679769,2560339,31,13520864
2022-01-05,"Johnson&Johnson, Moderna, Oxford/AstraZeneca, Pfizer/BioNTech, Pfizer/BioNTech Kids, Čína",6846919,6687749,2641171,31,13534668
2022-01-06,"Johnson&Johnson, Moderna, Oxford/AstraZeneca, Pfizer/BioNTech, Pfizer/BioNTech Kids",6853510,6696152,2728260,32,13549662
2022-01-07,"Johnson&Johnson, Moderna, Oxford/AstraZeneca, Pfizer/BioNTech, Pfizer/BioNTech Kids",6861394,6706508,2822200,32,13567902
2022-01-08,"Johnson&Johnson, Moderna, Oxford/AstraZeneca, Pfizer/BioNTech, Pfizer/BioNTech Kids",6863872,6709286,2851467,32,13573158
2022-01-09,"Johnson&Johnson, Moderna, Pfizer/BioNTech, Pfizer/BioNTech Kids",6864955,6710986,2868746,32,13575941
2022-01-10,"Johnson&Johnson, Moderna, Oxford/AstraZeneca, Pfizer/BioNTech, Pfizer/BioNTech Kids",6869464,6717181,2937724,32,13586645
2022-01-11,"Johnson&Johnson, Moderna, Oxford/AstraZeneca, Pfizer/BioNTech, Pfizer/BioNTech Kids",6874916,6723939,3013706,34,13598855
2022-01-12,"Johnson&Johnson, Moderna, Oxford/AstraZeneca, Pfizer/BioNTech, Pfizer/BioNTech Kids",6880877,6729583,3089449,34,13610460
2022-01-13,"Johnson&Johnson, Moderna, Oxford/AstraZeneca, Pfizer/BioNTech, Pfizer/BioNTech Kids",6886764,6734360,3164379,35,13621124
2022-01-14,"Johnson&Johnson, Moderna, Oxford/AstraZeneca, Pfizer/BioNTech, Pfizer/BioNTech Kids",6893065,6737993,3247434,36,13631058
2022-01-15,"Johnson&Johnson, Moderna, Oxford/AstraZeneca, Pfizer/BioNTech, Pfizer/BioNTech Kids",6894342,6738652,3270109,36,13632994
2022-01-16,"Johnson&Johnson, Moderna, Oxford/AstraZeneca, Pfizer/BioNTech, Pfizer/BioNTech Kids",6895032,6739090,3281902,36,13634122
2022-01-17,"Johnson&Johnson, Moderna, Oxford/AstraZeneca, Pfizer/BioNTech, Pfizer/BioNTech Kids",6898590,6743051,3328492,36,13641641
2022-01-18,"Johnson&Johnson, Moderna, Oxford/AstraZeneca, Pfizer/BioNTech, Pfizer/BioNTech Kids",6902444,6748008,3377570,38,13650452
2022-01-19,"Johnson&Johnson, Moderna, Oxford/AstraZeneca, Pfizer/BioNTech, Pfizer/BioNTech Kids, Čína",6906515,6751940,3422254,38,13658455
2022-01-20,"Johnson&Johnson, Moderna, Oxford/AstraZeneca, Pfizer/BioNTech, Pfizer/BioNTech Kids",6910116,6756403,3469153,39,13666519
2022-01-21,"Johnson&Johnson, Moderna, Oxford/AstraZeneca, Pfizer/BioNTech, Pfizer/BioNTech Kids, Čína",6914116,6758936,3524642,39,13673052
2022-01-22,"Johnson&Johnson, Moderna, Pfizer/BioNTech, Pfizer/BioNTech Kids",6914898,6759379,3534439,39,13674277
2022-01-23,"Johnson&Johnson, Moderna, Pfizer/BioNTech, Pfizer/BioNTech Kids",6915459,6760014,3539810,39,13675473
2022-01-24,"Johnson&Johnson, Moderna, Oxford/AstraZeneca, Pfizer/BioNTech, Pfizer/BioNTech Kids",6917737,6763452,3572282,39,13681189
2022-01-25,"Johnson&Johnson, Moderna, Oxford/AstraZeneca, Pfizer/BioNTech, Pfizer/BioNTech Kids",6920097,6767448,3603396,39,13687545
2022-01-26,"Johnson&Johnson, Moderna, Oxford/AstraZeneca, Pfizer/BioNTech, Pfizer/BioNTech Kids",6922483,6772018,3636108,39,13694501
2022-01-27,"Johnson&Johnson, Moderna, Oxford/AstraZeneca, Pfizer/BioNTech, Pfizer/BioNTech Kids",6924806,6776833,3668911,40,13701639
2022-01-28,"Johnson&Johnson, Moderna, Oxford/AstraZeneca, Pfizer/BioNTech, Pfizer/BioNTech Kids",6927724,6783002,3716488,40,13710726
2022-01-29,"Johnson&Johnson, Moderna, Oxford/AstraZeneca, Pfizer/BioNTech, Pfizer/BioNTech Kids",6928328,6784654,3726335,40,13712982
2022-01-30,"Johnson&Johnson, Moderna, Pfizer/BioNTech, Pfizer/BioNTech Kids",6928557,6785437,3730178,40,13713994
2022-01-31,"Johnson&Johnson, Moderna, Pfizer/BioNTech, Pfizer/BioNTech Kids",6930100,6789369,3755015,40,13719469
2022-02-01,"Johnson&Johnson, Moderna, Pfizer/BioNTech, Pfizer/BioNTech Kids",6931698,6793403,3775549,40,13725101
2022-02-02,"Johnson&Johnson, Moderna, Oxford/AstraZeneca, Pfizer/BioNTech, Pfizer/BioNTech Kids",6933265,6797920,3795779,41,13731185
2022-02-03,"Johnson&Johnson, Moderna, Pfizer/BioNTech, Pfizer/BioNTech Kids",6934644,6802407,3816443,41,13737051
2022-02-04,"Johnson&Johnson, Moderna, Oxford/AstraZeneca, Pfizer/BioNTech, Pfizer/BioNTech Kids",6936248,6807524,3846191,41,13743772
2022-02-05,"Johnson&Johnson, Moderna, Pfizer/BioNTech, Pfizer/BioNTech Kids",6936422,6808134,3851097,41,13744556
2022-02-06,"Johnson&Johnson, Moderna, Pfizer/BioNTech, Pfizer/BioNTech Kids",6936518,6808453,3852983,41,13744971
2022-02-07,"Indie/AstraZeneca, Johnson&Johnson, Moderna, Pfizer/BioNTech, Pfizer/BioNTech Kids",6937224,6811665,3865577,41,13748889
2022-02-08,"Johnson&Johnson, Moderna, Pfizer/BioNTech, Pfizer/BioNTech Kids",6938019,6814860,3877690,41,13752879
2022-02-09,"Johnson&Johnson, Moderna, Oxford/AstraZeneca, Pfizer/BioNTech, Pfizer/BioNTech Kids",6938841,6818235,3889663,41,13757076
2022-02-10,"Johnson&Johnson, Moderna, Pfizer/BioNTech, Pfizer/BioNTech Kids",6939653,6821368,3901810,41,13761021
2022-02-11,"Johnson&Johnson, Moderna, Pfizer/BioNTech, Pfizer/BioNTech Kids",6940608,6825290,3920745,41,13765898
2022-02-12,"Johnson&Johnson, Moderna, Pfizer/BioNTech, Pfizer/BioNTech Kids",6940720,6825711,3923106,41,13766431
2022-02-13,"Johnson&Johnson, Moderna, Pfizer/BioNTech, Pfizer/BioNTech Kids",6940757,6826149,3924537,42,13766906
2022-02-14,"Johnson&Johnson, Moderna, Pfizer/BioNTech, Pfizer/BioNTech Kids",6941218,6828263,3932625,42,13769481
2022-02-15,"Johnson&Johnson, Moderna, Pfizer/BioNTech, Pfizer/BioNTech Kids",6941771,6830474,3939999,42,13772245
2022-02-16,"Johnson&Johnson, Moderna, Pfizer/BioNTech, Pfizer/BioNTech Kids",6942366,6832576,3947993,42,13774942
2022-02-17,"Johnson&Johnson, Moderna, Pfizer/BioNTech, Pfizer/BioNTech Kids",6942963,6834922,3956364,43,13777885
2022-02-18,"Johnson&Johnson, Moderna, Oxford/AstraZeneca, Pfizer/BioNTech, Pfizer/BioNTech Kids",6943608,6837977,3970173,43,13781585
2022-02-19,"Johnson&Johnson, Moderna, Pfizer/BioNTech, Pfizer/BioNTech Kids",6943689,6838260,3972128,43,13781949
2022-02-20,"Johnson&Johnson, Moderna, Oxford/AstraZeneca, Pfizer/BioNTech, Pfizer/BioNTech Kids",6943729,6838409,3972870,44,13782138
2022-02-21,"Johnson&Johnson, Moderna, Oxford/AstraZeneca, Pfizer/BioNTech, Pfizer/BioNTech Kids",6944095,6840112,3978769,44,13784207
2022-02-22,"Johnson&Johnson, Moderna, Oxford/AstraZeneca, Pfizer/BioNTech, Pfizer/BioNTech Kids",6944490,6841814,3984367,44,13786304
2022-02-23,"Johnson&Johnson, Moderna, Pfizer/BioNTech, Pfizer/BioNTech Kids",6944949,6843456,3990147,44,13788405
2022-02-24,"Johnson&Johnson, Moderna, Pfizer/BioNTech, Pfizer/BioNTech Kids",6945358,6845087,3996248,44,13790445
2022-02-25,"Johnson&Johnson, Moderna, Pfizer/BioNTech, Pfizer/BioNTech Kids",6945943,6847175,4007370,44,13793118
2022-02-26,"Johnson&Johnson, Moderna, Pfizer/BioNTech, Pfizer/BioNTech Kids",6946003,6847336,4009008,44,13793339
2022-02-27,"Johnson&Johnson, Moderna, Pfizer/BioNTech, Pfizer/BioNTech Kids",6946034,6847412,4009627,44,13793446
2022-02-28,"Johnson&Johnson, Moderna, Pfizer/BioNTech, Pfizer/BioNTech Kids",6946280,6848390,4014357,44,13794670
2022-03-01,"Johnson&Johnson, Moderna, Pfizer/BioNTech, Pfizer/BioNTech Kids",6946587,6849175,4017334,44,13795762
2022-03-02,"Johnson&Johnson, Moderna, Novavax, Pfizer/BioNTech, Pfizer/BioNTech Kids",6946961,6850084,4021128,44,13797045
2022-03-03,"Johnson&Johnson, Moderna, Novavax, Pfizer/BioNTech, Pfizer/BioNTech Kids",6947298,6851027,4024834,44,13798325
2022-03-04,"Johnson&Johnson, Moderna, Novavax, Pfizer/BioNTech, Pfizer/BioNTech Kids",6947932,6852249,4032052,44,13800181
2022-03-05,"Johnson&Johnson, Moderna, Novavax, Pfizer/BioNTech, Pfizer/BioNTech Kids",6948013,6852342,4032669,44,13800355
2022-03-06,"Moderna, Novavax, Oxford/AstraZeneca, Pfizer/BioNTech, Pfizer/BioNTech Kids",6948026,6852360,4032866,44,13800386
2022-03-07,"Johnson&Johnson, Moderna, Novavax, Pfizer/BioNTech, Pfizer/BioNTech Kids",6948361,6852919,4035605,44,13801280
2022-03-08,"Johnson&Johnson, Moderna, Novavax, Oxford/AstraZeneca, Pfizer/BioNTech, Pfizer/BioNTech Kids",6948696,6853463,4038139,44,13802159
2022-03-09,"Johnson&Johnson, Moderna, Novavax, Pfizer/BioNTech, Pfizer/BioNTech Kids",6949085,6854059,4041437,44,13803144
2022-03-10,"Johnson&Johnson, Moderna, Novavax, Pfizer/BioNTech, Pfizer/BioNTech Kids",6949499,6854736,4044542,44,13804235
2022-03-11,"Johnson&Johnson, Moderna, Novavax, Pfizer/BioNTech, Pfizer/BioNTech Kids",6950249,6855647,4050887,44,13805896
2022-03-12,"Johnson&Johnson, Moderna, Novavax, Pfizer/BioNTech, Pfizer/BioNTech Kids",6950320,6855752,4051782,44,13806072
2022-03-13,"Johnson&Johnson, Moderna, Novavax, Pfizer/BioNTech, Pfizer/BioNTech Kids",6950333,6855774,4051969,44,13806107
2022-03-14,"Johnson&Johnson, Moderna, Novavax, Pfizer/BioNTech, Pfizer/BioNTech Kids",6950600,6856159,4054732,44,13806759
2022-03-15,"Johnson&Johnson, Moderna, Novavax, Pfizer/BioNTech, Pfizer/BioNTech Kids",6950885,6856596,4057354,44,13807481
2022-03-16,"Johnson&Johnson, Moderna, Novavax, Pfizer/BioNTech, Pfizer/BioNTech Kids",6951205,6857140,4060277,44,13808345
2022-03-17,"Johnson&Johnson, Moderna, Novavax, Oxford/AstraZeneca, Pfizer/BioNTech, Pfizer/BioNTech Kids",6951501,6857572,4063372,44,13809073
2022-03-18,"Johnson&Johnson, Moderna, Novavax, Pfizer/BioNTech, Pfizer/BioNTech Kids",6952197,6858369,4070097,44,13810566
2022-03-19,"Moderna, Novavax, Pfizer/BioNTech, Pfizer/BioNTech Kids",6952254,6858414,4070544,44,13810668
2022-03-20,"Moderna, Novavax, Pfizer/BioNTech, Pfizer/BioNTech Kids",6952272,6858427,4070724,44,13810699
2022-03-21,"Johnson&Johnson, Moderna, Novavax, Pfizer/BioNTech, Pfizer/BioNTech Kids",6952460,6858753,4073191,44,13811213
2022-03-22,"Johnson&Johnson, Moderna, Novavax, Pfizer/BioNTech, Pfizer/BioNTech Kids",6952706,6859155,4075449,44,13811861
2022-03-23,"Johnson&Johnson, Moderna, Novavax, Pfizer/BioNTech, Pfizer/BioNTech Kids",6953044,6859595,4078282,44,13812639
2022-03-24,"Johnson&Johnson, Moderna, Novavax, Pfizer/BioNTech, Pfizer/BioNTech Kids",6953355,6860068,4081440,45,13813423
2022-03-25,"Johnson&Johnson, Moderna, Novavax, Pfizer/BioNTech, Pfizer/BioNTech Kids",6953851,6860880,4088025,45,13814731
2022-03-26,"Johnson&Johnson, Moderna, Novavax, Pfizer/BioNTech, Pfizer/BioNTech Kids",6953904,6860959,4088419,45,13814863
2022-03-27,"Moderna, Novavax, Pfizer/BioNTech, Pfizer/BioNTech Kids",6953920,6860976,4088534,45,13814896
2022-03-28,"Johnson&Johnson, Moderna, Novavax, Pfizer/BioNTech, Pfizer/BioNTech Kids",6954074,6861355,4090865,45,13815429
2022-03-29,"Johnson&Johnson, Moderna, Novavax, Pfizer/BioNTech, Pfizer/BioNTech Kids",6954337,6861761,4093162,45,13816098
2022-03-30,"Johnson&Johnson, Moderna, Novavax, Pfizer/BioNTech, Pfizer/BioNTech Kids",6954644,6862255,4095993,45,13816899
2022-03-31,"Johnson&Johnson, Moderna, Novavax, Pfizer/BioNTech, Pfizer/BioNTech Kids",6954942,6862748,4099294,45,13817690
2022-04-01,"Johnson&Johnson, Moderna, Novavax, Pfizer/BioNTech, Pfizer/BioNTech Kids",6955552,6863508,4105195,45,13819060
2022-04-02,"Moderna, Novavax, Pfizer/BioNTech, Pfizer/BioNTech Kids",6955609,6863593,4106009,45,13819202
2022-04-03,"Moderna, Novavax, Pfizer/BioNTech, Pfizer/BioNTech Kids",6955622,6863622,4106177,45,13819244
2022-04-04,"Johnson&Johnson, Moderna, Novavax, Pfizer/BioNTech, Pfizer/BioNTech Kids",6955799,6863904,4108013,45,13819703
2022-04-05,"Johnson&Johnson, Moderna, Novavax, Pfizer/BioNTech, Pfizer/BioNTech Kids",6955990,6864142,4109625,45,13820132
2022-04-06,"Johnson&Johnson, Moderna, Novavax, Pfizer/BioNTech, Pfizer/BioNTech Kids",6956209,6864488,4112368,45,13820697
2022-04-07,"Johnson&Johnson, Moderna, Novavax, Pfizer/BioNTech, Pfizer/BioNTech Kids",6956433,6864908,4115205,45,13821341
2022-04-08,"Johnson&Johnson, Moderna, Novavax, Pfizer/BioNTech, Pfizer/BioNTech Kids",6956888,6865633,4121246,45,13822521
2022-04-09,"Johnson&Johnson, Moderna, Novavax, Pfizer/BioNTech, Pfizer/BioNTech Kids",6956948,6865706,4121771,45,13822654
2022-04-10,"Moderna, Novavax, Pfizer/BioNTech, Pfizer/BioNTech Kids",6956962,6865716,4121892,45,13822678
2022-04-11,"Johnson&Johnson, Moderna, Novavax, Pfizer/BioNTech, Pfizer/BioNTech Kids",6957124,6865947,4123747,46,13823071
2022-04-12,"Johnson&Johnson, Moderna, Novavax, Pfizer/BioNTech, Pfizer/BioNTech Kids",6957372,6866248,4125658,48,13823620
2022-04-13,"Johnson&Johnson, Moderna, Novavax, Pfizer/BioNTech, Pfizer/BioNTech Kids",6957613,6866602,4128782,48,13824215
2022-04-14,"Johnson&Johnson, Moderna, Novavax, Pfizer/BioNTech, Pfizer/BioNTech Kids",6957875,6866989,4132511,48,13824864
2022-04-15,"Moderna, Novavax, Pfizer/BioNTech, Pfizer/BioNTech Kids",6957891,6867020,4132656,48,13824911
2022-04-16,"Johnson&Johnson, Moderna, Novavax, Pfizer/BioNTech, Pfizer/BioNTech Kids",6957911,6867055,4132873,48,13824966
2022-04-17,"Moderna, Novavax, Pfizer/BioNTech",6957912,6867056,4132924,48,13824968
2022-04-18,"Johnson&Johnson, Moderna, Novavax, Pfizer/BioNTech, Pfizer/BioNTech Kids",6957927,6867074,4132934,48,13825001
2022-04-19,"Johnson&Johnson, Moderna, Novavax, Pfizer/BioNTech, Pfizer/BioNTech Kids",6958067,6867413,4134720,48,13825480
2022-04-20,"Johnson&Johnson, Moderna, Novavax, Pfizer/BioNTech, Pfizer/BioNTech Kids, Čína",6958290,6867803,4137227,48,13826093
2022-04-21,"Johnson&Johnson, Moderna, Novavax, Pfizer/BioNTech, Pfizer/BioNTech Kids",6958507,6868227,4139641,48,13826734
2022-04-22,"Johnson&Johnson, Moderna, Novavax, Pfizer/BioNTech, Pfizer/BioNTech Kids",6958973,6869055,4145240,48,13828028
2022-04-23,"Moderna, Novavax, Pfizer/BioNTech, Pfizer/BioNTech Kids",6959004,6869134,4146029,48,13828138
2022-04-24,"Moderna, Novavax, Pfizer/BioNTech, Pfizer/BioNTech Kids",6959009,6869145,4146158,48,13828154
2022-04-25,"Johnson&Johnson, Moderna, Novavax, Pfizer/BioNTech, Pfizer/BioNTech Kids",6959165,6869355,4148002,48,13828520
2022-04-26,"Johnson&Johnson, Moderna, Novavax, Pfizer/BioNTech, Pfizer/BioNTech Kids",6959305,6869619,4149569,48,13828924
2022-04-27,"Johnson&Johnson, Moderna, Novavax, Pfizer/BioNTech, Pfizer/BioNTech Kids",6959573,6869951,4152014,48,13829524
2022-04-28,"Johnson&Johnson, Moderna, Novavax, Pfizer/BioNTech, Pfizer/BioNTech Kids",6959767,6870241,4154436,48,13830008
2022-04-29,"Johnson&Johnson, Moderna, Novavax, Pfizer/BioNTech, Pfizer/BioNTech Kids",6960203,6870830,4159216,48,13831033
2022-04-30,"Moderna, Novavax, Pfizer/BioNTech, Pfizer/BioNTech Kids",6960248,6870897,4159793,48,13831145
2022-05-01,"Moderna, Novavax, Oxford/AstraZeneca, Pfizer/BioNTech, Pfizer/BioNTech Kids",6960253,6870907,4159890,48,13831160
2022-05-02,"Johnson&Johnson, Moderna, Novavax, Pfizer/BioNTech, Pfizer/BioNTech Kids",6960393,6871089,4161174,48,13831482
2022-05-03,"Johnson&Johnson, Moderna, Novavax, Pfizer/BioNTech, Pfizer/BioNTech Kids",6960550,6871345,4162569,48,13831895
2022-05-04,"Johnson&Johnson, Moderna, Novavax, Pfizer/BioNTech, Pfizer/BioNTech Kids",6960756,6871620,4164698,48,13832376
2022-05-05,"Johnson&Johnson, Moderna, Novavax, Pfizer/BioNTech, Pfizer/BioNTech Kids",6960963,6871910,4166830,48,13832873
2022-05-06,"Johnson&Johnson, Moderna, Novavax, Pfizer/BioNTech, Pfizer/BioNTech Kids",6961341,6872253,4171777,49,13833594
2022-05-07,"Moderna, Novavax, Pfizer/BioNTech, Pfizer/BioNTech Kids",6961368,6872280,4172119,49,13833648
2022-05-08,"Moderna, Pfizer/BioNTech, Pfizer/BioNTech Kids",6961370,6872289,4172163,49,13833659
2022-05-09,"Johnson&Johnson, Moderna, Novavax, Pfizer/BioNTech, Pfizer/BioNTech Kids",6961478,6872379,4173449,49,13833857
2022-05-10,"Johnson&Johnson, Moderna, Novavax, Pfizer/BioNTech, Pfizer/BioNTech Kids",6961633,6872616,4175064,49,13834249
2022-05-11,"Johnson&Johnson, Moderna, Novavax, Oxford/AstraZeneca, Pfizer/BioNTech, Pfizer/BioNTech Kids",6961855,6872883,4177375,49,13834738
2022-05-12,"Johnson&Johnson, Moderna, Novavax, Pfizer/BioNTech, Pfizer/BioNTech Kids",6962064,6873160,4179504,49,13835224
2022-05-13,"Johnson&Johnson, Moderna, Novavax, Pfizer/BioNTech, Pfizer/BioNTech Kids",6962410,6873659,4183722,49,13836069
2022-05-14,"Johnson&Johnson, Moderna, Novavax, Pfizer/BioNTech, Pfizer/BioNTech Kids",6962451,6873699,4184310,49,13836150
2022-05-15,"Johnson&Johnson, Moderna, Novavax, Pfizer/BioNTech, Pfizer/BioNTech Kids",6962466,6873710,4184411,50,13836176
2022-05-16,"Johnson&Johnson, Moderna, Novavax, Pfizer/BioNTech, Pfizer/BioNTech Kids",6962576,6873830,4185749,50,13836406
2022-05-17,"Johnson&Johnson, Moderna, Novavax, Pfizer/BioNTech, Pfizer/BioNTech Kids",6962718,6873988,4187162,50,13836706
2022-05-18,"Indie/AstraZeneca, Johnson&Johnson, Moderna, Novavax, Pfizer/BioNTech, Pfizer/BioNTech Kids",6962954,6874321,4189180,51,13837275
2022-05-19,"Johnson&Johnson, Moderna, Novavax, Pfizer/BioNTech, Pfizer/BioNTech Kids",6963148,6874573,4191013,51,13837721
2022-05-20,"Johnson&Johnson, Moderna, Novavax, Pfizer/BioNTech, Pfizer/BioNTech Kids",6963453,6875128,4195026,54,13838581
2022-05-21,"Johnson&Johnson, Moderna, Novavax, Pfizer/BioNTech, Pfizer/BioNTech Kids",6963492,6875157,4195298,54,13838649
2022-05-22,"Moderna, Pfizer/BioNTech, Pfizer/BioNTech Kids",6963501,6875164,4195441,54,13838665
2022-05-23,"Johnson&Johnson, Moderna, Novavax, Pfizer/BioNTech, Pfizer/BioNTech Kids",6963623,6875319,4196764,54,13838942
2022-05-24,"Johnson&Johnson, Moderna, Novavax, Pfizer/BioNTech, Pfizer/BioNTech Kids",6963754,6875494,4198014,54,13839248
2022-05-25,"Indie/AstraZeneca, Johnson&Johnson, Moderna, Novavax, Oxford/AstraZeneca, Pfizer/BioNTech, Pfizer/BioNTech Kids",6963936,6875744,4200386,54,13839680
2022-05-26,"Johnson&Johnson, Moderna, Novavax, Pfizer/BioNTech, Pfizer/BioNTech Kids",6964089,6875970,4202045,54,13840059
2022-05-27,"Johnson&Johnson, Moderna, Novavax, Pfizer/BioNTech, Pfizer/BioNTech Kids",6964361,6876437,4205800,55,13840798
2022-05-28,"Moderna, Novavax, Pfizer/BioNTech, Pfizer/BioNTech Kids",6964399,6876486,4206190,55,13840885
2022-05-29,"Moderna, Novavax, Pfizer/BioNTech, Pfizer/BioNTech Kids",6964408,6876490,4206306,55,13840898
2022-05-30,"Johnson&Johnson, Moderna, Novavax, Oxford/AstraZeneca, Pfizer/BioNTech, Pfizer/BioNTech Kids",6964500,6876652,4207385,55,13841152
2022-05-31,"Johnson&Johnson, Moderna, Novavax, Pfizer/BioNTech, Pfizer/BioNTech Kids",6964649,6876852,4208637,55,13841501
2022-06-01,"Johnson&Johnson, Moderna, Novavax, Pfizer/BioNTech, Pfizer/BioNTech Kids",6964788,6877082,4210072,55,13841870
2022-06-02,"Moderna, Novavax, Pfizer/BioNTech, Pfizer/BioNTech Kids",6964919,6877327,4211412,55,13842246
2022-06-03,"Johnson&Johnson, Moderna, Novavax, Pfizer/BioNTech, Pfizer/BioNTech Kids",6965180,6877788,4214331,56,13842968
2022-06-04,"Johnson&Johnson, Moderna, Novavax, Pfizer/BioNTech, Pfizer/BioNTech Kids",6965214,6877828,4214736,56,13843042
2022-06-05,"Moderna, Novavax, Pfizer/BioNTech, Pfizer/BioNTech Kids",6965221,6877834,4214842,56,13843055
2022-06-06,"Johnson&Johnson, Moderna, Novavax, Pfizer/BioNTech, Pfizer/BioNTech Kids",6965315,6877977,4215961,56,13843292
2022-06-07,"Johnson&Johnson, Moderna, Novavax, Pfizer/BioNTech, Pfizer/BioNTech Kids",6965401,6878136,4216820,56,13843537
2022-06-08,"Johnson&Johnson, Moderna, Novavax, Pfizer/BioNTech, Pfizer/BioNTech Kids",6965537,6878384,4218317,56,13843921
2022-06-09,"Johnson&Johnson, Moderna, Novavax, Pfizer/BioNTech, Pfizer/BioNTech Kids",6965638,6878586,4219523,56,13844224
2022-06-10,"Johnson&Johnson, Moderna, Novavax, Pfizer/BioNTech, Pfizer/BioNTech Kids",6965823,6878927,4221806,57,13844750
2022-06-11,"Moderna, Novavax, Pfizer/BioNTech, Pfizer/BioNTech Kids",6965837,6878966,4221983,57,13844803
2022-06-12,"Moderna, Novavax, Pfizer/BioNTech, Pfizer/BioNTech Kids",6965843,6878989,4222065,57,13844832
2022-06-13,"Johnson&Johnson, Moderna, Novavax, Oxford/AstraZeneca, Pfizer/BioNTech, Pfizer/BioNTech Kids",6965908,6879112,4222914,57,13845020
2022-06-14,"Johnson&Johnson, Moderna, Novavax, Pfizer/BioNTech, Pfizer/BioNTech Kids",6965988,6879260,4223693,58,13845248
2022-06-15,"Johnson&Johnson, Moderna, Novavax, Pfizer/BioNTech, Pfizer/BioNTech Kids",6966072,6879455,4224854,58,13845527
2022-06-16,"Johnson&Johnson, Moderna, Novavax, Pfizer/BioNTech, Pfizer/BioNTech Kids",6966138,6879632,4225810,58,13845770
2022-06-17,"Johnson&Johnson, Moderna, Novavax, Pfizer/BioNTech, Pfizer/BioNTech Kids",6966292,6879920,4227977,58,13846212
2022-06-18,"Moderna, Novavax, Pfizer/BioNTech, Pfizer/BioNTech Kids",6966304,6879959,4228087,58,13846263
2022-06-19,"Moderna, Pfizer/BioNTech, Pfizer/BioNTech Kids",6966308,6879967,4228146,58,13846275
2022-06-20,"Johnson&Johnson, Moderna, Novavax, Pfizer/BioNTech, Pfizer/BioNTech Kids",6966375,6880090,4228860,61,13846465
2022-06-21,"Johnson&Johnson, Moderna, Novavax, Pfizer/BioNTech, Pfizer/BioNTech Kids",6966438,6880216,4229638,62,13846654
2022-06-22,"Johnson&Johnson, Moderna, Novavax, Pfizer/BioNTech, Pfizer/BioNTech Kids",6966535,6880400,4230770,64,13846935
2022-06-23,"Johnson&Johnson, Moderna, Novavax, Pfizer/BioNTech, Pfizer/BioNTech Kids",6966595,6880568,4231761,64,13847163
2022-06-24,"Johnson&Johnson, Moderna, Novavax, Pfizer/BioNTech, Pfizer/BioNTech Kids",6966757,6880919,4233664,64,13847676
2022-06-25,"Moderna, Novavax, Pfizer/BioNTech, Pfizer/BioNTech Kids",6966776,6880972,4234014,64,13847748
2022-06-26,"Moderna, Pfizer/BioNTech, Pfizer/BioNTech Kids",6966778,6880982,4234081,64,13847760
2022-06-27,"Johnson&Johnson, Moderna, Novavax, Pfizer/BioNTech, Pfizer/BioNTech Kids",6966850,6881098,4234919,64,13847948
2022-06-28,"Johnson&Johnson, Moderna, Novavax, Pfizer/BioNTech, Pfizer/BioNTech Kids",6966926,6881218,4235741,64,13848144
2022-06-29,"Johnson&Johnson, Moderna, Novavax, Pfizer/BioNTech, Pfizer/BioNTech Kids",6967050,6881404,4237069,64,13848454
2022-06-30,"Johnson&Johnson, Moderna, Novavax, Pfizer/BioNTech, Pfizer/BioNTech Kids",6967150,6881560,4238251,64,13848710
2022-07-01,"Johnson&Johnson, Moderna, Novavax, Oxford/AstraZeneca, Pfizer/BioNTech, Pfizer/BioNTech Kids",6967341,6881810,4240313,66,13849151
2022-07-02,"Moderna, Novavax, Pfizer/BioNTech, Pfizer/BioNTech Kids",6967355,6881817,4240454,66,13849172
2022-07-03,"Moderna, Pfizer/BioNTech, Pfizer/BioNTech Kids",6967359,6881827,4240518,66,13849186
2022-07-04,"Johnson&Johnson, Moderna, Novavax, Pfizer/BioNTech, Pfizer/BioNTech Kids",6967445,6881895,4241310,66,13849340
2022-07-05,"Moderna, Novavax, Pfizer/BioNTech, Pfizer/BioNTech Kids",6967456,6881897,4241346,69,13849353
2022-07-06,"Moderna, Pfizer/BioNTech",6967464,6881905,4241384,69,13849369
2022-07-07,"Johnson&Johnson, Moderna, Novavax, Pfizer/BioNTech, Pfizer/BioNTech Kids",6967570,6882007,4242372,70,13849577
2022-07-08,"Indie/AstraZeneca, Johnson&Johnson, Moderna, Novavax, Oxford/AstraZeneca, Pfizer/BioNTech, Pfizer/BioNTech Kids",6967733,6882203,4244520,79,13849936
2022-07-09,"Johnson&Johnson, Moderna, Novavax, Pfizer/BioNTech, Pfizer/BioNTech Kids",6967743,6882211,4244640,79,13849954
2022-07-10,"Moderna, Pfizer/BioNTech, Pfizer/BioNTech Kids",6967747,6882221,4244732,79,13849968
2022-07-11,"Johnson&Johnson, Moderna, Novavax, Pfizer/BioNTech, Pfizer/BioNTech Kids",6967847,6882313,4245831,90,13850160
2022-07-12,"Johnson&Johnson, Moderna, Novavax, Pfizer/BioNTech, Pfizer/BioNTech Kids",6967950,6882409,4246901,93,13850359
2022-07-13,"Johnson&Johnson, Moderna, Novavax, Pfizer/BioNTech, Pfizer/BioNTech Kids",6968125,6882538,4248787,97,13850663
2022-07-14,"Johnson&Johnson, Moderna, Novavax, Pfizer/BioNTech, Pfizer/BioNTech Kids",6968259,6882636,4250110,102,13850895
2022-07-15,"Johnson&Johnson, Moderna, Novavax, Pfizer/BioNTech, Pfizer/BioNTech Kids",6968518,6882848,4253347,146,13851366
2022-07-16,"Johnson&Johnson, Moderna, Novavax, Pfizer/BioNTech, Pfizer/BioNTech Kids",6968555,6882880,4253750,148,13851435
2022-07-17,"Moderna, Pfizer/BioNTech, Pfizer/BioNTech Kids",6968560,6882887,4253847,148,13851447
2022-07-18,"Johnson&Johnson, Moderna, Novavax, Oxford/AstraZeneca, Pfizer/BioNTech, Pfizer/BioNTech Kids",6968698,6882990,4254892,2122,13851688
2022-07-19,"Johnson&Johnson, Moderna, Novavax, Pfizer/BioNTech, Pfizer/BioNTech Kids",6968793,6883059,4255912,5184,13851852
2022-07-20,"Johnson&Johnson, Moderna, Novavax, Pfizer/BioNTech, Pfizer/BioNTech Kids",6968899,6883168,4257661,9014,13852067
2022-07-21,"Johnson&Johnson, Moderna, Novavax, Pfizer/BioNTech, Pfizer/BioNTech Kids",6969018,6883251,4259014,13253,13852269
2022-07-22,"Johnson&Johnson, Moderna, Novavax, Oxford/AstraZeneca, Pfizer/BioNTech, Pfizer/BioNTech Kids",6969229,6883464,4261839,21100,13852693
2022-07-23,"Johnson&Johnson, Moderna, Novavax, Pfizer/BioNTech, Pfizer/BioNTech Kids",6969253,6883480,4261968,21462,13852733
2022-07-24,"Moderna, Pfizer/BioNTech, Pfizer/BioNTech Kids",6969258,6883490,4262032,21683,13852748
2022-07-25,"Johnson&Johnson, Moderna, Novavax, Pfizer/BioNTech, Pfizer/BioNTech Kids",6969352,6883571,4263024,25774,13852923
2022-07-26,"Johnson&Johnson, Moderna, Novavax, Pfizer/BioNTech, Pfizer/BioNTech Kids",6969460,6883647,4264207,31202,13853107
2022-07-27,"Johnson&Johnson, Moderna, Novavax, Pfizer/BioNTech, Pfizer/BioNTech Kids",6969587,6883736,4265947,37662,13853323
2022-07-28,"Johnson&Johnson, Moderna, Novavax, Pfizer/BioNTech, Pfizer/BioNTech Kids",6969706,6883864,4267462,43246,13853570
2022-07-29,"Johnson&Johnson, Moderna, Novavax, Pfizer/BioNTech, Pfizer/BioNTech Kids",6969947,6884076,4270034,49702,13854023
2022-07-30,"Johnson&Johnson, Moderna, Novavax, Pfizer/BioNTech, Pfizer/BioNTech Kids",6969963,6884091,4270224,50411,13854054
2022-07-31,"Johnson&Johnson, Moderna, Pfizer/BioNTech, Pfizer/BioNTech Kids",6969976,6884096,4270312,50522,13854072
2022-08-01,"Johnson&Johnson, Moderna, Novavax, Pfizer/BioNTech, Pfizer/BioNTech Kids",6970071,6884189,4271229,53210,13854260
2022-08-02,"Johnson&Johnson, Moderna, Novavax, Pfizer/BioNTech, Pfizer/BioNTech Kids",6970185,6884276,4272293,57487,13854461
2022-08-03,"Johnson&Johnson, Moderna, Novavax, Pfizer/BioNTech, Pfizer/BioNTech Kids",6970324,6884414,4273631,62040,13854738
2022-08-04,"Johnson&Johnson, Moderna, Novavax, Pfizer/BioNTech, Pfizer/BioNTech Kids",6970469,6884575,4275080,67190,13855044
2022-08-05,"Johnson&Johnson, Moderna, Novavax, Pfizer/BioNTech, Pfizer/BioNTech Kids",6970707,6884828,4277111,72825,13855535
2022-08-06,"Johnson&Johnson, Moderna, Novavax, Pfizer/BioNTech, Pfizer/BioNTech Kids",6970723,6884856,4277409,73055,13855579
2022-08-07,"Moderna, Pfizer/BioNTech, Pfizer/BioNTech Kids",6970727,6884860,4277475,73136,13855587
2022-08-08,"Johnson&Johnson, Moderna, Novavax, Pfizer/BioNTech, Pfizer/BioNTech Kids",6970828,6884973,4278254,76080,13855801
2022-08-09,"Johnson&Johnson, Moderna, Novavax, Pfizer/BioNTech, Pfizer/BioNTech Kids",6970937,6885057,4279342,80624,13855994
2022-08-10,"Johnson&Johnson, Moderna, Novavax, Pfizer/BioNTech, Pfizer/BioNTech Kids",6971061,6885165,4280491,85400,13856226
2022-08-11,"Johnson&Johnson, Moderna, Novavax, Pfizer/BioNTech, Pfizer/BioNTech Kids",6971165,6885298,4281648,90289,13856463
2022-08-12,"Johnson&Johnson, Moderna, Novavax, Pfizer/BioNTech, Pfizer/BioNTech Kids",6971309,6885510,4283454,95747,13856819
2022-08-13,"Johnson&Johnson, Moderna, Pfizer/BioNTech, Pfizer/BioNTech Kids",6971324,6885539,4283548,95935,13856863
2022-08-14,"Moderna, Pfizer/BioNTech, Pfizer/BioNTech Kids",6971327,6885543,4283599,95974,13856870
2022-08-15,"Johnson&Johnson, Moderna, Novavax, Pfizer/BioNTech, Pfizer/BioNTech Kids",6971419,6885667,4284402,99057,13857086
2022-08-16,"Johnson&Johnson, Moderna, Novavax, Pfizer/BioNTech, Pfizer/BioNTech Kids",6971517,6885780,4285328,103340,13857297
2022-08-17,"Johnson&Johnson, Moderna, Novavax, Pfizer/BioNTech, Pfizer/BioNTech Kids",6971601,6885904,4286358,108717,13857505
2022-08-18,"Johnson&Johnson, Moderna, Novavax, Pfizer/BioNTech, Pfizer/BioNTech Kids",6971709,6886048,4287542,114685,13857757
2022-08-19,"Johnson&Johnson, Moderna, Novavax, Pfizer/BioNTech, Pfizer/BioNTech Kids",6971883,6886266,4289372,121741,13858149
2022-08-20,"Moderna, Novavax, Oxford/AstraZeneca, Pfizer/BioNTech, Pfizer/BioNTech Kids",6971893,6886277,4289543,122636,13858170
2022-08-21,"Moderna, Pfizer/BioNTech, Pfizer/BioNTech Kids",6971896,6886287,4289594,122854,13858183
2022-08-22,"Johnson&Johnson, Moderna, Novavax, Oxford/AstraZeneca, Pfizer/BioNTech, Pfizer/BioNTech Kids",6971982,6886390,4290370,126671,13858372
2022-08-23,"Johnson&Johnson, Moderna, Novavax, Pfizer/BioNTech, Pfizer/BioNTech Kids",6972111,6886527,4291297,131373,13858638
2022-08-24,"Johnson&Johnson, Moderna, Novavax, Pfizer/BioNTech, Pfizer/BioNTech Kids",6972208,6886660,4292366,136805,13858868
2022-08-25,"Johnson&Johnson, Moderna, Novavax, Pfizer/BioNTech, Pfizer/BioNTech Kids",6972319,6886772,4293567,142984,13859091
2022-08-26,"Johnson&Johnson, Moderna, Novavax, Pfizer/BioNTech, Pfizer/BioNTech Kids",6972485,6887005,4295245,149709,13859490
2022-08-27,"Johnson&Johnson, Moderna, Novavax, Pfizer/BioNTech, Pfizer/BioNTech Kids",6972521,6887034,4295469,150055,13859555
2022-08-28,"Moderna, Novavax, Pfizer/BioNTech, Pfizer/BioNTech Kids",6972529,6887045,4295514,150140,13859574
2022-08-29,"Johnson&Johnson, Moderna, Novavax, Pfizer/BioNTech, Pfizer/BioNTech Kids",6972605,6887143,4296284,153620,13859748
2022-08-30,"Johnson&Johnson, Moderna, Novavax, Pfizer/BioNTech, Pfizer/BioNTech Kids",6972698,6887244,4297195,158606,13859942
2022-08-31,"Johnson&Johnson, Moderna, Novavax, Pfizer/BioNTech, Pfizer/BioNTech Kids",6972820,6887383,4298182,163181,13860203
2022-09-01,"Johnson&Johnson, Moderna, Novavax, Pfizer/BioNTech, Pfizer/BioNTech Kids",6972927,6887498,4299136,168894,13860425
2022-09-02,"Johnson&Johnson, Moderna, Novavax, Pfizer/BioNTech, Pfizer/BioNTech Kids",6973101,6887692,4300488,175105,13860793
2022-09-03,"Johnson&Johnson, Moderna, Novavax, Pfizer/BioNTech, Pfizer/BioNTech Kids",6973116,6887708,4300567,175213,13860824
2022-09-04,"Moderna, Pfizer/BioNTech, Pfizer/BioNTech Kids",6973121,6887709,4300599,175247,13860830
2022-09-05,"Johnson&Johnson, Moderna, Novavax, Pfizer/BioNTech, Pfizer/BioNTech Kids",6973188,6887804,4301327,179078,13860992
2022-09-06,"Johnson&Johnson, Moderna, Novavax, Pfizer/BioNTech, Pfizer/BioNTech Kids",6973263,6887896,4302051,183828,13861159
2022-09-07,"Johnson&Johnson, Moderna, Novavax, Oxford/AstraZeneca, Pfizer/BioNTech, Pfizer/BioNTech Kids",6973345,6887986,4302947,189598,13861331
2022-09-08,"Johnson&Johnson, Moderna, Novavax, Pfizer/BioNTech, Pfizer/BioNTech Kids, Pfizer/BioNTech original + BA.1",6973433,6888080,4303943,195551,13861513
2022-09-09,"Johnson&Johnson, Moderna, Novavax, Pfizer/BioNTech, Pfizer/BioNTech Kids, Pfizer/BioNTech original + BA.1",6973578,6888225,4305112,201262,13861803
2022-09-10,"Moderna, Novavax, Pfizer/BioNTech, Pfizer/BioNTech Kids, Pfizer/BioNTech original + BA.1",6973589,6888239,4305198,201406,13861828
2022-09-11,"Moderna, Pfizer/BioNTech, Pfizer/BioNTech Kids, Pfizer/BioNTech original + BA.1",6973597,6888242,4305221,201444,13861839
2022-09-12,"Johnson&Johnson, Moderna, Moderna bivalent BA.1, Novavax, Pfizer/BioNTech, Pfizer/BioNTech Kids, Pfizer/BioNTech original + BA.1",6973689,6888337,4305824,204813,13862026
2022-09-13,"Johnson&Johnson, Moderna, Novavax, Pfizer/BioNTech, Pfizer/BioNTech Kids, Pfizer/BioNTech original + BA.1",6973775,6888429,4306548,210048,13862204
2022-09-14,"Johnson&Johnson, Moderna, Novavax, Pfizer/BioNTech, Pfizer/BioNTech Kids, Pfizer/BioNTech original + BA.1",6973866,6888531,4307340,216125,13862397
2022-09-15,"Johnson&Johnson, Moderna, Novavax, Oxford/AstraZeneca, Pfizer/BioNTech, Pfizer/BioNTech Kids, Pfizer/BioNTech original + BA.1, Pfizer/BioNTech original + BA.4/5",6973967,6888624,4308341,223497,13862591
2022-09-16,"Johnson&Johnson, Moderna, Moderna bivalent BA.1, Novavax, Pfizer/BioNTech, Pfizer/BioNTech Kids, Pfizer/BioNTech original + BA.1",6974110,6888798,4309713,232736,13862908
2022-09-17,"Johnson&Johnson, Moderna, Pfizer/BioNTech, Pfizer/BioNTech Kids, Pfizer/BioNTech original + BA.1",6974118,6888818,4309905,233570,13862936
2022-09-18,"Johnson&Johnson, Moderna, Novavax, Pfizer/BioNTech, Pfizer/BioNTech Kids, Pfizer/BioNTech original + BA.1",6974123,6888827,4309982,233801,13862950
2022-09-19,"Johnson&Johnson, Moderna, Moderna bivalent BA.1, Novavax, Pfizer/BioNTech, Pfizer/BioNTech Kids, Pfizer/BioNTech original + BA.1, Pfizer/BioNTech original + BA.4/5",6974184,6888888,4310620,239350,13863072
2022-09-20,"Johnson&Johnson, Moderna, Novavax, Pfizer/BioNTech, Pfizer/BioNTech Kids, Pfizer/BioNTech original + BA.1, Pfizer/BioNTech original + BA.4/5",6974272,6888961,4311527,247431,13863233
2022-09-21,"Moderna, Moderna bivalent BA.1, Novavax, Oxford/AstraZeneca, Pfizer/BioNTech, Pfizer/BioNTech Kids, Pfizer/BioNTech original + BA.1, Pfizer/BioNTech original + BA.4/5",6974356,6889056,4312572,256908,13863412
2022-09-22,"Johnson&Johnson, Moderna, Moderna bivalent BA.1, Novavax, Pfizer/BioNTech, Pfizer/BioNTech Kids, Pfizer/BioNTech original + BA.1, Pfizer/BioNTech original + BA.4/5",6974421,6889144,4313470,266298,13863565
2022-09-23,"Johnson&Johnson, Moderna, Moderna bivalent BA.1, Novavax, Pfizer/BioNTech, Pfizer/BioNTech Kids, Pfizer/BioNTech original + BA.1, Pfizer/BioNTech original + BA.4/5",6974540,6889294,4314678,276990,13863834
2022-09-24,"Moderna, Moderna bivalent BA.1, Novavax, Pfizer/BioNTech, Pfizer/BioNTech Kids, Pfizer/BioNTech original + BA.1, Pfizer/BioNTech original + BA.4/5",6974545,6889310,4314769,277362,13863855
2022-09-25,"Moderna, Pfizer/BioNTech, Pfizer/BioNTech original + BA.1, Pfizer/BioNTech original + BA.4/5",6974547,6889311,4314794,277507,13863858
2022-09-26,"Johnson&Johnson, Moderna, Moderna bivalent BA.1, Novavax, Pfizer/BioNTech, Pfizer/BioNTech Kids, Pfizer/BioNTech original + BA.1, Pfizer/BioNTech original + BA.4/5",6974580,6889378,4315486,284005,13863958
2022-09-27,"Johnson&Johnson, Moderna, Moderna bivalent BA.1, Novavax, Oxford/AstraZeneca, Pfizer/BioNTech, Pfizer/BioNTech Kids, Pfizer/BioNTech original + BA.1, Pfizer/BioNTech original + BA.4/5",6974656,6889481,4316342,292685,13864137
2022-09-28,"Moderna, Pfizer/BioNTech, Pfizer/BioNTech original + BA.1, Pfizer/BioNTech original + BA.4/5",6974656,6889482,4316353,292743,13864138
2022-09-29,"Johnson&Johnson, Moderna, Moderna bivalent BA.1, Novavax, Pfizer/BioNTech, Pfizer/BioNTech Kids, Pfizer/BioNTech original + BA.1, Pfizer/BioNTech original + BA.4/5",6974714,6889572,4317290,301935,13864286
2022-09-30,"Johnson&Johnson, Moderna, Moderna bivalent BA.1, Novavax, Pfizer/BioNTech, Pfizer/BioNTech Kids, Pfizer/BioNTech original + BA.1, Pfizer/BioNTech original + BA.4/5",6974841,6889727,4318663,313365,13864568
2022-10-01,"Moderna, Moderna bivalent BA.1, Pfizer/BioNTech, Pfizer/BioNTech Kids, Pfizer/BioNTech original + BA.1, Pfizer/BioNTech original + BA.4/5",6974848,6889738,4318754,313908,13864586
2022-10-02,"Moderna bivalent BA.1, Novavax, Pfizer/BioNTech, Pfizer/BioNTech original + BA.4/5",6974851,6889739,4318829,314407,13864590
2022-10-03,"Johnson&Johnson, Moderna, Moderna bivalent BA.1, Novavax, Pfizer/BioNTech, Pfizer/BioNTech Kids, Pfizer/BioNTech original + BA.1, Pfizer/BioNTech original + BA.4/5",6974915,6889816,4319562,322034,13864731
2022-10-04,"Johnson&Johnson, Moderna, Moderna bivalent BA.1, Novavax, Pfizer/BioNTech, Pfizer/BioNTech Kids, Pfizer/BioNTech original + BA.1, Pfizer/BioNTech original + BA.4/5",6974984,6889905,4320320,330528,13864889
2022-10-05,"Johnson&Johnson, Moderna, Moderna bivalent BA.1, Novavax, Pfizer/BioNTech, Pfizer/BioNTech Kids, Pfizer/BioNTech original + BA.1, Pfizer/BioNTech original + BA.4/5",6975040,6889968,4321281,340704,13865008
