date,vaccine,people_vaccinated,people_fully_vaccinated,people_boosted_1,people_boosted_2,total_vaccinations
2020-12-27,Pfizer/BioNTech,1287,0,0,0,1287
2020-12-28,Pfizer/BioNTech,3588,0,0,0,3588
2020-12-29,Pfizer/BioNTech,7054,1,0,0,7055
2020-12-30,Pfizer/BioNTech,10568,1,0,0,10569
2020-12-31,Pfizer/BioNTech,11880,1,0,0,11881
2021-01-01,"Moderna, Pfizer/BioNTech",12148,1,0,0,12149
2021-01-02,"Moderna, Pfizer/BioNTech",13434,2,0,0,13436
2021-01-03,"Moderna, Pfizer/BioNTech",14360,2,0,0,14362
2021-01-04,"Moderna, Pfizer/BioNTech",17963,3,0,0,17966
2021-01-05,"Moderna, Pfizer/BioNTech",22473,4,0,0,22477
2021-01-06,"Moderna, Pfizer/BioNTech",28315,5,0,0,28320
2021-01-07,"Moderna, Pfizer/BioNTech",36309,5,0,0,36314
2021-01-08,"Moderna, Pfizer/BioNTech",46348,6,0,0,46354
2021-01-09,"Moderna, Pfizer/BioNTech",48372,8,0,0,48380
2021-01-10,"Indie/AstraZeneca, Pfizer/BioNTech",50147,10,0,0,50157
2021-01-11,"Moderna, Pfizer/BioNTech",60005,12,0,0,60017
2021-01-12,"Moderna, Pfizer/BioNTech",73456,14,0,0,73470
2021-01-13,"Indie/Bahrat Biotech, Moderna, Pfizer/BioNTech, Čína",86986,15,0,0,87001
2021-01-14,"Moderna, Pfizer/BioNTech",102219,19,0,0,102238
2021-01-15,"Moderna, Pfizer/BioNTech, Čína",116228,20,0,0,116248
2021-01-16,"Moderna, Pfizer/BioNTech",119625,24,0,0,119649
2021-01-17,"Moderna, Pfizer/BioNTech",122240,659,0,0,122899
2021-01-18,"Moderna, Pfizer/BioNTech",134704,2483,0,0,137187
2021-01-19,"Moderna, Pfizer/BioNTech",147295,5210,0,0,152505
2021-01-20,"Moderna, Pfizer/BioNTech",160977,7871,0,0,168848
2021-01-21,"Moderna, Pfizer/BioNTech",176622,9613,0,0,186235
2021-01-22,"Moderna, Pfizer/BioNTech",191485,10655,0,0,202140
2021-01-23,"Moderna, Pfizer/BioNTech",194797,11534,0,0,206331
2021-01-24,"Moderna, Pfizer/BioNTech",197049,12405,0,0,209454
2021-01-25,"Moderna, Pfizer/BioNTech",206695,15366,0,0,222061
2021-01-26,"Moderna, Pfizer/BioNTech",217218,19348,0,0,236566
2021-01-27,"Indie/Bahrat Biotech, Moderna, Pfizer/BioNTech, Čína",226240,23876,0,0,250116
2021-01-28,"Moderna, Pfizer/BioNTech",233343,30002,0,0,263345
2021-01-29,"Indie/AstraZeneca, Moderna, Pfizer/BioNTech, Čína",239553,37903,0,0,277456
2021-01-30,"Moderna, Pfizer/BioNTech",240292,38990,0,0,279282
2021-01-31,"Moderna, Pfizer/BioNTech",241010,40172,0,0,281182
2021-02-01,"Moderna, Pfizer/BioNTech",244988,48139,0,0,293127
2021-02-02,"Moderna, Pfizer/BioNTech",249140,58373,0,0,307513
2021-02-03,"Moderna, Pfizer/BioNTech",253559,69382,0,0,322941
2021-02-04,"Moderna, Pfizer/BioNTech",258452,82362,0,0,340814
2021-02-05,"Moderna, Pfizer/BioNTech",263921,93025,0,0,356946
2021-02-06,"Moderna, Oxford/AstraZeneca, Pfizer/BioNTech, Čína",264779,95388,0,0,360167
2021-02-07,"Moderna, Oxford/AstraZeneca, Pfizer/BioNTech",265630,97882,0,0,363512
2021-02-08,"Moderna, Oxford/AstraZeneca, Pfizer/BioNTech",269716,109288,0,0,379004
2021-02-09,"Moderna, Oxford/AstraZeneca, Pfizer/BioNTech",274821,121185,0,0,396006
2021-02-10,"Moderna, Oxford/AstraZeneca, Pfizer/BioNTech",280339,134427,0,0,414766
2021-02-11,"Indie/AstraZeneca, Moderna, Oxford/AstraZeneca, Pfizer/BioNTech",286675,150622,0,0,437297
2021-02-12,"Moderna, Oxford/AstraZeneca, Pfizer/BioNTech",293501,165345,0,0,458846
2021-02-13,"Moderna, Oxford/AstraZeneca, Pfizer/BioNTech",295119,168325,0,0,463444
2021-02-14,"Moderna, Oxford/AstraZeneca, Pfizer/BioNTech",296120,169709,0,0,465829
2021-02-15,"Moderna, Oxford/AstraZeneca, Pfizer/BioNTech",302509,179067,0,0,481576
2021-02-16,"Moderna, Oxford/AstraZeneca, Pfizer/BioNTech",311220,188129,0,0,499349
2021-02-17,"Moderna, Oxford/AstraZeneca, Pfizer/BioNTech",320913,196434,0,0,517347
2021-02-18,"Moderna, Oxford/AstraZeneca, Pfizer/BioNTech",333234,204516,0,0,537750
2021-02-19,"Moderna, Oxford/AstraZeneca, Pfizer/BioNTech",345092,211885,0,0,556977
2021-02-20,"Moderna, Oxford/AstraZeneca, Pfizer/BioNTech, Čína",347100,213067,0,0,560167
2021-02-21,"Moderna, Oxford/AstraZeneca, Pfizer/BioNTech",348238,214091,0,0,562329
2021-02-22,"Moderna, Oxford/AstraZeneca, Pfizer/BioNTech",358352,220125,0,0,578477
2021-02-23,"Moderna, Oxford/AstraZeneca, Pfizer/BioNTech",371311,227105,0,0,598416
2021-02-24,"Moderna, Oxford/AstraZeneca, Pfizer/BioNTech",385181,233139,0,0,618320
2021-02-25,"Moderna, Oxford/AstraZeneca, Pfizer/BioNTech",403146,238685,0,0,641831
2021-02-26,"Moderna, Oxford/AstraZeneca, Pfizer/BioNTech",419307,244039,0,0,663346
2021-02-27,"Moderna, Oxford/AstraZeneca, Pfizer/BioNTech",422314,244598,0,0,666912
2021-02-28,"Moderna, Oxford/AstraZeneca, Pfizer/BioNTech",424668,245149,0,0,669817
2021-03-01,"Moderna, Oxford/AstraZeneca, Pfizer/BioNTech",444251,248590,0,0,692841
2021-03-02,"Indie/AstraZeneca, Moderna, Oxford/AstraZeneca, Pfizer/BioNTech",471457,252141,0,0,723598
2021-03-03,"Moderna, Oxford/AstraZeneca, Pfizer/BioNTech",502379,256649,0,0,759028
2021-03-04,"Moderna, Oxford/AstraZeneca, Pfizer/BioNTech",535624,261329,0,0,796953
2021-03-05,"Johnson&Johnson, Moderna, Oxford/AstraZeneca, Pfizer/BioNTech",564454,266752,0,0,831206
2021-03-06,"Johnson&Johnson, Moderna, Oxford/AstraZeneca, Pfizer/BioNTech",576611,267618,0,0,844229
2021-03-07,"Johnson&Johnson, Moderna, Oxford/AstraZeneca, Pfizer/BioNTech, Čína",588144,268458,0,0,856602
2021-03-08,"Johnson&Johnson, Moderna, Oxford/AstraZeneca, Pfizer/BioNTech",617856,273316,0,0,891172
2021-03-09,"Johnson&Johnson, Moderna, Oxford/AstraZeneca, Pfizer/BioNTech",654194,279694,0,0,933888
2021-03-10,"Johnson&Johnson, Moderna, Oxford/AstraZeneca, Pfizer/BioNTech",695472,286651,0,0,982123
2021-03-11,"Indie/AstraZeneca, Johnson&Johnson, Moderna, Oxford/AstraZeneca, Pfizer/BioNTech",740279,295022,0,0,1035301
2021-03-12,"Johnson&Johnson, Moderna, Oxford/AstraZeneca, Pfizer/BioNTech, Čína",778975,303511,0,0,1082486
2021-03-13,"Johnson&Johnson, Moderna, Oxford/AstraZeneca, Pfizer/BioNTech",796064,304827,0,0,1100891
2021-03-14,"Johnson&Johnson, Moderna, Oxford/AstraZeneca, Pfizer/BioNTech",808171,305983,0,0,1114154
2021-03-15,"Johnson&Johnson, Moderna, Oxford/AstraZeneca, Pfizer/BioNTech",836533,314750,0,0,1151283
2021-03-16,"Johnson&Johnson, Moderna, Oxford/AstraZeneca, Pfizer/BioNTech",875375,325283,0,0,1200658
2021-03-17,"Moderna, Oxford/AstraZeneca, Pfizer/BioNTech",912812,335790,0,0,1248602
2021-03-18,"Johnson&Johnson, Moderna, Oxford/AstraZeneca, Pfizer/BioNTech",950777,348205,0,0,1298982
2021-03-19,"Johnson&Johnson, Moderna, Oxford/AstraZeneca, Pfizer/BioNTech",985255,361805,0,0,1347060
2021-03-20,"Indie/AstraZeneca, Johnson&Johnson, Moderna, Oxford/AstraZeneca, Pfizer/BioNTech",1000424,363832,0,0,1364256
2021-03-21,"Johnson&Johnson, Moderna, Oxford/AstraZeneca, Pfizer/BioNTech, Čína",1007871,365389,0,0,1373260
2021-03-22,"Indie/AstraZeneca, Johnson&Johnson, Moderna, Oxford/AstraZeneca, Pfizer/BioNTech",1032428,377872,0,0,1410300
2021-03-23,"Johnson&Johnson, Moderna, Oxford/AstraZeneca, Pfizer/BioNTech",1059069,391232,0,0,1450301
2021-03-24,"Indie/AstraZeneca, Johnson&Johnson, Moderna, Oxford/AstraZeneca, Pfizer/BioNTech, Čína",1085938,406961,0,0,1492899
2021-03-25,"Indie/AstraZeneca, Johnson&Johnson, Moderna, Oxford/AstraZeneca, Pfizer/BioNTech",1112255,424795,0,0,1537050
2021-03-26,"Indie/AstraZeneca, Johnson&Johnson, Moderna, Oxford/AstraZeneca, Pfizer/BioNTech",1137053,442290,0,0,1579343
2021-03-27,"Johnson&Johnson, Moderna, Oxford/AstraZeneca, Pfizer/BioNTech, Čína",1145512,447133,0,0,1592645
2021-03-28,"Moderna, Oxford/AstraZeneca, Pfizer/BioNTech, Čína",1151059,451278,0,0,1602337
2021-03-29,"Johnson&Johnson, Moderna, Oxford/AstraZeneca, Pfizer/BioNTech",1170191,471999,0,0,1642190
2021-03-30,"Johnson&Johnson, Moderna, Oxford/AstraZeneca, Pfizer/BioNTech",1194883,494167,0,0,1689050
2021-03-31,"Indie/AstraZeneca, Johnson&Johnson, Moderna, Oxford/AstraZeneca, Pfizer/BioNTech, Čína",1218018,521199,0,0,1739217
2021-04-01,"Indie/AstraZeneca, Johnson&Johnson, Moderna, Oxford/AstraZeneca, Pfizer/BioNTech",1243690,553223,0,0,1796913
2021-04-02,"Indie/AstraZeneca, Johnson&Johnson, Moderna, Oxford/AstraZeneca, Pfizer/BioNTech",1250674,566012,0,0,1816686
2021-04-03,"Johnson&Johnson, Moderna, Oxford/AstraZeneca, Pfizer/BioNTech",1254328,576940,0,0,1831268
2021-04-04,"Johnson&Johnson, Moderna, Oxford/AstraZeneca, Pfizer/BioNTech",1256874,585855,0,0,1842729
2021-04-05,"Indie/AstraZeneca, Johnson&Johnson, Moderna, Oxford/AstraZeneca, Pfizer/BioNTech",1259312,593051,0,0,1852363
2021-04-06,"Indie/AstraZeneca, Johnson&Johnson, Moderna, Oxford/AstraZeneca, Pfizer/BioNTech, Čína",1275506,622305,0,0,1897811
2021-04-07,"Johnson&Johnson, Moderna, Oxford/AstraZeneca, Pfizer/BioNTech, Čína",1298976,644522,0,0,1943498
2021-04-08,"Indie/AstraZeneca, Johnson&Johnson, Moderna, Oxford/AstraZeneca, Pfizer/BioNTech",1337740,675545,0,0,2013285
2021-04-09,"Indie/AstraZeneca, Johnson&Johnson, Moderna, Oxford/AstraZeneca, Pfizer/BioNTech, Čína",1377282,705720,0,0,2083002
2021-04-10,"Johnson&Johnson, Moderna, Oxford/AstraZeneca, Pfizer/BioNTech",1392849,721016,0,0,2113865
2021-04-11,"Indie/AstraZeneca, Johnson&Johnson, Moderna, Oxford/AstraZeneca, Pfizer/BioNTech",1402638,731064,0,0,2133702
2021-04-12,"Johnson&Johnson, Moderna, Oxford/AstraZeneca, Pfizer/BioNTech, Čína",1440906,756179,0,0,2197085
2021-04-13,"Indie/AstraZeneca, Moderna, Oxford/AstraZeneca, Pfizer/BioNTech",1477174,782193,0,0,2259367
2021-04-14,"Moderna, Oxford/AstraZeneca, Pfizer/BioNTech",1516016,809545,0,0,2325561
2021-04-15,"Moderna, Oxford/AstraZeneca, Pfizer/BioNTech",1563797,835300,0,0,2399097
2021-04-16,"Moderna, Oxford/AstraZeneca, Pfizer/BioNTech",1608475,860949,0,0,2469424
2021-04-17,"Indie/AstraZeneca, Moderna, Oxford/AstraZeneca, Pfizer/BioNTech",1625192,869968,0,0,2495160
2021-04-18,"Moderna, Oxford/AstraZeneca, Pfizer/BioNTech, Čína",1638193,874951,0,0,2513144
2021-04-19,"Johnson&Johnson, Moderna, Oxford/AstraZeneca, Pfizer/BioNTech",1682129,890363,0,0,2572492
2021-04-20,"Johnson&Johnson, Moderna, Oxford/AstraZeneca, Pfizer/BioNTech, Čína",1724674,906238,0,0,2630912
2021-04-21,"Moderna, Oxford/AstraZeneca, Pfizer/BioNTech",1772385,920593,0,0,2692978
2021-04-22,"Johnson&Johnson, Moderna, Oxford/AstraZeneca, Pfizer/BioNTech",1826855,937977,0,0,2764832
2021-04-23,"Johnson&Johnson, Moderna, Oxford/AstraZeneca, Pfizer/BioNTech, Čína",1876818,950032,0,0,2826850
2021-04-24,"Johnson&Johnson, Moderna, Oxford/AstraZeneca, Pfizer/BioNTech, Čína",1894680,955296,0,0,2849976
2021-04-25,"Johnson&Johnson, Moderna, Oxford/AstraZeneca, Pfizer/BioNTech",1909378,959296,0,0,2868674
2021-04-26,"Johnson&Johnson, Moderna, Oxford/AstraZeneca, Pfizer/BioNTech, Čína",1958927,966858,0,0,2925785
2021-04-27,"Johnson&Johnson, Moderna, Oxford/AstraZeneca, Pfizer/BioNTech, Čína",2007866,979095,0,0,2986961
2021-04-28,"Indie/AstraZeneca, Johnson&Johnson, Moderna, Oxford/AstraZeneca, Pfizer/BioNTech, Čína",2066598,993110,0,0,3059708
2021-04-29,"Indie/AstraZeneca, Johnson&Johnson, Moderna, Oxford/AstraZeneca, Pfizer/BioNTech",2132178,1009012,0,0,3141190
2021-04-30,"Indie/AstraZeneca, Johnson&Johnson, Moderna, Oxford/AstraZeneca, Pfizer/BioNTech, Čína",2194444,1019002,0,0,3213446
2021-05-01,"Indie/AstraZeneca, Johnson&Johnson, Moderna, Oxford/AstraZeneca, Pfizer/BioNTech",2213837,1022469,0,0,3236306
2021-05-02,"Johnson&Johnson, Moderna, Oxford/AstraZeneca, Pfizer/BioNTech",2232778,1024760,0,0,3257538
2021-05-03,"Johnson&Johnson, Moderna, Oxford/AstraZeneca, Pfizer/BioNTech",2299981,1029841,0,0,3329822
2021-05-04,"Johnson&Johnson, Moderna, Oxford/AstraZeneca, Pfizer/BioNTech",2366495,1038207,0,0,3404702
2021-05-05,"Johnson&Johnson, Moderna, Oxford/AstraZeneca, Pfizer/BioNTech",2439663,1047641,0,0,3487304
2021-05-06,"Johnson&Johnson, Moderna, Oxford/AstraZeneca, Pfizer/BioNTech, Čína",2520057,1058381,0,0,3578438
2021-05-07,"Indie/AstraZeneca, Johnson&Johnson, Moderna, Oxford/AstraZeneca, Pfizer/BioNTech",2597348,1068518,0,0,3665866
2021-05-08,"Johnson&Johnson, Moderna, Oxford/AstraZeneca, Pfizer/BioNTech",2626888,1070316,0,0,3697204
2021-05-09,"Johnson&Johnson, Moderna, Oxford/AstraZeneca, Pfizer/BioNTech",2651119,1071540,0,0,3722659
2021-05-10,"Johnson&Johnson, Moderna, Oxford/AstraZeneca, Pfizer/BioNTech",2723884,1078786,0,0,3802670
2021-05-11,"Johnson&Johnson, Moderna, Oxford/AstraZeneca, Pfizer/BioNTech",2799993,1087616,0,0,3887609
2021-05-12,"Johnson&Johnson, Moderna, Oxford/AstraZeneca, Pfizer/BioNTech, Čína",2879893,1096757,0,0,3976650
2021-05-13,"Indie/AstraZeneca, Johnson&Johnson, Moderna, Oxford/AstraZeneca, Pfizer/BioNTech, Čína",2963913,1105941,0,0,4069854
2021-05-14,"Indie/AstraZeneca, Johnson&Johnson, Moderna, Oxford/AstraZeneca, Pfizer/BioNTech, Čína",3043463,1113766,0,0,4157229
2021-05-15,"Indie/AstraZeneca, Johnson&Johnson, Moderna, Oxford/AstraZeneca, Pfizer/BioNTech",3075433,1116053,0,0,4191486
2021-05-16,"Johnson&Johnson, Moderna, Oxford/AstraZeneca, Pfizer/BioNTech",3101244,1117343,0,0,4218587
2021-05-17,"Indie/AstraZeneca, Johnson&Johnson, Moderna, Oxford/AstraZeneca, Pfizer/BioNTech, Čína",3173766,1124097,0,0,4297863
2021-05-18,"Indie/AstraZeneca, Johnson&Johnson, Moderna, Oxford/AstraZeneca, Pfizer/BioNTech, Čína",3245741,1137212,0,0,4382953
2021-05-19,"Indie/AstraZeneca, Johnson&Johnson, Moderna, Oxford/AstraZeneca, Pfizer/BioNTech, Čína",3323216,1152373,0,0,4475589
2021-05-20,"Indie/AstraZeneca, Johnson&Johnson, Moderna, Oxford/AstraZeneca, Pfizer/BioNTech",3398696,1179414,0,0,4578110
2021-05-21,"Johnson&Johnson, Moderna, Oxford/AstraZeneca, Pfizer/BioNTech",3467546,1207203,0,0,4674749
2021-05-22,"Johnson&Johnson, Moderna, Oxford/AstraZeneca, Pfizer/BioNTech, Čína",3500020,1218448,0,0,4718468
2021-05-23,"Johnson&Johnson, Moderna, Oxford/AstraZeneca, Pfizer/BioNTech, Čína",3522469,1227479,0,0,4749948
2021-05-24,"Johnson&Johnson, Moderna, Oxford/AstraZeneca, Pfizer/BioNTech, Čína",3569691,1261109,0,0,4830800
2021-05-25,"Indie/AstraZeneca, Johnson&Johnson, Moderna, Oxford/AstraZeneca, Pfizer/BioNTech",3621601,1296919,0,0,4918520
2021-05-26,"Johnson&Johnson, Moderna, Oxford/AstraZeneca, Pfizer/BioNTech, Čína",3689355,1334444,1,0,5023799
2021-05-27,"Indie/AstraZeneca, Johnson&Johnson, Moderna, Oxford/AstraZeneca, Pfizer/BioNTech",3750792,1381771,1,0,5132563
2021-05-28,"Indie/AstraZeneca, Johnson&Johnson, Moderna, Oxford/AstraZeneca, Pfizer/BioNTech",3812540,1428340,1,0,5240880
2021-05-29,"Indie/AstraZeneca, Johnson&Johnson, Moderna, Oxford/AstraZeneca, Pfizer/BioNTech, Čína",3841821,1445485,1,0,5287306
2021-05-30,"Johnson&Johnson, Moderna, Oxford/AstraZeneca, Pfizer/BioNTech, Čína",3864241,1459951,1,0,5324192
2021-05-31,"Indie/AstraZeneca, Johnson&Johnson, Moderna, Oxford/AstraZeneca, Pfizer/BioNTech",3919984,1507441,1,0,5427425
2021-06-01,"Indie/AstraZeneca, Johnson&Johnson, Moderna, Oxford/AstraZeneca, Pfizer/BioNTech, Čína",3979106,1556284,1,0,5535390
2021-06-02,"Indie/AstraZeneca, Johnson&Johnson, Moderna, Oxford/AstraZeneca, Pfizer/BioNTech, Čína",4042081,1610258,1,0,5652339
2021-06-03,"Indie/AstraZeneca, Johnson&Johnson, Moderna, Oxford/AstraZeneca, Pfizer/BioNTech, Čína",4100340,1670415,1,0,5770755
2021-06-04,"Indie/AstraZeneca, Johnson&Johnson, Moderna, Oxford/AstraZeneca, Pfizer/BioNTech",4163480,1727774,1,0,5891254
2021-06-05,"Indie/AstraZeneca, Johnson&Johnson, Moderna, Oxford/AstraZeneca, Pfizer/BioNTech, Čína",4197687,1746691,1,0,5944378
2021-06-06,"Johnson&Johnson, Moderna, Oxford/AstraZeneca, Pfizer/BioNTech, Čína",4224661,1761858,1,0,5986519
2021-06-07,"Johnson&Johnson, Moderna, Oxford/AstraZeneca, Pfizer/BioNTech, Čína",4288350,1817457,1,0,6105807
2021-06-08,"Indie/AstraZeneca, Johnson&Johnson, Moderna, Oxford/AstraZeneca, Pfizer/BioNTech, Čína",4352369,1872428,1,0,6224797
2021-06-09,"Indie/AstraZeneca, Johnson&Johnson, Moderna, Oxford/AstraZeneca, Pfizer/BioNTech, Čína",4411591,1937063,1,0,6348654
2021-06-10,"Indie/AstraZeneca, Johnson&Johnson, Moderna, Oxford/AstraZeneca, Pfizer/BioNTech, Čína",4465461,2008329,1,0,6473790
2021-06-11,"Indie/Bahrat Biotech, Johnson&Johnson, Moderna, Oxford/AstraZeneca, Pfizer/BioNTech, Čína",4517600,2078154,1,0,6595754
2021-06-12,"Indie/AstraZeneca, Johnson&Johnson, Moderna, Oxford/AstraZeneca, Pfizer/BioNTech, Čína",4549649,2099006,1,1,6648655
2021-06-13,"Johnson&Johnson, Moderna, Oxford/AstraZeneca, Pfizer/BioNTech, Čína",4573690,2117446,1,1,6691136
2021-06-14,"Johnson&Johnson, Moderna, Oxford/AstraZeneca, Pfizer/BioNTech, Čína",4616801,2191786,1,1,6808587
2021-06-15,"Indie/AstraZeneca, Johnson&Johnson, Moderna, Oxford/AstraZeneca, Pfizer/BioNTech, Čína",4661494,2264155,1,1,6925649
2021-06-16,"Indie/AstraZeneca, Johnson&Johnson, Moderna, Oxford/AstraZeneca, Pfizer/BioNTech, Čína",4704336,2342345,1,1,7046681
2021-06-17,"Indie/AstraZeneca, Johnson&Johnson, Moderna, Oxford/AstraZeneca, Pfizer/BioNTech, Čína",4743789,2425416,1,1,7169205
2021-06-18,"Johnson&Johnson, Moderna, Oxford/AstraZeneca, Pfizer/BioNTech, Čína",4786252,2505978,1,1,7292230
2021-06-19,"Indie/AstraZeneca, Johnson&Johnson, Moderna, Oxford/AstraZeneca, Pfizer/BioNTech, Čína",4808062,2535339,1,1,7343401
2021-06-20,"Johnson&Johnson, Moderna, Oxford/AstraZeneca, Pfizer/BioNTech, Čína",4825478,2559213,1,1,7384691
2021-06-21,"Johnson&Johnson, Moderna, Oxford/AstraZeneca, Pfizer/BioNTech, Čína",4858013,2637807,1,1,7495820
2021-06-22,"Indie/AstraZeneca, Johnson&Johnson, Moderna, Oxford/AstraZeneca, Pfizer/BioNTech, Čína",4890999,2720112,1,1,7611111
2021-06-23,"Indie/AstraZeneca, Johnson&Johnson, Moderna, Oxford/AstraZeneca, Pfizer/BioNTech, Čína",4922747,2805330,1,1,7728077
2021-06-24,"Indie/AstraZeneca, Johnson&Johnson, Moderna, Oxford/AstraZeneca, Pfizer/BioNTech, Čína",4952637,2895370,1,1,7848007
2021-06-25,"Johnson&Johnson, Moderna, Oxford/AstraZeneca, Pfizer/BioNTech, Čína",4983746,2981621,1,1,7965367
2021-06-26,"Johnson&Johnson, Moderna, Oxford/AstraZeneca, Pfizer/BioNTech, Čína",4999664,3016520,1,1,8016184
2021-06-27,"Johnson&Johnson, Moderna, Oxford/AstraZeneca, Pfizer/BioNTech, Čína",5013636,3043240,1,1,8056876
2021-06-28,"Indie/AstraZeneca, Johnson&Johnson, Moderna, Oxford/AstraZeneca, Pfizer/BioNTech, Čína",5042081,3128460,1,1,8170541
2021-06-29,"Johnson&Johnson, Moderna, Oxford/AstraZeneca, Pfizer/BioNTech, Čína",5071388,3215003,1,1,8286391
2021-06-30,"Johnson&Johnson, Moderna, Oxford/AstraZeneca, Pfizer/BioNTech",5098915,3306039,2,1,8404954
2021-07-01,"Johnson&Johnson, Moderna, Oxford/AstraZeneca, Pfizer/BioNTech, Čína",5122952,3396132,2,1,8519084
2021-07-02,"Indie/AstraZeneca, Johnson&Johnson, Moderna, Oxford/AstraZeneca, Pfizer/BioNTech, Čína",5149734,3482080,2,1,8631814
2021-07-03,"Indie/AstraZeneca, Johnson&Johnson, Moderna, Oxford/AstraZeneca, Pfizer/BioNTech, Čína",5156866,3513660,2,1,8670526
2021-07-04,"Johnson&Johnson, Moderna, Oxford/AstraZeneca, Pfizer/BioNTech",5164469,3535490,2,1,8699959
2021-07-05,"Indie/AstraZeneca, Johnson&Johnson, Moderna, Oxford/AstraZeneca, Pfizer/BioNTech, Čína",5171918,3560942,2,1,8732860
2021-07-06,"Indie/AstraZeneca, Johnson&Johnson, Moderna, Oxford/AstraZeneca, Pfizer/BioNTech, Čína",5177430,3588707,2,1,8766137
2021-07-07,"Indie/AstraZeneca, Johnson&Johnson, Moderna, Oxford/AstraZeneca, Pfizer/BioNTech, Čína",5203285,3667711,2,1,8870996
2021-07-08,"Johnson&Johnson, Moderna, Oxford/AstraZeneca, Pfizer/BioNTech, Čína",5229919,3738055,2,2,8967974
2021-07-09,"Indie/AstraZeneca, Indie/Bahrat Biotech, Johnson&Johnson, Moderna, Oxford/AstraZeneca, Pfizer/BioNTech, Čína",5257891,3807401,2,2,9065292
2021-07-10,"Indie/AstraZeneca, Johnson&Johnson, Moderna, Oxford/AstraZeneca, Pfizer/BioNTech, Čína",5267299,3836094,3,2,9103393
2021-07-11,"Johnson&Johnson, Moderna, Oxford/AstraZeneca, Pfizer/BioNTech, Čína",5275868,3858995,3,2,9134863
2021-07-12,"Indie/AstraZeneca, Johnson&Johnson, Moderna, Oxford/AstraZeneca, Pfizer/BioNTech, Čína",5303444,3928071,3,2,9231515
2021-07-13,"Johnson&Johnson, Moderna, Oxford/AstraZeneca, Pfizer/BioNTech, Čína",5329680,3997967,3,2,9327647
2021-07-14,"Indie/AstraZeneca, Johnson&Johnson, Moderna, Oxford/AstraZeneca, Pfizer/BioNTech",5355543,4069977,3,2,9425520
2021-07-15,"Indie/AstraZeneca, Johnson&Johnson, Moderna, Oxford/AstraZeneca, Pfizer/BioNTech, Čína",5384762,4136011,3,2,9520773
2021-07-16,"Indie/AstraZeneca, Johnson&Johnson, Moderna, Oxford/AstraZeneca, Pfizer/BioNTech, Čína",5412745,4208769,3,2,9621514
2021-07-17,"Johnson&Johnson, Moderna, Oxford/AstraZeneca, Pfizer/BioNTech, Čína",5421571,4240267,3,2,9661838
2021-07-18,"Indie/AstraZeneca, Johnson&Johnson, Moderna, Oxford/AstraZeneca, Pfizer/BioNTech, Čína",5430033,4266292,3,2,9696325
2021-07-19,"Johnson&Johnson, Moderna, Oxford/AstraZeneca, Pfizer/BioNTech, Čína",5453422,4333319,3,3,9786741
2021-07-20,"Johnson&Johnson, Moderna, Oxford/AstraZeneca, Pfizer/BioNTech, Čína",5474877,4400398,5,3,9875275
2021-07-21,"Indie/AstraZeneca, Johnson&Johnson, Moderna, Oxford/AstraZeneca, Pfizer/BioNTech, Čína",5498373,4463891,5,3,9962264
2021-07-22,"Indie/AstraZeneca, Johnson&Johnson, Moderna, Oxford/AstraZeneca, Pfizer/BioNTech, Čína",5520774,4522561,5,3,10043335
2021-07-23,"Johnson&Johnson, Moderna, Oxford/AstraZeneca, Pfizer/BioNTech, Čína",5544052,4577371,5,3,10121423
2021-07-24,"Indie/AstraZeneca, Johnson&Johnson, Moderna, Oxford/AstraZeneca, Pfizer/BioNTech, Čína",5551444,4605069,5,3,10156513
2021-07-25,"Johnson&Johnson, Moderna, Oxford/AstraZeneca, Pfizer/BioNTech, Čína",5558113,4627223,5,3,10185336
2021-07-26,"Indie/AstraZeneca, Johnson&Johnson, Moderna, Oxford/AstraZeneca, Pfizer/BioNTech",5581703,4675925,5,3,10257628
2021-07-27,"Johnson&Johnson, Moderna, Oxford/AstraZeneca, Pfizer/BioNTech, Čína",5604496,4722623,5,3,10327119
2021-07-28,"Johnson&Johnson, Moderna, Oxford/AstraZeneca, Pfizer/BioNTech, Čína",5625823,4768696,5,7,10394519
2021-07-29,"Johnson&Johnson, Moderna, Oxford/AstraZeneca, Pfizer/BioNTech, Čína",5647191,4810721,5,7,10457912
2021-07-30,"Indie/AstraZeneca, Johnson&Johnson, Moderna, Oxford/AstraZeneca, Pfizer/BioNTech, Čína",5670520,4853341,6,7,10523861
2021-07-31,"Indie/AstraZeneca, Johnson&Johnson, Moderna, Oxford/AstraZeneca, Pfizer/BioNTech, Čína",5679505,4872918,6,7,10552423
2021-08-01,"Johnson&Johnson, Moderna, Oxford/AstraZeneca, Pfizer/BioNTech, Čína",5686268,4889106,6,7,10575374
2021-08-02,"Johnson&Johnson, Moderna, Oxford/AstraZeneca, Pfizer/BioNTech",5704952,4926710,6,7,10631662
2021-08-03,"Johnson&Johnson, Moderna, Oxford/AstraZeneca, Pfizer/BioNTech, Čína",5722652,4964883,6,7,10687535
2021-08-04,"Johnson&Johnson, Moderna, Oxford/AstraZeneca, Pfizer/BioNTech, Čína",5738813,5001706,6,7,10740519
2021-08-05,"Indie/AstraZeneca, Johnson&Johnson, Moderna, Oxford/AstraZeneca, Pfizer/BioNTech, Čína",5754895,5042244,6,7,10797139
2021-08-06,"Indie/AstraZeneca, Johnson&Johnson, Moderna, Oxford/AstraZeneca, Pfizer/BioNTech, Čína",5771752,5085616,6,7,10857368
2021-08-07,"Johnson&Johnson, Moderna, Oxford/AstraZeneca, Pfizer/BioNTech, Čína",5777392,5103824,6,7,10881216
2021-08-08,"Johnson&Johnson, Moderna, Oxford/AstraZeneca, Pfizer/BioNTech, Čína",5781783,5119613,7,7,10901396
2021-08-09,"Indie/AstraZeneca, Johnson&Johnson, Moderna, Oxford/AstraZeneca, Pfizer/BioNTech, Čína",5794448,5164733,7,8,10959181
2021-08-10,"Indie/AstraZeneca, Johnson&Johnson, Moderna, Oxford/AstraZeneca, Pfizer/BioNTech, Čína",5806345,5204366,7,8,11010711
2021-08-11,"Indie/AstraZeneca, Johnson&Johnson, Moderna, Oxford/AstraZeneca, Pfizer/BioNTech, Čína",5817746,5247550,7,8,11065296
2021-08-12,"Indie/AstraZeneca, Johnson&Johnson, Moderna, Oxford/AstraZeneca, Pfizer/BioNTech",5829195,5284729,7,8,11113924
2021-08-13,"Johnson&Johnson, Moderna, Oxford/AstraZeneca, Pfizer/BioNTech, Čína",5839954,5325128,7,8,11165082
2021-08-14,"Indie/AstraZeneca, Johnson&Johnson, Moderna, Oxford/AstraZeneca, Pfizer/BioNTech",5843316,5335873,7,8,11179189
2021-08-15,"Johnson&Johnson, Moderna, Oxford/AstraZeneca, Pfizer/BioNTech",5845919,5346280,7,8,11192199
2021-08-16,"Indie/AstraZeneca, Johnson&Johnson, Moderna, Oxford/AstraZeneca, Pfizer/BioNTech, Čína",5855733,5380399,7,8,11236132
2021-08-17,"Indie/AstraZeneca, Johnson&Johnson, Moderna, Oxford/AstraZeneca, Pfizer/BioNTech",5865349,5407558,7,8,11272907
2021-08-18,"Indie/AstraZeneca, Johnson&Johnson, Moderna, Oxford/AstraZeneca, Pfizer/BioNTech, Čína",5874755,5446503,7,8,11321258
2021-08-19,"Johnson&Johnson, Moderna, Oxford/AstraZeneca, Pfizer/BioNTech, Čína",5884455,5484895,7,8,11369350
2021-08-20,"Indie/AstraZeneca, Johnson&Johnson, Moderna, Oxford/AstraZeneca, Pfizer/BioNTech, Čína",5895875,5525145,7,8,11421020
2021-08-21,"Indie/AstraZeneca, Johnson&Johnson, Moderna, Oxford/AstraZeneca, Pfizer/BioNTech",5898616,5537956,7,8,11436572
2021-08-22,"Johnson&Johnson, Moderna, Oxford/AstraZeneca, Pfizer/BioNTech, Čína",5900972,5549952,7,8,11450924
2021-08-23,"Indie/AstraZeneca, Johnson&Johnson, Moderna, Oxford/AstraZeneca, Pfizer/BioNTech, Čína",5911525,5589272,9,8,11500797
2021-08-24,"Johnson&Johnson, Moderna, Oxford/AstraZeneca, Pfizer/BioNTech",5921416,5622542,9,8,11543958
2021-08-25,"Indie/AstraZeneca, Johnson&Johnson, Moderna, Oxford/AstraZeneca, Pfizer/BioNTech, Čína",5930310,5650987,10,8,11581297
2021-08-26,"Indie/AstraZeneca, Johnson&Johnson, Moderna, Oxford/AstraZeneca, Pfizer/BioNTech, Čína",5938781,5677194,12,10,11615975
2021-08-27,"Indie/AstraZeneca, Johnson&Johnson, Moderna, Oxford/AstraZeneca, Pfizer/BioNTech, Čína",5949127,5703240,13,10,11652367
2021-08-28,"Indie/AstraZeneca, Johnson&Johnson, Moderna, Oxford/AstraZeneca, Pfizer/BioNTech, Čína",5951882,5710350,13,10,11662232
2021-08-29,"Johnson&Johnson, Moderna, Oxford/AstraZeneca, Pfizer/BioNTech, Čína",5954304,5716993,13,10,11671297
2021-08-30,"Johnson&Johnson, Moderna, Oxford/AstraZeneca, Pfizer/BioNTech",5962848,5738918,13,10,11701766
2021-08-31,"Indie/AstraZeneca, Johnson&Johnson, Moderna, Oxford/AstraZeneca, Pfizer/BioNTech, Čína",5970548,5757079,13,10,11727627
2021-09-01,"Johnson&Johnson, Moderna, Oxford/AstraZeneca, Pfizer/BioNTech, Čína",5976500,5771127,14,10,11747627
2021-09-02,"Indie/AstraZeneca, Johnson&Johnson, Moderna, Oxford/AstraZeneca, Pfizer/BioNTech, Čína",5983360,5785556,14,10,11768916
2021-09-03,"Johnson&Johnson, Moderna, Oxford/AstraZeneca, Pfizer/BioNTech, Čína",5992933,5801329,14,10,11794262
2021-09-04,"Indie/AstraZeneca, Johnson&Johnson, Moderna, Oxford/AstraZeneca, Pfizer/BioNTech",5995023,5804919,14,10,11799942
2021-09-05,"Johnson&Johnson, Moderna, Oxford/AstraZeneca, Pfizer/BioNTech, Čína",5997080,5807781,14,10,11804861
2021-09-06,"Indie/AstraZeneca, Johnson&Johnson, Moderna, Oxford/AstraZeneca, Pfizer/BioNTech, Čína",6003337,5820362,14,10,11823699
2021-09-07,"Indie/AstraZeneca, Johnson&Johnson, Moderna, Oxford/AstraZeneca, Pfizer/BioNTech, Čína",6007742,5831489,15,10,11839231
2021-09-08,"Johnson&Johnson, Moderna, Oxford/AstraZeneca, Pfizer/BioNTech, Čína",6013438,5841389,18,10,11854827
2021-09-09,"Indie/AstraZeneca, Johnson&Johnson, Moderna, Oxford/AstraZeneca, Pfizer/BioNTech, Čína",6020144,5851487,19,10,11871631
2021-09-10,"Indie/AstraZeneca, Johnson&Johnson, Moderna, Oxford/AstraZeneca, Pfizer/BioNTech, Čína",6027873,5863716,20,10,11891589
2021-09-11,"Indie/AstraZeneca, Johnson&Johnson, Moderna, Oxford/AstraZeneca, Pfizer/BioNTech, Čína",6029762,5866243,20,11,11896005
2021-09-12,"Indie/AstraZeneca, Johnson&Johnson, Moderna, Oxford/AstraZeneca, Pfizer/BioNTech",6030889,5867892,21,11,11898781
2021-09-13,"Johnson&Johnson, Moderna, Oxford/AstraZeneca, Pfizer/BioNTech, Čína",6036351,5878226,21,11,11914577
2021-09-14,"Indie/AstraZeneca, Johnson&Johnson, Moderna, Oxford/AstraZeneca, Pfizer/BioNTech, Čína",6041770,5887264,21,11,11929034
2021-09-15,"Indie/AstraZeneca, Johnson&Johnson, Moderna, Oxford/AstraZeneca, Pfizer/BioNTech",6047005,5895818,27,11,11942823
2021-09-16,"Johnson&Johnson, Moderna, Oxford/AstraZeneca, Pfizer/BioNTech, Čína",6052387,5904113,27,11,11956500
2021-09-17,"Indie/AstraZeneca, Johnson&Johnson, Moderna, Oxford/AstraZeneca, Pfizer/BioNTech, Čína",6058974,5914370,30,11,11973344
2021-09-18,"Indie/AstraZeneca, Johnson&Johnson, Moderna, Oxford/AstraZeneca, Pfizer/BioNTech, Čína",6060716,5916752,32,11,11977468
2021-09-19,"Johnson&Johnson, Moderna, Oxford/AstraZeneca, Pfizer/BioNTech",6061671,5918329,34,11,11980000
2021-09-20,"Indie/AstraZeneca, Johnson&Johnson, Moderna, Oxford/AstraZeneca, Pfizer/BioNTech",6065711,5926556,469,11,11992267
2021-09-21,"Johnson&Johnson, Moderna, Oxford/AstraZeneca, Pfizer/BioNTech",6069968,5934117,922,11,12004085
2021-09-22,"Johnson&Johnson, Moderna, Oxford/AstraZeneca, Pfizer/BioNTech, Čína",6074174,5939668,1378,11,12013842
2021-09-23,"Johnson&Johnson, Moderna, Oxford/AstraZeneca, Pfizer/BioNTech, Čína",6079146,5946104,2390,12,12025250
2021-09-24,"Indie/AstraZeneca, Johnson&Johnson, Moderna, Oxford/AstraZeneca, Pfizer/BioNTech",6084917,5955741,2885,12,12040658
2021-09-25,"Indie/AstraZeneca, Johnson&Johnson, Moderna, Oxford/AstraZeneca, Pfizer/BioNTech",6086426,5957749,2965,12,12044175
2021-09-26,"Johnson&Johnson, Moderna, Oxford/AstraZeneca, Pfizer/BioNTech, Čína",6087179,5959397,3036,12,12046576
2021-09-27,"Indie/AstraZeneca, Johnson&Johnson, Moderna, Oxford/AstraZeneca, Pfizer/BioNTech, Čína",6091083,5965944,3782,12,12057027
2021-09-28,"Johnson&Johnson, Moderna, Oxford/AstraZeneca, Pfizer/BioNTech, Čína",6091478,5966594,3844,12,12058072
2021-09-29,"Indie/AstraZeneca, Johnson&Johnson, Moderna, Oxford/AstraZeneca, Pfizer/BioNTech, Čína",6095265,5974073,4858,12,12069338
2021-09-30,"Johnson&Johnson, Moderna, Oxford/AstraZeneca, Pfizer/BioNTech",6099800,5981805,6017,12,12081605
2021-10-01,"Indie/AstraZeneca, Johnson&Johnson, Moderna, Oxford/AstraZeneca, Pfizer/BioNTech, Čína",6104131,5989817,7885,12,12093948
2021-10-02,"Johnson&Johnson, Moderna, Oxford/AstraZeneca, Pfizer/BioNTech, Čína",6105206,5991378,7992,12,12096584
2021-10-03,"Johnson&Johnson, Moderna, Oxford/AstraZeneca, Pfizer/BioNTech",6105935,5992258,8078,12,12098193
2021-10-04,"Johnson&Johnson, Moderna, Oxford/AstraZeneca, Pfizer/BioNTech, Čína",6109028,5997853,9806,12,12106881
2021-10-05,"Johnson&Johnson, Moderna, Oxford/AstraZeneca, Pfizer/BioNTech, Čína",6112204,6002962,11935,13,12115166
2021-10-06,"Johnson&Johnson, Moderna, Oxford/AstraZeneca, Pfizer/BioNTech, Čína",6115739,6008154,14555,13,12123893
2021-10-07,"Johnson&Johnson, Moderna, Oxford/AstraZeneca, Pfizer/BioNTech",6119033,6013429,16959,13,12132462
2021-10-08,"Johnson&Johnson, Moderna, Oxford/AstraZeneca, Pfizer/BioNTech, Čína",6123850,6020096,20886,13,12143946
2021-10-09,"Indie/AstraZeneca, Johnson&Johnson, Moderna, Oxford/AstraZeneca, Pfizer/BioNTech",6125099,6021775,21351,13,12146874
2021-10-10,"Johnson&Johnson, Moderna, Oxford/AstraZeneca, Pfizer/BioNTech",6126053,6022619,21592,13,12148672
2021-10-11,"Indie/AstraZeneca, Johnson&Johnson, Moderna, Oxford/AstraZeneca, Pfizer/BioNTech, Čína",6128990,6027061,24243,13,12156051
2021-10-12,"Johnson&Johnson, Moderna, Oxford/AstraZeneca, Pfizer/BioNTech, Čína",6131949,6031073,27687,13,12163022
2021-10-13,"Johnson&Johnson, Moderna, Oxford/AstraZeneca, Pfizer/BioNTech, Čína",6135497,6035287,32059,13,12170784
2021-10-14,"Johnson&Johnson, Moderna, Oxford/AstraZeneca, Pfizer/BioNTech",6139178,6040244,36824,13,12179422
2021-10-15,"Johnson&Johnson, Moderna, Oxford/AstraZeneca, Pfizer/BioNTech, Čína",6144432,6046414,41919,13,12190846
2021-10-16,"Johnson&Johnson, Moderna, Oxford/AstraZeneca, Pfizer/BioNTech",6145857,6047955,43002,13,12193812
2021-10-17,"Johnson&Johnson, Moderna, Oxford/AstraZeneca, Pfizer/BioNTech, Čína",6147195,6049019,43565,13,12196214
2021-10-18,"Johnson&Johnson, Moderna, Oxford/AstraZeneca, Pfizer/BioNTech, Čína",6151333,6053145,50734,13,12204478
2021-10-19,"Johnson&Johnson, Moderna, Oxford/AstraZeneca, Pfizer/BioNTech",6154935,6055267,61664,13,12210202
2021-10-20,"Indie/AstraZeneca, Johnson&Johnson, Moderna, Oxford/AstraZeneca, Pfizer/BioNTech, Čína",6159848,6059744,76652,13,12219592
2021-10-21,"Johnson&Johnson, Moderna, Oxford/AstraZeneca, Pfizer/BioNTech, Čína",6167629,6065360,94230,13,12232989
2021-10-22,"Indie/AstraZeneca, Johnson&Johnson, Moderna, Oxford/AstraZeneca, Pfizer/BioNTech",6178110,6071868,113058,13,12249978
2021-10-23,"Indie/AstraZeneca, Johnson&Johnson, Moderna, Oxford/AstraZeneca, Pfizer/BioNTech, Čína",6181800,6074088,116722,13,12255888
2021-10-24,"Indie/AstraZeneca, Johnson&Johnson, Moderna, Oxford/AstraZeneca, Pfizer/BioNTech",6184495,6075878,119218,13,12260373
2021-10-25,"Indie/AstraZeneca, Johnson&Johnson, Moderna, Oxford/AstraZeneca, Pfizer/BioNTech, Čína",6195019,6081714,139044,13,12276733
2021-10-26,"Johnson&Johnson, Moderna, Oxford/AstraZeneca, Pfizer/BioNTech, Čína",6207037,6088279,161543,13,12295316
2021-10-27,"Johnson&Johnson, Moderna, Oxford/AstraZeneca, Pfizer/BioNTech, Čína",6221658,6095700,187933,14,12317358
2021-10-28,"Johnson&Johnson, Moderna, Oxford/AstraZeneca, Pfizer/BioNTech, Čína",6225109,6097406,192185,14,12322515
2021-10-29,"Johnson&Johnson, Moderna, Oxford/AstraZeneca, Pfizer/BioNTech, Čína",6239558,6105409,211249,14,12344967
2021-10-30,"Johnson&Johnson, Moderna, Oxford/AstraZeneca, Pfizer/BioNTech",6244102,6108339,215096,14,12352441
2021-10-31,"Johnson&Johnson, Moderna, Oxford/AstraZeneca, Pfizer/BioNTech",6247875,6110822,218795,14,12358697
2021-11-01,"Johnson&Johnson, Moderna, Oxford/AstraZeneca, Pfizer/BioNTech",6263086,6118513,240698,14,12381599
2021-11-02,"Johnson&Johnson, Moderna, Oxford/AstraZeneca, Pfizer/BioNTech, Čína",6278536,6126081,266176,14,12404617
2021-11-03,"Indie/AstraZeneca, Johnson&Johnson, Moderna, Oxford/AstraZeneca, Pfizer/BioNTech, Čína",6295736,6133389,296432,14,12429125
2021-11-04,"Johnson&Johnson, Moderna, Oxford/AstraZeneca, Pfizer/BioNTech, Čína",6314085,6141572,327566,14,12455657
2021-11-05,"Johnson&Johnson, Moderna, Oxford/AstraZeneca, Pfizer/BioNTech",6336894,6152872,358508,14,12489766
2021-11-06,"Indie/AstraZeneca, Johnson&Johnson, Moderna, Oxford/AstraZeneca, Pfizer/BioNTech, Čína",6343415,6155941,365323,14,12499356
2021-11-07,"Johnson&Johnson, Moderna, Oxford/AstraZeneca, Pfizer/BioNTech",6347452,6158386,369982,15,12505838
2021-11-08,"Johnson&Johnson, Moderna, Oxford/AstraZeneca, Pfizer/BioNTech, Čína",6363729,6166030,395219,15,12529759
2021-11-09,"Johnson&Johnson, Moderna, Oxford/AstraZeneca, Pfizer/BioNTech",6378556,6173352,423399,15,12551908
2021-11-10,"Johnson&Johnson, Moderna, Oxford/AstraZeneca, Pfizer/BioNTech, Čína",6394310,6180752,452130,15,12575062
2021-11-11,"Johnson&Johnson, Moderna, Oxford/AstraZeneca, Pfizer/BioNTech, Čína",6409798,6189875,479790,16,12599673
2021-11-12,"Johnson&Johnson, Moderna, Oxford/AstraZeneca, Pfizer/BioNTech",6429613,6202688,507312,16,12632301
2021-11-13,"Johnson&Johnson, Moderna, Oxford/AstraZeneca, Pfizer/BioNTech",6435012,6206580,513058,16,12641592
2021-11-14,"Johnson&Johnson, Moderna, Oxford/AstraZeneca, Pfizer/BioNTech, Čína",6438922,6209599,516708,16,12648521
2021-11-15,"Johnson&Johnson, Moderna, Oxford/AstraZeneca, Pfizer/BioNTech, Čína",6454018,6220325,539266,16,12674343
2021-11-16,"Johnson&Johnson, Moderna, Oxford/AstraZeneca, Pfizer/BioNTech, Čína",6471549,6232324,566329,16,12703873
2021-11-17,"Johnson&Johnson, Moderna, Oxford/AstraZeneca, Pfizer/BioNTech, Čína",6475810,6235909,570850,16,12711719
2021-11-18,"Johnson&Johnson, Moderna, Oxford/AstraZeneca, Pfizer/BioNTech, Čína",6495227,6247617,596566,16,12742844
2021-11-19,"Johnson&Johnson, Moderna, Oxford/AstraZeneca, Pfizer/BioNTech",6519851,6264611,622017,16,12784462
2021-11-20,"Indie/AstraZeneca, Johnson&Johnson, Moderna, Oxford/AstraZeneca, Pfizer/BioNTech",6528434,6269608,627605,16,12798042
2021-11-21,"Johnson&Johnson, Moderna, Oxford/AstraZeneca, Pfizer/BioNTech",6535201,6273399,630605,16,12808600
2021-11-22,"Johnson&Johnson, Moderna, Oxford/AstraZeneca, Pfizer/BioNTech, Čína",6553720,6287541,653203,16,12841261
2021-11-23,"Johnson&Johnson, Moderna, Oxford/AstraZeneca, Pfizer/BioNTech, Čína",6572793,6300821,681864,16,12873614
2021-11-24,"Johnson&Johnson, Moderna, Oxford/AstraZeneca, Pfizer/BioNTech, Čína",6591811,6316693,710953,16,12908504
2021-11-25,"Johnson&Johnson, Moderna, Oxford/AstraZeneca, Pfizer/BioNTech",6610965,6331742,744417,16,12942707
2021-11-26,"Johnson&Johnson, Moderna, Oxford/AstraZeneca, Pfizer/BioNTech, Pfizer/BioNTech Kids",6632632,6350895,779223,17,12983527
2021-11-27,"Johnson&Johnson, Moderna, Oxford/AstraZeneca, Pfizer/BioNTech, Pfizer/BioNTech Kids",6640115,6356466,787183,17,12996581
2021-11-28,"Johnson&Johnson, Moderna, Oxford/AstraZeneca, Pfizer/BioNTech",6643451,6359615,794184,17,13003066
2021-11-29,"Johnson&Johnson, Moderna, Oxford/AstraZeneca, Pfizer/BioNTech, Pfizer/BioNTech Kids, Čína",6658664,6373283,833221,18,13031947
2021-11-30,"Johnson&Johnson, Moderna, Oxford/AstraZeneca, Pfizer/BioNTech, Pfizer/BioNTech Kids",6671879,6384531,884478,19,13056410
2021-12-01,"Johnson&Johnson, Moderna, Oxford/AstraZeneca, Pfizer/BioNTech, Pfizer/BioNTech Kids, Čína",6685940,6397005,948643,20,13082945
2021-12-02,"Johnson&Johnson, Moderna, Oxford/AstraZeneca, Pfizer/BioNTech, Pfizer/BioNTech Kids, Čína",6696597,6409518,1021759,21,13106115
2021-12-03,"Indie/AstraZeneca, Johnson&Johnson, Moderna, Oxford/AstraZeneca, Pfizer/BioNTech",6706246,6425119,1097615,23,13131365
2021-12-04,"Indie/AstraZeneca, Johnson&Johnson, Moderna, Pfizer/BioNTech, Pfizer/BioNTech Kids",6708811,6429087,1124115,23,13137898
2021-12-05,"Johnson&Johnson, Moderna, Oxford/AstraZeneca, Pfizer/BioNTech, Pfizer/BioNTech Kids",6710173,6431434,1143173,23,13141607
2021-12-06,"Johnson&Johnson, Moderna, Oxford/AstraZeneca, Pfizer/BioNTech, Pfizer/BioNTech Kids, Čína",6718331,6442980,1210003,23,13161311
2021-12-07,"Johnson&Johnson, Moderna, Oxford/AstraZeneca, Pfizer/BioNTech, Pfizer/BioNTech Kids",6726225,6454999,1288033,23,13181224
2021-12-08,"Johnson&Johnson, Moderna, Oxford/AstraZeneca, Pfizer/BioNTech, Pfizer/BioNTech Kids, Čína",6734477,6460941,1369905,24,13195418
2021-12-09,"Johnson&Johnson, Moderna, Oxford/AstraZeneca, Pfizer/BioNTech, Pfizer/BioNTech Kids",6741603,6473778,1450888,24,13215381
2021-12-10,"Johnson&Johnson, Moderna, Oxford/AstraZeneca, Pfizer/BioNTech, Pfizer/BioNTech Kids",6748536,6491605,1527371,25,13240141
2021-12-11,"Johnson&Johnson, Moderna, Oxford/AstraZeneca, Pfizer/BioNTech, Pfizer/BioNTech Kids",6750193,6496877,1553414,25,13247070
2021-12-12,"Johnson&Johnson, Moderna, Oxford/AstraZeneca, Pfizer/BioNTech, Pfizer/BioNTech Kids",6751506,6501323,1569457,25,13252829
2021-12-13,"Johnson&Johnson, Moderna, Oxford/AstraZeneca, Pfizer/BioNTech, Pfizer/BioNTech Kids",6757868,6514650,1630110,26,13272518
2021-12-14,"Johnson&Johnson, Moderna, Oxford/AstraZeneca, Pfizer/BioNTech, Pfizer/BioNTech Kids",6764081,6528330,1703506,28,13292411
2021-12-15,"Johnson&Johnson, Moderna, Oxford/AstraZeneca, Pfizer/BioNTech, Pfizer/BioNTech Kids, Čína",6770294,6541942,1777249,29,13312236
2021-12-16,"Indie/Bahrat Biotech, Johnson&Johnson, Moderna, Oxford/AstraZeneca, Pfizer/BioNTech, Pfizer/BioNTech Kids, Čína",6777237,6556791,1852081,29,13334028
2021-12-17,"Johnson&Johnson, Moderna, Oxford/AstraZeneca, Pfizer/BioNTech, Pfizer/BioNTech Kids",6785605,6574079,1926191,29,13359684
2021-12-18,"Johnson&Johnson, Moderna, Oxford/AstraZeneca, Pfizer/BioNTech, Pfizer/BioNTech Kids",6788219,6579545,1951846,29,13367764
2021-12-19,"Johnson&Johnson, Moderna, Pfizer/BioNTech, Pfizer/BioNTech Kids",6789995,6582055,1969993,29,13372050
2021-12-20,"Johnson&Johnson, Moderna, Oxford/AstraZeneca, Pfizer/BioNTech, Pfizer/BioNTech Kids, Čína",6795855,6596127,2035271,29,13391982
2021-12-21,"Johnson&Johnson, Moderna, Oxford/AstraZeneca, Pfizer/BioNTech, Pfizer/BioNTech Kids, Čína",6802518,6608151,2104675,31,13410669
2021-12-22,"Indie/AstraZeneca, Johnson&Johnson, Moderna, Oxford/AstraZeneca, Pfizer/BioNTech, Pfizer/BioNTech Kids",6807571,6621221,2162542,31,13428792
2021-12-23,"Johnson&Johnson, Moderna, Oxford/AstraZeneca, Pfizer/BioNTech, Pfizer/BioNTech Kids",6810448,6626840,2190105,31,13437288
2021-12-24,"Johnson&Johnson, Moderna, Oxford/AstraZeneca, Pfizer/BioNTech",6810495,6626952,2190535,31,13437447
2021-12-25,"Moderna, Pfizer/BioNTech, Pfizer/BioNTech Kids",6810498,6626970,2190559,31,13437468
2021-12-26,"Moderna, Pfizer/BioNTech, Pfizer/BioNTech Kids",6810601,6627174,2191554,31,13437775
2021-12-27,"Johnson&Johnson, Moderna, Pfizer/BioNTech, Pfizer/BioNTech Kids",6814468,6636928,2241135,31,13451396
2021-12-28,"Johnson&Johnson, Moderna, Oxford/AstraZeneca, Pfizer/BioNTech, Pfizer/BioNTech Kids",6819712,6644934,2299644,31,13464646
2021-12-29,"Johnson&Johnson, Moderna, Oxford/AstraZeneca, Pfizer/BioNTech, Pfizer/BioNTech Kids, Čína",6823997,6652670,2356329,31,13476667
2021-12-30,"Johnson&Johnson, Moderna, Pfizer/BioNTech, Pfizer/BioNTech Kids",6828301,6658111,2400025,31,13486412
2021-12-31,"Johnson&Johnson, Moderna, Pfizer/BioNTech, Pfizer/BioNTech Kids",6828812,6659543,2409076,31,13488355
2022-01-01,"Moderna, Pfizer/BioNTech, Pfizer/BioNTech Kids",6828820,6659561,2409112,31,13488381
2022-01-02,"Johnson&Johnson, Moderna, Oxford/AstraZeneca, Pfizer/BioNTech, Pfizer/BioNTech Kids",6829676,6660942,2422183,31,13490618
2022-01-03,"Johnson&Johnson, Moderna, Oxford/AstraZeneca, Pfizer/BioNTech, Pfizer/BioNTech Kids",6833815,6669855,2481408,31,13503670
2022-01-04,"Johnson&Johnson, Moderna, Oxford/AstraZeneca, Pfizer/BioNTech, Pfizer/BioNTech Kids",6838902,6677619,2558033,31,13516521
2022-01-05,"Johnson&Johnson, Moderna, Oxford/AstraZeneca, Pfizer/BioNTech, Pfizer/BioNTech Kids, Čína",6844729,6685602,2638852,31,13530331
2022-01-06,"Johnson&Johnson, Moderna, Oxford/AstraZeneca, Pfizer/BioNTech, Pfizer/BioNTech Kids",6851321,6694007,2725909,32,13545328
2022-01-07,"Johnson&Johnson, Moderna, Oxford/AstraZeneca, Pfizer/BioNTech, Pfizer/BioNTech Kids",6859211,6704364,2819831,32,13563575
2022-01-08,"Johnson&Johnson, Moderna, Oxford/AstraZeneca, Pfizer/BioNTech, Pfizer/BioNTech Kids",6861689,6707145,2849100,32,13568834
2022-01-09,"Indie/AstraZeneca, Johnson&Johnson, Moderna, Pfizer/BioNTech, Pfizer/BioNTech Kids",6862772,6708846,2866380,32,13571618
2022-01-10,"Johnson&Johnson, Moderna, Oxford/AstraZeneca, Pfizer/BioNTech, Pfizer/BioNTech Kids",6867285,6715043,2935339,33,13582328
2022-01-11,"Johnson&Johnson, Moderna, Oxford/AstraZeneca, Pfizer/BioNTech, Pfizer/BioNTech Kids",6872741,6721804,3011302,35,13594545
2022-01-12,"Johnson&Johnson, Moderna, Oxford/AstraZeneca, Pfizer/BioNTech, Pfizer/BioNTech Kids",6878703,6727450,3087035,35,13606153
2022-01-13,"Johnson&Johnson, Moderna, Oxford/AstraZeneca, Pfizer/BioNTech, Pfizer/BioNTech Kids",6884591,6732230,3161957,36,13616821
2022-01-14,"Johnson&Johnson, Moderna, Oxford/AstraZeneca, Pfizer/BioNTech, Pfizer/BioNTech Kids",6890895,6735863,3245000,37,13626758
2022-01-15,"Johnson&Johnson, Moderna, Oxford/AstraZeneca, Pfizer/BioNTech, Pfizer/BioNTech Kids",6892174,6736525,3267681,37,13628699
2022-01-16,"Johnson&Johnson, Moderna, Oxford/AstraZeneca, Pfizer/BioNTech, Pfizer/BioNTech Kids",6892864,6736964,3279479,37,13629828
2022-01-17,"Johnson&Johnson, Moderna, Oxford/AstraZeneca, Pfizer/BioNTech, Pfizer/BioNTech Kids",6896424,6740927,3326069,38,13637351
2022-01-18,"Johnson&Johnson, Moderna, Oxford/AstraZeneca, Pfizer/BioNTech, Pfizer/BioNTech Kids",6900281,6745886,3375133,40,13646167
2022-01-19,"Johnson&Johnson, Moderna, Oxford/AstraZeneca, Pfizer/BioNTech, Pfizer/BioNTech Kids, Čína",6904354,6749822,3419810,41,13654176
2022-01-20,"Johnson&Johnson, Moderna, Oxford/AstraZeneca, Pfizer/BioNTech, Pfizer/BioNTech Kids",6907956,6754285,3466700,42,13662241
2022-01-21,"Johnson&Johnson, Moderna, Oxford/AstraZeneca, Pfizer/BioNTech, Pfizer/BioNTech Kids, Čína",6911961,6756819,3522190,42,13668780
2022-01-22,"Johnson&Johnson, Moderna, Pfizer/BioNTech, Pfizer/BioNTech Kids, Čína",6912742,6757263,3531986,42,13670005
2022-01-23,"Johnson&Johnson, Moderna, Pfizer/BioNTech, Pfizer/BioNTech Kids",6913304,6757898,3537357,42,13671202
2022-01-24,"Johnson&Johnson, Moderna, Oxford/AstraZeneca, Pfizer/BioNTech, Pfizer/BioNTech Kids",6915584,6761337,3569823,42,13676921
2022-01-25,"Johnson&Johnson, Moderna, Oxford/AstraZeneca, Pfizer/BioNTech, Pfizer/BioNTech Kids",6917947,6765335,3600928,42,13683282
2022-01-26,"Johnson&Johnson, Moderna, Oxford/AstraZeneca, Pfizer/BioNTech, Pfizer/BioNTech Kids",6920333,6769908,3633644,42,13690241
2022-01-27,"Johnson&Johnson, Moderna, Oxford/AstraZeneca, Pfizer/BioNTech, Pfizer/BioNTech Kids",6922662,6774725,3666444,43,13697387
2022-01-28,"Johnson&Johnson, Moderna, Oxford/AstraZeneca, Pfizer/BioNTech, Pfizer/BioNTech Kids",6925581,6780893,3714014,43,13706474
2022-01-29,"Johnson&Johnson, Moderna, Oxford/AstraZeneca, Pfizer/BioNTech, Pfizer/BioNTech Kids, Čína",6926185,6782545,3723863,43,13708730
2022-01-30,"Johnson&Johnson, Moderna, Pfizer/BioNTech, Pfizer/BioNTech Kids",6926414,6783329,3727710,43,13709743
2022-01-31,"Johnson&Johnson, Moderna, Pfizer/BioNTech, Pfizer/BioNTech Kids",6927958,6787266,3752550,45,13715224
2022-02-01,"Johnson&Johnson, Moderna, Pfizer/BioNTech, Pfizer/BioNTech Kids",6929555,6791303,3773091,45,13720858
2022-02-02,"Johnson&Johnson, Moderna, Oxford/AstraZeneca, Pfizer/BioNTech, Pfizer/BioNTech Kids",6931123,6795823,3793328,46,13726946
2022-02-03,"Johnson&Johnson, Moderna, Pfizer/BioNTech, Pfizer/BioNTech Kids",6932501,6800309,3813989,46,13732810
2022-02-04,"Johnson&Johnson, Moderna, Oxford/AstraZeneca, Pfizer/BioNTech, Pfizer/BioNTech Kids",6934107,6805426,3843744,46,13739533
2022-02-05,"Johnson&Johnson, Moderna, Pfizer/BioNTech, Pfizer/BioNTech Kids",6934281,6806039,3848652,46,13740320
2022-02-06,"Johnson&Johnson, Moderna, Pfizer/BioNTech, Pfizer/BioNTech Kids",6934377,6806359,3850538,46,13740736
2022-02-07,"Indie/AstraZeneca, Johnson&Johnson, Moderna, Pfizer/BioNTech, Pfizer/BioNTech Kids",6935084,6809573,3863127,46,13744657
2022-02-08,"Johnson&Johnson, Moderna, Pfizer/BioNTech, Pfizer/BioNTech Kids",6935881,6812770,3875242,46,13748651
2022-02-09,"Johnson&Johnson, Moderna, Oxford/AstraZeneca, Pfizer/BioNTech, Pfizer/BioNTech Kids",6936703,6816148,3887217,46,13752851
2022-02-10,"Johnson&Johnson, Moderna, Pfizer/BioNTech, Pfizer/BioNTech Kids",6937516,6819284,3899367,46,13756800
2022-02-11,"Johnson&Johnson, Moderna, Pfizer/BioNTech, Pfizer/BioNTech Kids",6938471,6823207,3918301,46,13761678
2022-02-12,"Johnson&Johnson, Moderna, Pfizer/BioNTech, Pfizer/BioNTech Kids",6938585,6823631,3920665,46,13762216
2022-02-13,"Johnson&Johnson, Moderna, Pfizer/BioNTech, Pfizer/BioNTech Kids",6938623,6824070,3922097,46,13762693
2022-02-14,"Johnson&Johnson, Moderna, Pfizer/BioNTech, Pfizer/BioNTech Kids",6939085,6826188,3930187,46,13765273
2022-02-15,"Johnson&Johnson, Moderna, Oxford/AstraZeneca, Pfizer/BioNTech, Pfizer/BioNTech Kids",6939639,6828400,3937565,46,13768039
2022-02-16,"Johnson&Johnson, Moderna, Pfizer/BioNTech, Pfizer/BioNTech Kids",6940236,6830503,3945560,46,13770739
2022-02-17,"Johnson&Johnson, Moderna, Pfizer/BioNTech, Pfizer/BioNTech Kids",6940835,6832848,3953925,47,13773683
2022-02-18,"Johnson&Johnson, Moderna, Oxford/AstraZeneca, Pfizer/BioNTech, Pfizer/BioNTech Kids",6941480,6835905,3967737,47,13777385
2022-02-19,"Johnson&Johnson, Moderna, Pfizer/BioNTech, Pfizer/BioNTech Kids",6941561,6836189,3969692,47,13777750
2022-02-20,"Johnson&Johnson, Moderna, Oxford/AstraZeneca, Pfizer/BioNTech, Pfizer/BioNTech Kids",6941602,6836339,3970432,48,13777941
2022-02-21,"Johnson&Johnson, Moderna, Oxford/AstraZeneca, Pfizer/BioNTech, Pfizer/BioNTech Kids",6941969,6838043,3976336,48,13780012
2022-02-22,"Johnson&Johnson, Moderna, Oxford/AstraZeneca, Pfizer/BioNTech, Pfizer/BioNTech Kids, Čína",6942363,6839745,3981937,48,13782108
2022-02-23,"Johnson&Johnson, Moderna, Pfizer/BioNTech, Pfizer/BioNTech Kids",6942822,6841388,3987715,48,13784210
2022-02-24,"Johnson&Johnson, Moderna, Pfizer/BioNTech, Pfizer/BioNTech Kids",6943231,6843020,3993812,48,13786251
2022-02-25,"Johnson&Johnson, Moderna, Pfizer/BioNTech, Pfizer/BioNTech Kids",6943813,6845109,4004934,48,13788922
2022-02-26,"Johnson&Johnson, Moderna, Pfizer/BioNTech, Pfizer/BioNTech Kids",6943873,6845270,4006572,48,13789143
2022-02-27,"Johnson&Johnson, Moderna, Pfizer/BioNTech, Pfizer/BioNTech Kids",6943904,6845347,4007192,48,13789251
2022-02-28,"Johnson&Johnson, Moderna, Pfizer/BioNTech, Pfizer/BioNTech Kids",6944151,6846326,4011921,48,13790477
2022-03-01,"Johnson&Johnson, Moderna, Pfizer/BioNTech, Pfizer/BioNTech Kids",6944459,6847112,4014899,48,13791571
2022-03-02,"Johnson&Johnson, Moderna, Novavax, Pfizer/BioNTech, Pfizer/BioNTech Kids",6944832,6848021,4018695,48,13792853
2022-03-03,"Johnson&Johnson, Moderna, Novavax, Pfizer/BioNTech, Pfizer/BioNTech Kids",6945169,6848964,4022400,48,13794133
2022-03-04,"Johnson&Johnson, Moderna, Novavax, Pfizer/BioNTech, Pfizer/BioNTech Kids",6945804,6850186,4029619,49,13795990
2022-03-05,"Johnson&Johnson, Moderna, Novavax, Pfizer/BioNTech, Pfizer/BioNTech Kids",6945885,6850279,4030238,49,13796164
2022-03-06,"Moderna, Novavax, Oxford/AstraZeneca, Pfizer/BioNTech, Pfizer/BioNTech Kids",6945898,6850297,4030435,49,13796195
2022-03-07,"Johnson&Johnson, Moderna, Novavax, Pfizer/BioNTech, Pfizer/BioNTech Kids",6946234,6850856,4033175,49,13797090
2022-03-08,"Johnson&Johnson, Moderna, Novavax, Oxford/AstraZeneca, Pfizer/BioNTech, Pfizer/BioNTech Kids, Čína",6946569,6851400,4035710,49,13797969
2022-03-09,"Johnson&Johnson, Moderna, Novavax, Pfizer/BioNTech, Pfizer/BioNTech Kids",6946957,6851997,4039009,49,13798954
2022-03-10,"Johnson&Johnson, Moderna, Novavax, Pfizer/BioNTech, Pfizer/BioNTech Kids",6947369,6852675,4042113,49,13800044
2022-03-11,"Johnson&Johnson, Moderna, Novavax, Pfizer/BioNTech, Pfizer/BioNTech Kids, Čína",6948120,6853586,4048458,49,13801706
2022-03-12,"Johnson&Johnson, Moderna, Novavax, Pfizer/BioNTech, Pfizer/BioNTech Kids",6948193,6853691,4049353,49,13801884
2022-03-13,"Johnson&Johnson, Moderna, Novavax, Pfizer/BioNTech, Pfizer/BioNTech Kids",6948207,6853714,4049540,49,13801921
2022-03-14,"Johnson&Johnson, Moderna, Novavax, Pfizer/BioNTech, Pfizer/BioNTech Kids",6948474,6854100,4052304,49,13802574
2022-03-15,"Johnson&Johnson, Moderna, Novavax, Pfizer/BioNTech, Pfizer/BioNTech Kids",6948760,6854537,4054927,49,13803297
2022-03-16,"Johnson&Johnson, Moderna, Novavax, Oxford/AstraZeneca, Pfizer/BioNTech, Pfizer/BioNTech Kids",6949082,6855082,4057848,49,13804164
2022-03-17,"Johnson&Johnson, Moderna, Novavax, Oxford/AstraZeneca, Pfizer/BioNTech, Pfizer/BioNTech Kids",6949378,6855514,4060943,49,13804892
2022-03-18,"Johnson&Johnson, Moderna, Novavax, Pfizer/BioNTech, Pfizer/BioNTech Kids",6950076,6856314,4067668,49,13806390
2022-03-19,"Moderna, Novavax, Pfizer/BioNTech, Pfizer/BioNTech Kids",6950132,6856359,4068115,49,13806491
2022-03-20,"Moderna, Novavax, Pfizer/BioNTech, Pfizer/BioNTech Kids",6950150,6856372,4068295,49,13806522
2022-03-21,"Johnson&Johnson, Moderna, Novavax, Pfizer/BioNTech, Pfizer/BioNTech Kids",6950339,6856699,4070762,49,13807038
2022-03-22,"Johnson&Johnson, Moderna, Novavax, Pfizer/BioNTech, Pfizer/BioNTech Kids",6950585,6857102,4073022,49,13807687
2022-03-23,"Johnson&Johnson, Moderna, Novavax, Pfizer/BioNTech, Pfizer/BioNTech Kids",6950923,6857542,4075855,49,13808465
2022-03-24,"Johnson&Johnson, Moderna, Novavax, Pfizer/BioNTech, Pfizer/BioNTech Kids",6951235,6858015,4079013,50,13809250
2022-03-25,"Johnson&Johnson, Moderna, Novavax, Pfizer/BioNTech, Pfizer/BioNTech Kids",6951733,6858828,4085597,50,13810561
2022-03-26,"Johnson&Johnson, Moderna, Novavax, Pfizer/BioNTech, Pfizer/BioNTech Kids",6951786,6858907,4085991,50,13810693
2022-03-27,"Moderna, Novavax, Pfizer/BioNTech, Pfizer/BioNTech Kids",6951802,6858924,4086106,50,13810726
2022-03-28,"Johnson&Johnson, Moderna, Novavax, Pfizer/BioNTech, Pfizer/BioNTech Kids",6951957,6859305,4088439,50,13811262
2022-03-29,"Johnson&Johnson, Moderna, Novavax, Pfizer/BioNTech, Pfizer/BioNTech Kids",6952220,6859711,4090738,50,13811931
2022-03-30,"Johnson&Johnson, Moderna, Novavax, Pfizer/BioNTech, Pfizer/BioNTech Kids",6952527,6860204,4093570,50,13812731
2022-03-31,"Johnson&Johnson, Moderna, Novavax, Pfizer/BioNTech, Pfizer/BioNTech Kids",6952825,6860697,4096870,50,13813522
2022-04-01,"Johnson&Johnson, Moderna, Novavax, Pfizer/BioNTech, Pfizer/BioNTech Kids",6953433,6861457,4102770,50,13814890
2022-04-02,"Moderna, Novavax, Pfizer/BioNTech, Pfizer/BioNTech Kids",6953490,6861542,4103585,50,13815032
2022-04-03,"Moderna, Novavax, Pfizer/BioNTech, Pfizer/BioNTech Kids",6953503,6861571,4103755,50,13815074
2022-04-04,"Johnson&Johnson, Moderna, Novavax, Pfizer/BioNTech, Pfizer/BioNTech Kids",6953684,6861854,4105590,50,13815538
2022-04-05,"Johnson&Johnson, Moderna, Novavax, Pfizer/BioNTech, Pfizer/BioNTech Kids",6953875,6862092,4107203,50,13815967
2022-04-06,"Johnson&Johnson, Moderna, Novavax, Pfizer/BioNTech, Pfizer/BioNTech Kids",6954095,6862440,4109946,50,13816535
2022-04-07,"Johnson&Johnson, Moderna, Novavax, Pfizer/BioNTech, Pfizer/BioNTech Kids",6954319,6862860,4112784,50,13817179
2022-04-08,"Johnson&Johnson, Moderna, Novavax, Pfizer/BioNTech, Pfizer/BioNTech Kids",6954774,6863584,4118823,50,13818358
2022-04-09,"Johnson&Johnson, Moderna, Novavax, Pfizer/BioNTech, Pfizer/BioNTech Kids",6954834,6863656,4119348,50,13818490
2022-04-10,"Moderna, Novavax, Pfizer/BioNTech, Pfizer/BioNTech Kids",6954848,6863666,4119469,50,13818514
2022-04-11,"Johnson&Johnson, Moderna, Novavax, Pfizer/BioNTech, Pfizer/BioNTech Kids",6955011,6863897,4121324,50,13818908
2022-04-12,"Johnson&Johnson, Moderna, Novavax, Pfizer/BioNTech, Pfizer/BioNTech Kids",6955257,6864198,4123237,52,13819455
2022-04-13,"Johnson&Johnson, Moderna, Novavax, Pfizer/BioNTech, Pfizer/BioNTech Kids",6955499,6864552,4126362,52,13820051
2022-04-14,"Johnson&Johnson, Moderna, Novavax, Pfizer/BioNTech, Pfizer/BioNTech Kids",6955763,6864939,4130091,52,13820702
2022-04-15,"Moderna, Novavax, Pfizer/BioNTech, Pfizer/BioNTech Kids",6955779,6864970,4130237,52,13820749
2022-04-16,"Johnson&Johnson, Moderna, Novavax, Pfizer/BioNTech, Pfizer/BioNTech Kids",6955799,6865005,4130454,52,13820804
2022-04-17,"Moderna, Novavax, Pfizer/BioNTech",6955800,6865006,4130505,52,13820806
2022-04-18,"Johnson&Johnson, Moderna, Novavax, Oxford/AstraZeneca, Pfizer/BioNTech, Pfizer/BioNTech Kids",6955816,6865025,4130516,52,13820841
2022-04-19,"Johnson&Johnson, Moderna, Novavax, Oxford/AstraZeneca, Pfizer/BioNTech, Pfizer/BioNTech Kids",6955956,6865365,4132303,52,13821321
2022-04-20,"Johnson&Johnson, Moderna, Novavax, Oxford/AstraZeneca, Pfizer/BioNTech, Pfizer/BioNTech Kids, Čína",6956179,6865756,4134810,52,13821935
2022-04-21,"Johnson&Johnson, Moderna, Novavax, Pfizer/BioNTech, Pfizer/BioNTech Kids",6956397,6866180,4137223,52,13822577
2022-04-22,"Johnson&Johnson, Moderna, Novavax, Pfizer/BioNTech, Pfizer/BioNTech Kids",6956864,6867008,4142822,52,13823872
2022-04-23,"Moderna, Novavax, Pfizer/BioNTech, Pfizer/BioNTech Kids",6956895,6867087,4143611,52,13823982
2022-04-24,"Moderna, Novavax, Pfizer/BioNTech, Pfizer/BioNTech Kids",6956900,6867098,4143740,52,13823998
2022-04-25,"Johnson&Johnson, Moderna, Novavax, Pfizer/BioNTech, Pfizer/BioNTech Kids",6957056,6867308,4145584,52,13824364
2022-04-26,"Johnson&Johnson, Moderna, Novavax, Pfizer/BioNTech, Pfizer/BioNTech Kids",6957196,6867572,4147153,52,13824768
2022-04-27,"Johnson&Johnson, Moderna, Novavax, Pfizer/BioNTech, Pfizer/BioNTech Kids",6957465,6867905,4149599,53,13825370
2022-04-28,"Johnson&Johnson, Moderna, Novavax, Pfizer/BioNTech, Pfizer/BioNTech Kids",6957659,6868195,4152022,53,13825854
2022-04-29,"Johnson&Johnson, Moderna, Novavax, Pfizer/BioNTech, Pfizer/BioNTech Kids",6958099,6868785,4156802,53,13826884
2022-04-30,"Moderna, Novavax, Pfizer/BioNTech, Pfizer/BioNTech Kids",6958145,6868852,4157379,53,13826997
2022-05-01,"Moderna, Novavax, Oxford/AstraZeneca, Pfizer/BioNTech, Pfizer/BioNTech Kids",6958150,6868862,4157476,53,13827012
2022-05-02,"Johnson&Johnson, Moderna, Novavax, Pfizer/BioNTech, Pfizer/BioNTech Kids",6958290,6869044,4158764,53,13827334
2022-05-03,"Johnson&Johnson, Moderna, Novavax, Pfizer/BioNTech, Pfizer/BioNTech Kids",6958447,6869300,4160158,53,13827747
2022-05-04,"Johnson&Johnson, Moderna, Novavax, Pfizer/BioNTech, Pfizer/BioNTech Kids",6958653,6869576,4162287,53,13828229
2022-05-05,"Johnson&Johnson, Moderna, Novavax, Pfizer/BioNTech, Pfizer/BioNTech Kids",6958861,6869868,4164418,53,13828729
2022-05-06,"Johnson&Johnson, Moderna, Novavax, Pfizer/BioNTech, Pfizer/BioNTech Kids",6959239,6870210,4169366,54,13829449
2022-05-07,"Moderna, Novavax, Pfizer/BioNTech, Pfizer/BioNTech Kids",6959266,6870237,4169708,55,13829503
2022-05-08,"Moderna, Pfizer/BioNTech, Pfizer/BioNTech Kids",6959268,6870246,4169753,55,13829514
2022-05-09,"Johnson&Johnson, Moderna, Novavax, Pfizer/BioNTech, Pfizer/BioNTech Kids",6959376,6870336,4171041,55,13829712
2022-05-10,"Johnson&Johnson, Moderna, Novavax, Pfizer/BioNTech, Pfizer/BioNTech Kids",6959531,6870573,4172656,55,13830104
2022-05-11,"Johnson&Johnson, Moderna, Novavax, Oxford/AstraZeneca, Pfizer/BioNTech, Pfizer/BioNTech Kids",6959752,6870842,4174967,55,13830594
2022-05-12,"Johnson&Johnson, Moderna, Novavax, Pfizer/BioNTech, Pfizer/BioNTech Kids",6959962,6871122,4177097,55,13831084
2022-05-13,"Johnson&Johnson, Moderna, Novavax, Pfizer/BioNTech, Pfizer/BioNTech Kids",6960309,6871624,4181312,55,13831933
2022-05-14,"Johnson&Johnson, Moderna, Novavax, Pfizer/BioNTech, Pfizer/BioNTech Kids",6960350,6871664,4181899,55,13832014
2022-05-15,"Johnson&Johnson, Moderna, Novavax, Pfizer/BioNTech, Pfizer/BioNTech Kids",6960365,6871675,4182001,56,13832040
2022-05-16,"Johnson&Johnson, Moderna, Novavax, Pfizer/BioNTech, Pfizer/BioNTech Kids",6960475,6871795,4183338,56,13832270
2022-05-17,"Johnson&Johnson, Moderna, Novavax, Pfizer/BioNTech, Pfizer/BioNTech Kids",6960617,6871953,4184751,56,13832570
2022-05-18,"Indie/AstraZeneca, Johnson&Johnson, Moderna, Novavax, Pfizer/BioNTech, Pfizer/BioNTech Kids",6960853,6872286,4186769,57,13833139
2022-05-19,"Johnson&Johnson, Moderna, Novavax, Pfizer/BioNTech, Pfizer/BioNTech Kids",6961048,6872538,4188602,57,13833586
2022-05-20,"Johnson&Johnson, Moderna, Novavax, Pfizer/BioNTech, Pfizer/BioNTech Kids",6961353,6873092,4192615,60,13834445
2022-05-21,"Johnson&Johnson, Moderna, Novavax, Pfizer/BioNTech, Pfizer/BioNTech Kids",6961392,6873121,4192887,60,13834513
2022-05-22,"Johnson&Johnson, Moderna, Pfizer/BioNTech, Pfizer/BioNTech Kids",6961402,6873130,4193030,60,13834532
2022-05-23,"Johnson&Johnson, Moderna, Novavax, Pfizer/BioNTech, Pfizer/BioNTech Kids",6961524,6873285,4194353,60,13834809
2022-05-24,"Johnson&Johnson, Moderna, Novavax, Pfizer/BioNTech, Pfizer/BioNTech Kids",6961655,6873461,4195603,60,13835116
2022-05-25,"Indie/AstraZeneca, Johnson&Johnson, Moderna, Novavax, Oxford/AstraZeneca, Pfizer/BioNTech, Pfizer/BioNTech Kids",6961837,6873710,4197975,60,13835547
2022-05-26,"Johnson&Johnson, Moderna, Novavax, Pfizer/BioNTech, Pfizer/BioNTech Kids",6961990,6873936,4199635,60,13835926
2022-05-27,"Johnson&Johnson, Moderna, Novavax, Pfizer/BioNTech, Pfizer/BioNTech Kids",6962262,6874404,4203391,61,13836666
2022-05-28,"Moderna, Novavax, Pfizer/BioNTech, Pfizer/BioNTech Kids",6962300,6874453,4203781,61,13836753
2022-05-29,"Moderna, Novavax, Pfizer/BioNTech, Pfizer/BioNTech Kids",6962309,6874457,4203897,61,13836766
2022-05-30,"Johnson&Johnson, Moderna, Novavax, Oxford/AstraZeneca, Pfizer/BioNTech, Pfizer/BioNTech Kids",6962401,6874621,4204976,61,13837022
2022-05-31,"Johnson&Johnson, Moderna, Novavax, Pfizer/BioNTech, Pfizer/BioNTech Kids",6962552,6874821,4206233,62,13837373
2022-06-01,"Johnson&Johnson, Moderna, Novavax, Pfizer/BioNTech, Pfizer/BioNTech Kids",6962692,6875051,4207669,62,13837743
2022-06-02,"Moderna, Novavax, Pfizer/BioNTech, Pfizer/BioNTech Kids",6962823,6875296,4209009,62,13838119
2022-06-03,"Johnson&Johnson, Moderna, Novavax, Pfizer/BioNTech, Pfizer/BioNTech Kids",6963085,6875756,4211928,63,13838841
2022-06-04,"Johnson&Johnson, Moderna, Novavax, Pfizer/BioNTech, Pfizer/BioNTech Kids",6963119,6875796,4212333,63,13838915
2022-06-05,"Moderna, Novavax, Pfizer/BioNTech, Pfizer/BioNTech Kids",6963126,6875802,4212439,63,13838928
2022-06-06,"Johnson&Johnson, Moderna, Novavax, Pfizer/BioNTech, Pfizer/BioNTech Kids",6963220,6875946,4213558,64,13839166
2022-06-07,"Johnson&Johnson, Moderna, Novavax, Pfizer/BioNTech, Pfizer/BioNTech Kids",6963307,6876105,4214417,64,13839412
2022-06-08,"Indie/AstraZeneca, Johnson&Johnson, Moderna, Novavax, Pfizer/BioNTech, Pfizer/BioNTech Kids",6963443,6876353,4215913,64,13839796
2022-06-09,"Johnson&Johnson, Moderna, Novavax, Pfizer/BioNTech, Pfizer/BioNTech Kids",6963544,6876555,4217119,64,13840099
2022-06-10,"Johnson&Johnson, Moderna, Novavax, Pfizer/BioNTech, Pfizer/BioNTech Kids",6963730,6876896,4219403,65,13840626
2022-06-11,"Moderna, Novavax, Pfizer/BioNTech, Pfizer/BioNTech Kids",6963744,6876935,4219581,65,13840679
2022-06-12,"Moderna, Novavax, Pfizer/BioNTech, Pfizer/BioNTech Kids",6963750,6876958,4219663,65,13840708
2022-06-13,"Johnson&Johnson, Moderna, Novavax, Oxford/AstraZeneca, Pfizer/BioNTech, Pfizer/BioNTech Kids",6963815,6877084,4220511,66,13840899
2022-06-14,"Johnson&Johnson, Moderna, Novavax, Pfizer/BioNTech, Pfizer/BioNTech Kids",6963895,6877232,4221313,66,13841127
2022-06-15,"Johnson&Johnson, Moderna, Novavax, Pfizer/BioNTech, Pfizer/BioNTech Kids",6963979,6877427,4222475,68,13841406
2022-06-16,"Johnson&Johnson, Moderna, Novavax, Pfizer/BioNTech, Pfizer/BioNTech Kids",6964045,6877604,4223434,68,13841649
2022-06-17,"Johnson&Johnson, Moderna, Novavax, Pfizer/BioNTech, Pfizer/BioNTech Kids, Čína",6964200,6877892,4225601,68,13842092
2022-06-18,"Moderna, Novavax, Pfizer/BioNTech, Pfizer/BioNTech Kids",6964212,6877931,4225711,68,13842143
2022-06-19,"Moderna, Pfizer/BioNTech, Pfizer/BioNTech Kids",6964216,6877939,4225770,68,13842155
2022-06-20,"Johnson&Johnson, Moderna, Novavax, Pfizer/BioNTech, Pfizer/BioNTech Kids",6964282,6878063,4226484,71,13842345
2022-06-21,"Johnson&Johnson, Moderna, Novavax, Pfizer/BioNTech, Pfizer/BioNTech Kids",6964345,6878189,4227262,72,13842534
2022-06-22,"Johnson&Johnson, Moderna, Novavax, Pfizer/BioNTech, Pfizer/BioNTech Kids",6964442,6878373,4228394,74,13842815
2022-06-23,"Johnson&Johnson, Moderna, Novavax, Pfizer/BioNTech, Pfizer/BioNTech Kids",6964502,6878543,4229387,74,13843045
2022-06-24,"Johnson&Johnson, Moderna, Novavax, Pfizer/BioNTech, Pfizer/BioNTech Kids",6964664,6878894,4231290,74,13843558
2022-06-25,"Moderna, Novavax, Pfizer/BioNTech, Pfizer/BioNTech Kids",6964683,6878947,4231640,74,13843630
2022-06-26,"Moderna, Pfizer/BioNTech, Pfizer/BioNTech Kids",6964685,6878958,4231707,74,13843643
2022-06-27,"Johnson&Johnson, Moderna, Novavax, Pfizer/BioNTech, Pfizer/BioNTech Kids",6964757,6879074,4232545,74,13843831
2022-06-28,"Johnson&Johnson, Moderna, Novavax, Pfizer/BioNTech, Pfizer/BioNTech Kids",6964833,6879193,4233367,74,13844026
2022-06-29,"Johnson&Johnson, Moderna, Novavax, Pfizer/BioNTech, Pfizer/BioNTech Kids",6964957,6879379,4234696,74,13844336
2022-06-30,"Johnson&Johnson, Moderna, Novavax, Pfizer/BioNTech, Pfizer/BioNTech Kids",6965057,6879536,4235878,75,13844593
2022-07-01,"Johnson&Johnson, Moderna, Novavax, Oxford/AstraZeneca, Pfizer/BioNTech, Pfizer/BioNTech Kids",6965240,6879787,4237943,77,13845027
2022-07-02,"Moderna, Novavax, Pfizer/BioNTech, Pfizer/BioNTech Kids",6965254,6879794,4238084,77,13845048
2022-07-03,"Moderna, Pfizer/BioNTech, Pfizer/BioNTech Kids",6965258,6879804,4238149,77,13845062
2022-07-04,"Johnson&Johnson, Moderna, Novavax, Pfizer/BioNTech, Pfizer/BioNTech Kids",6965344,6879872,4238942,77,13845216
2022-07-05,"Moderna, Novavax, Pfizer/BioNTech, Pfizer/BioNTech Kids",6965355,6879874,4238978,80,13845229
2022-07-06,"Moderna, Pfizer/BioNTech",6965363,6879882,4239016,80,13845245
2022-07-07,"Johnson&Johnson, Moderna, Novavax, Pfizer/BioNTech, Pfizer/BioNTech Kids",6965472,6879985,4240004,81,13845457
2022-07-08,"Indie/AstraZeneca, Johnson&Johnson, Moderna, Novavax, Oxford/AstraZeneca, Pfizer/BioNTech, Pfizer/BioNTech Kids",6965636,6880181,4242151,88,13845817
2022-07-09,"Johnson&Johnson, Moderna, Novavax, Pfizer/BioNTech, Pfizer/BioNTech Kids",6965646,6880190,4242271,88,13845836
2022-07-10,"Moderna, Pfizer/BioNTech, Pfizer/BioNTech Kids",6965650,6880200,4242359,88,13845850
2022-07-11,"Johnson&Johnson, Moderna, Novavax, Pfizer/BioNTech, Pfizer/BioNTech Kids",6965750,6880292,4243456,99,13846042
2022-07-12,"Johnson&Johnson, Moderna, Novavax, Pfizer/BioNTech, Pfizer/BioNTech Kids",6965855,6880388,4244525,100,13846243
2022-07-13,"Johnson&Johnson, Moderna, Novavax, Pfizer/BioNTech, Pfizer/BioNTech Kids",6966030,6880517,4246412,104,13846547
2022-07-14,"Johnson&Johnson, Moderna, Novavax, Pfizer/BioNTech, Pfizer/BioNTech Kids",6966164,6880614,4247734,109,13846778
2022-07-15,"Johnson&Johnson, Moderna, Novavax, Pfizer/BioNTech, Pfizer/BioNTech Kids",6966423,6880826,4250970,153,13847249
2022-07-16,"Johnson&Johnson, Moderna, Novavax, Pfizer/BioNTech, Pfizer/BioNTech Kids",6966460,6880858,4251373,155,13847318
2022-07-17,"Moderna, Pfizer/BioNTech, Pfizer/BioNTech Kids, Čína",6966466,6880865,4251470,155,13847331
2022-07-18,"Johnson&Johnson, Moderna, Novavax, Oxford/AstraZeneca, Pfizer/BioNTech, Pfizer/BioNTech Kids",6966604,6880968,4252515,2083,13847572
2022-07-19,"Johnson&Johnson, Moderna, Novavax, Pfizer/BioNTech, Pfizer/BioNTech Kids",6966700,6881037,4253535,5102,13847737
2022-07-20,"Johnson&Johnson, Moderna, Novavax, Pfizer/BioNTech, Pfizer/BioNTech Kids",6966803,6881147,4255288,8885,13847950
2022-07-21,"Johnson&Johnson, Moderna, Novavax, Pfizer/BioNTech, Pfizer/BioNTech Kids",6966922,6881231,4256642,13090,13848153
2022-07-22,"Johnson&Johnson, Moderna, Novavax, Oxford/AstraZeneca, Pfizer/BioNTech, Pfizer/BioNTech Kids, Čína",6967133,6881447,4259470,20860,13848580
2022-07-23,"Johnson&Johnson, Moderna, Novavax, Pfizer/BioNTech, Pfizer/BioNTech Kids",6967157,6881463,4259599,21217,13848620
2022-07-24,"Moderna, Pfizer/BioNTech, Pfizer/BioNTech Kids",6967162,6881473,4259663,21436,13848635
2022-07-25,"Johnson&Johnson, Moderna, Novavax, Pfizer/BioNTech, Pfizer/BioNTech Kids",6967255,6881555,4260656,25479,13848810
2022-07-26,"Johnson&Johnson, Moderna, Novavax, Pfizer/BioNTech, Pfizer/BioNTech Kids",6967363,6881630,4261840,30864,13848993
2022-07-27,"Johnson&Johnson, Moderna, Novavax, Pfizer/BioNTech, Pfizer/BioNTech Kids",6967491,6881720,4263580,37285,13849211
2022-07-28,"Johnson&Johnson, Moderna, Novavax, Pfizer/BioNTech, Pfizer/BioNTech Kids",6967610,6881849,4265099,42845,13849459
2022-07-29,"Johnson&Johnson, Moderna, Novavax, Pfizer/BioNTech, Pfizer/BioNTech Kids",6967852,6882063,4267672,49268,13849915
2022-07-30,"Johnson&Johnson, Moderna, Novavax, Pfizer/BioNTech, Pfizer/BioNTech Kids",6967868,6882078,4267863,49972,13849946
2022-07-31,"Johnson&Johnson, Moderna, Pfizer/BioNTech, Pfizer/BioNTech Kids",6967881,6882083,4267951,50083,13849964
2022-08-01,"Johnson&Johnson, Moderna, Novavax, Pfizer/BioNTech, Pfizer/BioNTech Kids",6967976,6882175,4268869,52763,13850151
2022-08-02,"Johnson&Johnson, Moderna, Novavax, Pfizer/BioNTech, Pfizer/BioNTech Kids",6968090,6882263,4269934,57006,13850353
2022-08-03,"Johnson&Johnson, Moderna, Novavax, Pfizer/BioNTech, Pfizer/BioNTech Kids",6968229,6882401,4271272,61538,13850630
2022-08-04,"Johnson&Johnson, Moderna, Novavax, Pfizer/BioNTech, Pfizer/BioNTech Kids",6968375,6882562,4272723,66667,13850937
2022-08-05,"Johnson&Johnson, Moderna, Novavax, Pfizer/BioNTech, Pfizer/BioNTech Kids",6968612,6882814,4274756,72284,13851426
2022-08-06,"Johnson&Johnson, Moderna, Novavax, Pfizer/BioNTech, Pfizer/BioNTech Kids, Čína",6968629,6882842,4275054,72511,13851471
2022-08-07,"Moderna, Pfizer/BioNTech, Pfizer/BioNTech Kids",6968634,6882846,4275120,72592,13851480
2022-08-08,"Johnson&Johnson, Moderna, Novavax, Pfizer/BioNTech, Pfizer/BioNTech Kids, Čína",6968735,6882959,4275899,75528,13851694
2022-08-09,"Johnson&Johnson, Moderna, Novavax, Pfizer/BioNTech, Pfizer/BioNTech Kids",6968844,6883044,4276988,80058,13851888
2022-08-10,"Johnson&Johnson, Moderna, Novavax, Pfizer/BioNTech, Pfizer/BioNTech Kids",6968968,6883152,4278136,84824,13852120
2022-08-11,"Johnson&Johnson, Moderna, Novavax, Pfizer/BioNTech, Pfizer/BioNTech Kids",6969075,6883285,4279294,89698,13852360
2022-08-12,"Johnson&Johnson, Moderna, Novavax, Pfizer/BioNTech, Pfizer/BioNTech Kids",6969220,6883497,4281105,95141,13852717
2022-08-13,"Johnson&Johnson, Moderna, Pfizer/BioNTech, Pfizer/BioNTech Kids",6969235,6883526,4281199,95329,13852761
2022-08-14,"Moderna, Pfizer/BioNTech, Pfizer/BioNTech Kids",6969238,6883530,4281250,95368,13852768
2022-08-15,"Johnson&Johnson, Moderna, Novavax, Pfizer/BioNTech, Pfizer/BioNTech Kids",6969330,6883649,4282050,98448,13852979
2022-08-16,"Johnson&Johnson, Moderna, Novavax, Pfizer/BioNTech, Pfizer/BioNTech Kids",6969427,6883758,4282977,102724,13853185
2022-08-17,"Johnson&Johnson, Moderna, Novavax, Pfizer/BioNTech, Pfizer/BioNTech Kids, Čína",6969515,6883885,4284007,108096,13853400
2022-08-18,"Johnson&Johnson, Moderna, Novavax, Pfizer/BioNTech, Pfizer/BioNTech Kids",6969623,6884028,4285191,114045,13853651
2022-08-19,"Johnson&Johnson, Moderna, Novavax, Pfizer/BioNTech, Pfizer/BioNTech Kids",6969799,6884246,4287024,121082,13854045
2022-08-20,"Moderna, Novavax, Oxford/AstraZeneca, Pfizer/BioNTech, Pfizer/BioNTech Kids",6969810,6884257,4287195,121977,13854067
2022-08-21,"Moderna, Pfizer/BioNTech, Pfizer/BioNTech Kids",6969813,6884267,4287246,122193,13854080
2022-08-22,"Johnson&Johnson, Moderna, Novavax, Oxford/AstraZeneca, Pfizer/BioNTech, Pfizer/BioNTech Kids",6969901,6884371,4288022,126010,13854272
2022-08-23,"Johnson&Johnson, Moderna, Novavax, Pfizer/BioNTech, Pfizer/BioNTech Kids",6970033,6884508,4288950,130710,13854541
2022-08-24,"Johnson&Johnson, Moderna, Novavax, Pfizer/BioNTech, Pfizer/BioNTech Kids",6970129,6884642,4290022,136130,13854771
2022-08-25,"Johnson&Johnson, Moderna, Novavax, Pfizer/BioNTech, Pfizer/BioNTech Kids",6970245,6884754,4291225,142301,13854999
2022-08-26,"Johnson&Johnson, Moderna, Novavax, Pfizer/BioNTech, Pfizer/BioNTech Kids",6970411,6884987,4292906,149017,13855398
2022-08-27,"Johnson&Johnson, Moderna, Novavax, Pfizer/BioNTech, Pfizer/BioNTech Kids",6970447,6885016,4293130,149363,13855463
2022-08-28,"Moderna, Novavax, Pfizer/BioNTech, Pfizer/BioNTech Kids",6970455,6885028,4293175,149447,13855483
2022-08-29,"Johnson&Johnson, Moderna, Novavax, Pfizer/BioNTech, Pfizer/BioNTech Kids",6970531,6885128,4293951,152927,13855659
2022-08-30,"Johnson&Johnson, Moderna, Novavax, Pfizer/BioNTech, Pfizer/BioNTech Kids",6970625,6885229,4294864,157910,13855854
2022-08-31,"Johnson&Johnson, Moderna, Novavax, Pfizer/BioNTech, Pfizer/BioNTech Kids",6970747,6885368,4295856,162501,13856115
2022-09-01,"Johnson&Johnson, Moderna, Novavax, Pfizer/BioNTech, Pfizer/BioNTech Kids",6970857,6885485,4296815,168219,13856342
2022-09-02,"Johnson&Johnson, Moderna, Novavax, Pfizer/BioNTech, Pfizer/BioNTech Kids",6971031,6885680,4298169,174427,13856711
2022-09-03,"Johnson&Johnson, Moderna, Novavax, Pfizer/BioNTech, Pfizer/BioNTech Kids",6971046,6885696,4298249,174535,13856742
2022-09-04,"Moderna, Pfizer/BioNTech, Pfizer/BioNTech Kids",6971051,6885697,4298281,174569,13856748
2022-09-05,"Johnson&Johnson, Moderna, Novavax, Pfizer/BioNTech, Pfizer/BioNTech Kids",6971128,6885795,4299013,178403,13856923
2022-09-06,"Johnson&Johnson, Moderna, Novavax, Pfizer/BioNTech, Pfizer/BioNTech Kids, Čína",6971205,6885887,4299739,183157,13857092
2022-09-07,"Johnson&Johnson, Moderna, Novavax, Oxford/AstraZeneca, Pfizer/BioNTech, Pfizer/BioNTech Kids, Pfizer/BioNTech original + BA.1",6971285,6885977,4300637,188936,13857262
2022-09-08,"Johnson&Johnson, Moderna, Novavax, Pfizer/BioNTech, Pfizer/BioNTech Kids, Pfizer/BioNTech original + BA.1",6971376,6886073,4301636,194900,13857449
2022-09-09,"Johnson&Johnson, Moderna, Novavax, Pfizer/BioNTech, Pfizer/BioNTech Kids, Pfizer/BioNTech original + BA.1, Pfizer/BioNTech original + BA.4/5",6971525,6886218,4302806,200626,13857743
2022-09-10,"Moderna, Novavax, Pfizer/BioNTech, Pfizer/BioNTech Kids, Pfizer/BioNTech original + BA.1",6971536,6886233,4302892,200772,13857769
2022-09-11,"Moderna, Pfizer/BioNTech, Pfizer/BioNTech Kids, Pfizer/BioNTech original + BA.1",6971544,6886236,4302915,200810,13857780
2022-09-12,"Johnson&Johnson, Moderna, Moderna bivalent BA.1, Novavax, Pfizer/BioNTech, Pfizer/BioNTech Kids, Pfizer/BioNTech original + BA.1, Pfizer/BioNTech original + BA.4/5",6971640,6886333,4303519,204186,13857973
2022-09-13,"Johnson&Johnson, Moderna, Novavax, Pfizer/BioNTech, Pfizer/BioNTech Kids, Pfizer/BioNTech original + BA.1",6971728,6886426,4304241,209428,13858154
2022-09-14,"Johnson&Johnson, Moderna, Novavax, Pfizer/BioNTech, Pfizer/BioNTech Kids, Pfizer/BioNTech original + BA.1, Pfizer/BioNTech original + BA.4/5",6971823,6886536,4305070,215664,13858359
2022-09-15,"Johnson&Johnson, Moderna, Novavax, Oxford/AstraZeneca, Pfizer/BioNTech, Pfizer/BioNTech Kids, Pfizer/BioNTech original + BA.1, Pfizer/BioNTech original + BA.4/5",6971926,6886632,4306071,223040,13858558
2022-09-16,"Johnson&Johnson, Moderna, Moderna bivalent BA.1, Novavax, Pfizer/BioNTech, Pfizer/BioNTech Kids, Pfizer/BioNTech original + BA.1, Pfizer/BioNTech original + BA.4/5",6972076,6886810,4307446,232282,13858886
2022-09-17,"Johnson&Johnson, Moderna, Pfizer/BioNTech, Pfizer/BioNTech Kids, Pfizer/BioNTech original + BA.1",6972084,6886830,4307638,233118,13858914
2022-09-18,"Johnson&Johnson, Moderna, Novavax, Pfizer/BioNTech, Pfizer/BioNTech Kids, Pfizer/BioNTech original + BA.1, Pfizer/BioNTech original + BA.4/5",6972090,6886839,4307715,233350,13858929
2022-09-19,"Johnson&Johnson, Moderna, Moderna bivalent BA.1, Novavax, Pfizer/BioNTech, Pfizer/BioNTech Kids, Pfizer/BioNTech original + BA.1, Pfizer/BioNTech original + BA.4/5",6972154,6886900,4308356,238912,13859054
2022-09-20,"Johnson&Johnson, Moderna, Novavax, Pfizer/BioNTech, Pfizer/BioNTech Kids, Pfizer/BioNTech original + BA.1, Pfizer/BioNTech original + BA.4/5",6972245,6886974,4309272,247051,13859219
2022-09-21,"Moderna, Moderna bivalent BA.1, Novavax, Oxford/AstraZeneca, Pfizer/BioNTech, Pfizer/BioNTech Kids, Pfizer/BioNTech original + BA.1, Pfizer/BioNTech original + BA.4/5",6972330,6887073,4310322,256592,13859403
2022-09-22,"Johnson&Johnson, Moderna, Moderna bivalent BA.1, Novavax, Pfizer/BioNTech, Pfizer/BioNTech Kids, Pfizer/BioNTech original + BA.1, Pfizer/BioNTech original + BA.4/5",6972393,6887164,4311222,266006,13859557
2022-09-23,"Johnson&Johnson, Moderna, Moderna bivalent BA.1, Novavax, Pfizer/BioNTech, Pfizer/BioNTech Kids, Pfizer/BioNTech original + BA.1, Pfizer/BioNTech original + BA.4/5",6972515,6887315,4312440,276710,13859830
2022-09-24,"Moderna, Moderna bivalent BA.1, Novavax, Pfizer/BioNTech, Pfizer/BioNTech Kids, Pfizer/BioNTech original + BA.1, Pfizer/BioNTech original + BA.4/5",6972520,6887331,4312532,277085,13859851
2022-09-25,"Moderna, Pfizer/BioNTech, Pfizer/BioNTech original + BA.1, Pfizer/BioNTech original + BA.4/5",6972522,6887332,4312557,277230,13859854
2022-09-26,"Johnson&Johnson, Moderna, Moderna bivalent BA.1, Novavax, Pfizer/BioNTech, Pfizer/BioNTech Kids, Pfizer/BioNTech original + BA.1, Pfizer/BioNTech original + BA.4/5",6972555,6887401,4313255,283792,13859956
2022-09-27,"Johnson&Johnson, Moderna, Moderna bivalent BA.1, Novavax, Oxford/AstraZeneca, Pfizer/BioNTech, Pfizer/BioNTech Kids, Pfizer/BioNTech original + BA.1, Pfizer/BioNTech original + BA.4/5",6972634,6887506,4314123,292551,13860140
2022-09-28,"Moderna, Pfizer/BioNTech, Pfizer/BioNTech Kids, Pfizer/BioNTech original + BA.1, Pfizer/BioNTech original + BA.4/5",6972637,6887507,4314136,292619,13860144
2022-09-29,"Johnson&Johnson, Moderna, Moderna bivalent BA.1, Novavax, Pfizer/BioNTech, Pfizer/BioNTech Kids, Pfizer/BioNTech original + BA.1, Pfizer/BioNTech original + BA.4/5",6972698,6887599,4315082,301879,13860297
2022-09-30,"Johnson&Johnson, Moderna, Moderna bivalent BA.1, Novavax, Pfizer/BioNTech, Pfizer/BioNTech Kids, Pfizer/BioNTech original + BA.1, Pfizer/BioNTech original + BA.4/5",6972829,6887767,4316469,313369,13860596
2022-10-01,"Moderna, Moderna bivalent BA.1, Pfizer/BioNTech, Pfizer/BioNTech Kids, Pfizer/BioNTech original + BA.1, Pfizer/BioNTech original + BA.4/5",6972837,6887778,4316565,313933,13860615
2022-10-02,"Moderna bivalent BA.1, Novavax, Pfizer/BioNTech, Pfizer/BioNTech original + BA.4/5",6972840,6887779,4316641,314470,13860619
2022-10-03,"Johnson&Johnson, Moderna, Moderna bivalent BA.1, Novavax, Pfizer/BioNTech, Pfizer/BioNTech Kids, Pfizer/BioNTech original + BA.1, Pfizer/BioNTech original + BA.4/5",6972929,6887865,4317410,322415,13860794
2022-10-04,"Johnson&Johnson, Moderna, Moderna bivalent BA.1, Novavax, Pfizer/BioNTech, Pfizer/BioNTech Kids, Pfizer/BioNTech original + BA.1, Pfizer/BioNTech original + BA.4/5, Čína",6973010,6887961,4318253,332565,13860971
2022-10-05,"Johnson&Johnson, Moderna, Moderna bivalent BA.1, Novavax, Pfizer/BioNTech, Pfizer/BioNTech Kids, Pfizer/BioNTech original + BA.1, Pfizer/BioNTech original + BA.4/5",6973075,6888052,4319295,344437,13861127
2022-10-06,"Johnson&Johnson, Moderna, Moderna bivalent BA.1, Novavax, Pfizer/BioNTech, Pfizer/BioNTech Kids, Pfizer/BioNTech original + BA.1, Pfizer/BioNTech original + BA.4/5, Čína",6973167,6888186,4320485,357776,13861353
2022-10-07,"Johnson&Johnson, Moderna, Moderna bivalent BA.1, Novavax, Pfizer/BioNTech, Pfizer/BioNTech Kids, Pfizer/BioNTech original + BA.1, Pfizer/BioNTech original + BA.4/5",6973307,6888347,4322105,374712,13861654
2022-10-08,"Moderna bivalent BA.1, Novavax, Pfizer/BioNTech, Pfizer/BioNTech Kids, Pfizer/BioNTech original + BA.1, Pfizer/BioNTech original + BA.4/5",6973323,6888353,4322240,375662,13861676
2022-10-09,"Moderna bivalent BA.1, Pfizer/BioNTech, Pfizer/BioNTech original + BA.1, Pfizer/BioNTech original + BA.4/5",6973323,6888354,4322269,375816,13861677
2022-10-10,"Johnson&Johnson, Moderna, Moderna bivalent BA.1, Novavax, Pfizer/BioNTech, Pfizer/BioNTech Kids, Pfizer/BioNTech original + BA.1, Pfizer/BioNTech original + BA.4/5",6973368,6888425,4323035,385065,13861793
2022-10-11,"Johnson&Johnson, Moderna, Moderna bivalent BA.1, Novavax, Pfizer/BioNTech, Pfizer/BioNTech Kids, Pfizer/BioNTech original + BA.1, Pfizer/BioNTech original + BA.4/5",6973434,6888526,4324118,397764,13861960
2022-10-12,"Moderna, Moderna bivalent BA.1, Novavax, Pfizer/BioNTech, Pfizer/BioNTech Kids, Pfizer/BioNTech original + BA.1, Pfizer/BioNTech original + BA.4/5",6973531,6888622,4325385,411550,13862153
2022-10-13,"Johnson&Johnson, Moderna, Moderna bivalent BA.1, Novavax, Pfizer/BioNTech, Pfizer/BioNTech Kids, Pfizer/BioNTech original + BA.1, Pfizer/BioNTech original + BA.4/5",6973616,6888719,4326712,426473,13862335
2022-10-14,"Johnson&Johnson, Moderna, Moderna bivalent BA.1, Novavax, Pfizer/BioNTech, Pfizer/BioNTech Kids, Pfizer/BioNTech original + BA.1, Pfizer/BioNTech original + BA.4/5",6973749,6888864,4328664,445222,13862613
2022-10-15,"Moderna bivalent BA.1, Pfizer/BioNTech, Pfizer/BioNTech Kids, Pfizer/BioNTech original + BA.1, Pfizer/BioNTech original + BA.4/5",6973764,6888875,4328825,446462,13862639
2022-10-16,"Moderna, Moderna bivalent BA.1, Novavax, Pfizer/BioNTech, Pfizer/BioNTech Kids, Pfizer/BioNTech original + BA.1, Pfizer/BioNTech original + BA.4/5",6973765,6888878,4328854,446636,13862643
2022-10-17,"Johnson&Johnson, Moderna, Moderna bivalent BA.1, Novavax, Pfizer/BioNTech, Pfizer/BioNTech Kids, Pfizer/BioNTech original + BA.1, Pfizer/BioNTech original + BA.4/5",6973819,6888931,4329703,455348,13862750
2022-10-18,"Johnson&Johnson, Moderna, Moderna bivalent BA.1, Novavax, Pfizer/BioNTech, Pfizer/BioNTech Kids, Pfizer/BioNTech original + BA.1, Pfizer/BioNTech original + BA.4/5",6973882,6888994,4330826,467893,13862876
2022-10-19,"Johnson&Johnson, Moderna, Moderna bivalent BA.1, Novavax, Pfizer/BioNTech, Pfizer/BioNTech Kids, Pfizer/BioNTech original + BA.1, Pfizer/BioNTech original + BA.4/5",6973935,6889051,4332056,481383,13862986
2022-10-20,"Johnson&Johnson, Moderna, Moderna bivalent BA.1, Novavax, Pfizer/BioNTech, Pfizer/BioNTech Kids, Pfizer/BioNTech original + BA.1, Pfizer/BioNTech original + BA.4/5",6974002,6889118,4333376,496763,13863120
2022-10-21,"Johnson&Johnson, Moderna, Moderna bivalent BA.1, Novavax, Pfizer/BioNTech, Pfizer/BioNTech Kids, Pfizer/BioNTech original + BA.1, Pfizer/BioNTech original + BA.4/5",6974121,6889227,4335207,515529,13863348
2022-10-22,"Johnson&Johnson, Moderna, Moderna bivalent BA.1, Novavax, Pfizer/BioNTech, Pfizer/BioNTech Kids, Pfizer/BioNTech original + BA.1, Pfizer/BioNTech original + BA.4/5",6974138,6889242,4335351,517055,13863380
2022-10-23,"Moderna, Moderna bivalent BA.1, Novavax, Pfizer/BioNTech, Pfizer/BioNTech Kids, Pfizer/BioNTech original + BA.1, Pfizer/BioNTech original + BA.4/5",6974140,6889246,4335379,517218,13863386
2022-10-24,"Johnson&Johnson, Moderna, Moderna bivalent BA.1, Novavax, Pfizer/BioNTech, Pfizer/BioNTech Kids, Pfizer/BioNTech original + BA.1, Pfizer/BioNTech original + BA.4/5",6974171,6889299,4336162,525982,13863470
2022-10-25,"Johnson&Johnson, Moderna, Moderna bivalent BA.1, Novavax, Pfizer/BioNTech, Pfizer/BioNTech Kids, Pfizer/BioNTech original + BA.1, Pfizer/BioNTech original + BA.4/5",6974237,6889376,4337145,537856,13863613
2022-10-26,"Johnson&Johnson, Moderna, Moderna bivalent BA.1, Novavax, Pfizer/BioNTech, Pfizer/BioNTech Kids, Pfizer/BioNTech original + BA.1, Pfizer/BioNTech original + BA.4/5",6974292,6889432,4338237,550221,13863724
2022-10-27,"Johnson&Johnson, Moderna, Moderna bivalent BA.1, Novavax, Pfizer/BioNTech, Pfizer/BioNTech Kids, Pfizer/BioNTech original + BA.1, Pfizer/BioNTech original + BA.4/5",6974326,6889518,4339482,563628,13863844
2022-10-28,"Moderna, Pfizer/BioNTech, Pfizer/BioNTech original + BA.1, Pfizer/BioNTech original + BA.4/5",6974330,6889522,4339520,564087,13863852
2022-10-29,"Johnson&Johnson, Moderna, Moderna bivalent BA.1, Novavax, Pfizer/BioNTech, Pfizer/BioNTech Kids, Pfizer/BioNTech original + BA.1, Pfizer/BioNTech original + BA.4/5",6974336,6889537,4339651,564997,13863873
2022-10-30,"Moderna, Moderna bivalent BA.1, Pfizer/BioNTech, Pfizer/BioNTech Kids, Pfizer/BioNTech original + BA.4/5",6974339,6889540,4339672,565430,13863879
2022-10-31,"Johnson&Johnson, Moderna, Moderna bivalent BA.1, Novavax, Pfizer/BioNTech, Pfizer/BioNTech Kids, Pfizer/BioNTech original + BA.1, Pfizer/BioNTech original + BA.4/5",6974391,6889629,4340304,572356,13864020
2022-11-01,"Johnson&Johnson, Moderna, Moderna bivalent BA.1, Novavax, Pfizer/BioNTech, Pfizer/BioNTech Kids, Pfizer/BioNTech original + BA.1, Pfizer/BioNTech original + BA.4/5",6974438,6889684,4341104,582491,13864122
2022-11-02,"Johnson&Johnson, Moderna, Moderna bivalent BA.1, Novavax, Pfizer/BioNTech, Pfizer/BioNTech Kids, Pfizer/BioNTech original + BA.1, Pfizer/BioNTech original + BA.4/5",6974474,6889761,4341956,593242,13864235
2022-11-03,"Johnson&Johnson, Moderna, Moderna bivalent BA.1, Novavax, Pfizer/BioNTech, Pfizer/BioNTech Kids, Pfizer/BioNTech original + BA.1, Pfizer/BioNTech original + BA.4/5",6974516,6889842,4342839,604992,13864358
2022-11-04,"Johnson&Johnson, Moderna, Moderna bivalent BA.1, Novavax, Pfizer/BioNTech, Pfizer/BioNTech Kids, Pfizer/BioNTech original + BA.1, Pfizer/BioNTech original + BA.4/5",6974639,6889990,4344203,620268,13864629
2022-11-05,"Moderna bivalent BA.1, Novavax, Pfizer/BioNTech, Pfizer/BioNTech Kids, Pfizer/BioNTech original + BA.1, Pfizer/BioNTech original + BA.4/5",6974647,6890001,4344298,621095,13864648
2022-11-06,"Moderna bivalent BA.1, Novavax, Pfizer/BioNTech, Pfizer/BioNTech original + BA.1, Pfizer/BioNTech original + BA.4/5",6974649,6890001,4344324,621225,13864650
2022-11-07,"Johnson&Johnson, Moderna, Moderna bivalent BA.1, Novavax, Pfizer/BioNTech, Pfizer/BioNTech Kids, Pfizer/BioNTech original + BA.1, Pfizer/BioNTech original + BA.4/5",6974688,6890064,4344882,627964,13864752
2022-11-08,"Johnson&Johnson, Moderna, Moderna bivalent BA.1, Novavax, Pfizer/BioNTech, Pfizer/BioNTech Kids, Pfizer/BioNTech original + BA.1, Pfizer/BioNTech original + BA.4/5",6974736,6890130,4345559,637463,13864866
2022-11-09,"Johnson&Johnson, Moderna, Moderna bivalent BA.1, Novavax, Pfizer/BioNTech, Pfizer/BioNTech Kids, Pfizer/BioNTech original + BA.1, Pfizer/BioNTech original + BA.4/5",6974784,6890180,4346289,646150,13864964
2022-11-10,"Johnson&Johnson, Moderna, Moderna bivalent BA.1, Novavax, Pfizer/BioNTech, Pfizer/BioNTech Kids, Pfizer/BioNTech original + BA.1, Pfizer/BioNTech original + BA.4/5",6974842,6890246,4347012,655248,13865088
2022-11-11,"Johnson&Johnson, Moderna, Moderna bivalent BA.1, Novavax, Pfizer/BioNTech, Pfizer/BioNTech Kids, Pfizer/BioNTech original + BA.1, Pfizer/BioNTech original + BA.4/5",6974934,6890371,4347969,666231,13865305
2022-11-12,"Johnson&Johnson, Moderna bivalent BA.1, Novavax, Pfizer/BioNTech, Pfizer/BioNTech Kids, Pfizer/BioNTech original + BA.4/5",6974940,6890378,4348006,666469,13865318
2022-11-13,"Moderna, Novavax, Pfizer/BioNTech original + BA.4/5",6974941,6890380,4348027,666568,13865321
2022-11-14,"Johnson&Johnson, Moderna, Moderna bivalent BA.1, Novavax, Pfizer/BioNTech, Pfizer/BioNTech Kids, Pfizer/BioNTech original + BA.1, Pfizer/BioNTech original + BA.4/5",6974983,6890433,4348398,671567,13865416
2022-11-15,"Johnson&Johnson, Moderna, Moderna bivalent BA.1, Novavax, Pfizer/BioNTech, Pfizer/BioNTech Kids, Pfizer/BioNTech original + BA.1, Pfizer/BioNTech original + BA.4/5",6975038,6890502,4348986,679107,13865540
2022-11-16,"Johnson&Johnson, Moderna, Moderna bivalent BA.1, Novavax, Pfizer/BioNTech, Pfizer/BioNTech Kids, Pfizer/BioNTech original + BA.1, Pfizer/BioNTech original + BA.4/5",6975086,6890578,4349635,687212,13865664
2022-11-17,"Moderna, Moderna bivalent BA.1, Pfizer/BioNTech, Pfizer/BioNTech original + BA.1, Pfizer/BioNTech original + BA.4/5",6975087,6890579,4349652,687419,13865666
2022-11-18,"Johnson&Johnson, Moderna, Moderna bivalent BA.1, Novavax, Pfizer/BioNTech, Pfizer/BioNTech Kids, Pfizer/BioNTech original + BA.1, Pfizer/BioNTech original + BA.4/5",6975141,6890626,4350211,693735,13865767
2022-11-19,"Johnson&Johnson, Moderna bivalent BA.1, Novavax, Pfizer/BioNTech, Pfizer/BioNTech Kids, Pfizer/BioNTech original + BA.4/5",6975143,6890629,4350241,694047,13865772
2022-11-20,"Moderna bivalent BA.1, Pfizer/BioNTech, Pfizer/BioNTech original + BA.1, Pfizer/BioNTech original + BA.4/5",6975146,6890630,4350268,694337,13865776
2022-11-21,"Johnson&Johnson, Moderna, Moderna bivalent BA.1, Novavax, Pfizer/BioNTech, Pfizer/BioNTech Kids, Pfizer/BioNTech original + BA.1, Pfizer/BioNTech original + BA.4/5",6975190,6890680,4350572,698478,13865870
2022-11-22,"Johnson&Johnson, Moderna, Moderna bivalent BA.1, Novavax, Pfizer/BioNTech, Pfizer/BioNTech Kids, Pfizer/BioNTech original + BA.1, Pfizer/BioNTech original + BA.4/5",6975231,6890753,4351007,704217,13865984
2022-11-23,"Johnson&Johnson, Moderna, Moderna bivalent BA.1, Novavax, Pfizer/BioNTech, Pfizer/BioNTech Kids, Pfizer/BioNTech original + BA.1, Pfizer/BioNTech original + BA.4/5",6975267,6890795,4351503,709913,13866062
2022-11-24,"Johnson&Johnson, Moderna, Moderna bivalent BA.1, Novavax, Pfizer/BioNTech, Pfizer/BioNTech Kids, Pfizer/BioNTech original + BA.1, Pfizer/BioNTech original + BA.4/5",6975311,6890838,4352020,716537,13866149
2022-11-25,"Johnson&Johnson, Moderna, Moderna bivalent BA.1, Novavax, Pfizer/BioNTech, Pfizer/BioNTech Kids, Pfizer/BioNTech original + BA.1, Pfizer/BioNTech original + BA.4/5",6975393,6890942,4352647,724660,13866335
2022-11-26,"Moderna, Moderna bivalent BA.1, Pfizer/BioNTech, Pfizer/BioNTech Kids, Pfizer/BioNTech original + BA.4/5",6975397,6890954,4352701,724821,13866351
2022-11-27,"Pfizer/BioNTech, Pfizer/BioNTech Kids, Pfizer/BioNTech original + BA.4/5",6975397,6890955,4352722,724910,13866352
2022-11-28,"Johnson&Johnson, Moderna, Moderna bivalent BA.1, Novavax, Pfizer/BioNTech, Pfizer/BioNTech Kids, Pfizer/BioNTech original + BA.1, Pfizer/BioNTech original + BA.4/5",6975418,6890986,4352974,727847,13866404
2022-11-29,"Johnson&Johnson, Moderna, Moderna bivalent BA.1, Novavax, Pfizer/BioNTech, Pfizer/BioNTech Kids, Pfizer/BioNTech original + BA.1, Pfizer/BioNTech original + BA.4/5",6975450,6891037,4353350,732328,13866487
2022-11-30,"Moderna, Moderna bivalent BA.1, Novavax, Pfizer/BioNTech, Pfizer/BioNTech Kids, Pfizer/BioNTech original + BA.1, Pfizer/BioNTech original + BA.4/5",6975502,6891091,4353743,736637,13866593
2022-12-01,"Johnson&Johnson, Moderna, Moderna bivalent BA.1, Novavax, Pfizer/BioNTech, Pfizer/BioNTech Kids, Pfizer/BioNTech original + BA.1, Pfizer/BioNTech original + BA.4/5",6975533,6891121,4354066,740648,13866654
2022-12-02,"Johnson&Johnson, Moderna, Moderna bivalent BA.1, Novavax, Pfizer/BioNTech, Pfizer/BioNTech Kids, Pfizer/BioNTech original + BA.1, Pfizer/BioNTech original + BA.4/5",6975565,6891168,4354452,745209,13866733
2022-12-03,"Moderna bivalent BA.1, Pfizer/BioNTech, Pfizer/BioNTech Kids, Pfizer/BioNTech original + BA.1, Pfizer/BioNTech original + BA.4/5",6975565,6891182,4354491,745646,13866747
2022-12-04,"Moderna, Moderna bivalent BA.1, Pfizer/BioNTech, Pfizer/BioNTech Kids, Pfizer/BioNTech original + BA.4/5",6975567,6891182,4354502,745696,13866749
2022-12-05,"Johnson&Johnson, Moderna, Moderna bivalent BA.1, Novavax, Pfizer/BioNTech, Pfizer/BioNTech Kids, Pfizer/BioNTech original + BA.1, Pfizer/BioNTech original + BA.4/5",6975595,6891210,4354719,747752,13866805
2022-12-06,"Johnson&Johnson, Moderna, Moderna bivalent BA.1, Novavax, Pfizer/BioNTech, Pfizer/BioNTech Kids, Pfizer/BioNTech original + BA.1, Pfizer/BioNTech original + BA.4/5",6975613,6891241,4354953,750935,13866854
2022-12-07,"Johnson&Johnson, Moderna, Moderna bivalent BA.1, Novavax, Pfizer/BioNTech, Pfizer/BioNTech Kids, Pfizer/BioNTech original + BA.1, Pfizer/BioNTech original + BA.4/5",6975646,6891289,4355283,754363,13866935
2022-12-08,"Johnson&Johnson, Moderna, Moderna bivalent BA.1, Novavax, Pfizer/BioNTech, Pfizer/BioNTech Kids, Pfizer/BioNTech original + BA.1, Pfizer/BioNTech original + BA.4/5",6975673,6891318,4355613,757735,13866991
2022-12-09,"Johnson&Johnson, Moderna, Moderna bivalent BA.1, Novavax, Pfizer/BioNTech, Pfizer/BioNTech Kids, Pfizer/BioNTech original + BA.1, Pfizer/BioNTech original + BA.4/5",6975711,6891361,4355962,761108,13867072
2022-12-10,"Moderna bivalent BA.1, Novavax, Pfizer/BioNTech, Pfizer/BioNTech Kids, Pfizer/BioNTech original + BA.4/5",6975713,6891363,4355988,761177,13867076
2022-12-11,"Novavax, Pfizer/BioNTech, Pfizer/BioNTech Kids, Pfizer/BioNTech original + BA.4/5",6975715,6891365,4356006,761210,13867080
2022-12-12,"Johnson&Johnson, Moderna, Moderna bivalent BA.1, Novavax, Pfizer/BioNTech, Pfizer/BioNTech Kids, Pfizer/BioNTech original + BA.1, Pfizer/BioNTech original + BA.4/5",6975733,6891407,4356149,762519,13867140
2022-12-13,"Johnson&Johnson, Moderna, Moderna bivalent BA.1, Novavax, Pfizer/BioNTech, Pfizer/BioNTech Kids, Pfizer/BioNTech original + BA.1, Pfizer/BioNTech original + BA.4/5",6975763,6891436,4356349,764560,13867199
2022-12-14,"Moderna, Moderna bivalent BA.1, Novavax, Pfizer/BioNTech, Pfizer/BioNTech Kids, Pfizer/BioNTech original + BA.1, Pfizer/BioNTech original + BA.4/5",6975779,6891468,4356584,766565,13867247
2022-12-15,"Moderna, Moderna bivalent BA.1, Novavax, Pfizer/BioNTech, Pfizer/BioNTech Kids, Pfizer/BioNTech original + BA.1, Pfizer/BioNTech original + BA.4/5",6975797,6891498,4356830,768665,13867295
2022-12-16,"Johnson&Johnson, Moderna, Moderna bivalent BA.1, Novavax, Pfizer/BioNTech, Pfizer/BioNTech Kids, Pfizer/BioNTech original + BA.1, Pfizer/BioNTech original + BA.4/5",6975837,6891548,4357063,770931,13867385
2022-12-17,"Pfizer/BioNTech, Pfizer/BioNTech Kids, Pfizer/BioNTech original + BA.4/5",6975838,6891552,4357089,771038,13867390
2022-12-18,Pfizer/BioNTech original + BA.4/5,6975838,6891552,4357094,771061,13867390
2022-12-19,"Johnson&Johnson, Moderna, Moderna bivalent BA.1, Novavax, Pfizer/BioNTech, Pfizer/BioNTech Kids, Pfizer/BioNTech original + BA.1, Pfizer/BioNTech original + BA.4/5",6975856,6891583,4357228,771963,13867439
2022-12-20,"Johnson&Johnson, Moderna, Moderna bivalent BA.1, Novavax, Pfizer/BioNTech, Pfizer/BioNTech Kids, Pfizer/BioNTech original + BA.1, Pfizer/BioNTech original + BA.4/5",6975873,6891611,4357378,772829,13867484
2022-12-21,"Johnson&Johnson, Moderna, Moderna bivalent BA.1, Novavax, Pfizer/BioNTech, Pfizer/BioNTech Kids, Pfizer/BioNTech original + BA.1, Pfizer/BioNTech original + BA.4/5",6975893,6891640,4357504,773637,13867533
2022-12-22,"Moderna, Moderna bivalent BA.1, Novavax, Pfizer/BioNTech, Pfizer/BioNTech Kids, Pfizer/BioNTech original + BA.1, Pfizer/BioNTech original + BA.4/5",6975918,6891668,4357623,774175,13867586
2022-12-23,"Johnson&Johnson, Moderna, Moderna bivalent BA.1, Pfizer/BioNTech, Pfizer/BioNTech Kids, Pfizer/BioNTech original + BA.1, Pfizer/BioNTech original + BA.4/5",6975928,6891687,4357657,774321,13867615
2022-12-25,Pfizer/BioNTech,6975928,6891687,4357657,774322,13867615
2022-12-26,Johnson&Johnson,6975929,6891688,4357657,774322,13867617
2022-12-27,"Moderna, Novavax, Pfizer/BioNTech, Pfizer/BioNTech original + BA.1, Pfizer/BioNTech original + BA.4/5",6975930,6891700,4357677,774484,13867630
2022-12-28,"Johnson&Johnson, Moderna, Moderna bivalent BA.1, Novavax, Pfizer/BioNTech, Pfizer/BioNTech Kids, Pfizer/BioNTech original + BA.1, Pfizer/BioNTech original + BA.4/5",6975945,6891719,4357752,774808,13867664
2022-12-29,"Novavax, Pfizer/BioNTech, Pfizer/BioNTech Kids, Pfizer/BioNTech original + BA.1, Pfizer/BioNTech original + BA.4/5",6975949,6891733,4357802,775049,13867682
2022-12-30,"Johnson&Johnson, Moderna, Moderna bivalent BA.1, Pfizer/BioNTech, Pfizer/BioNTech Kids, Pfizer/BioNTech original + BA.1, Pfizer/BioNTech original + BA.4/5",6975957,6891752,4357851,775200,13867709
2022-12-31,"Novavax, Pfizer/BioNTech original + BA.4/5",6975957,6891754,4357852,775205,13867711
2023-01-01,"Pfizer/BioNTech, Pfizer/BioNTech original + BA.4/5",6975957,6891754,4357854,775208,13867711
2023-01-02,"Johnson&Johnson, Moderna, Moderna bivalent BA.1, Pfizer/BioNTech, Pfizer/BioNTech Kids, Pfizer/BioNTech original + BA.1, Pfizer/BioNTech original + BA.4/5",6975983,6891775,4357933,775541,13867758
2023-01-03,"Johnson&Johnson, Moderna, Moderna bivalent BA.1, Novavax, Pfizer/BioNTech, Pfizer/BioNTech Kids, Pfizer/BioNTech original + BA.1, Pfizer/BioNTech original + BA.4/5",6975993,6891807,4358008,775980,13867800
2023-01-04,"Johnson&Johnson, Moderna, Moderna bivalent BA.1, Novavax, Pfizer/BioNTech, Pfizer/BioNTech Kids, Pfizer/BioNTech original + BA.1, Pfizer/BioNTech original + BA.4/5",6976018,6891833,4358146,776727,13867851
2023-01-05,"Johnson&Johnson, Moderna, Moderna bivalent BA.1, Novavax, Pfizer/BioNTech, Pfizer/BioNTech Kids, Pfizer/BioNTech original + BA.1, Pfizer/BioNTech original + BA.4/5",6976045,6891854,4358282,777553,13867899
2023-01-06,"Johnson&Johnson, Moderna, Moderna bivalent BA.1, Novavax, Pfizer/BioNTech, Pfizer/BioNTech Kids, Pfizer/BioNTech original + BA.1, Pfizer/BioNTech original + BA.4/5",6976097,6891928,4358558,778983,13868025
2023-01-07,"Pfizer/BioNTech, Pfizer/BioNTech Kids, Pfizer/BioNTech original + BA.4/5",6976099,6891933,4358586,779121,13868032
2023-01-08,"Pfizer/BioNTech, Pfizer/BioNTech original + BA.4/5",6976100,6891933,4358595,779140,13868033
2023-01-09,"Johnson&Johnson, Moderna, Moderna bivalent BA.1, Novavax, Pfizer/BioNTech, Pfizer/BioNTech Kids, Pfizer/BioNTech original + BA.1, Pfizer/BioNTech original + BA.4/5",6976155,6891982,4358730,779801,13868137
2023-01-10,"Johnson&Johnson, Moderna, Moderna bivalent BA.1, Pfizer/BioNTech, Pfizer/BioNTech Kids, Pfizer/BioNTech original + BA.1, Pfizer/BioNTech original + BA.4/5",6976200,6892003,4358864,780548,13868203
2023-01-11,"Johnson&Johnson, Moderna, Moderna bivalent BA.1, Pfizer/BioNTech, Pfizer/BioNTech Kids, Pfizer/BioNTech original + BA.1, Pfizer/BioNTech original + BA.4/5",6976230,6892035,4359082,781656,13868265
2023-01-12,"Johnson&Johnson, Moderna, Moderna bivalent BA.1, Pfizer/BioNTech, Pfizer/BioNTech Kids, Pfizer/BioNTech original + BA.1, Pfizer/BioNTech original + BA.4/5",6976258,6892063,4359269,782675,13868321
2023-01-13,"Johnson&Johnson, Moderna, Moderna bivalent BA.1, Novavax, Pfizer/BioNTech, Pfizer/BioNTech Kids, Pfizer/BioNTech original + BA.1, Pfizer/BioNTech original + BA.4/5",6976313,6892117,4359498,783870,13868430
2023-01-14,"Johnson&Johnson, Pfizer/BioNTech, Pfizer/BioNTech Kids, Pfizer/BioNTech original + BA.4/5",6976319,6892121,4359523,783917,13868440
2023-01-15,"Moderna, Moderna bivalent BA.1, Pfizer/BioNTech, Pfizer/BioNTech original + BA.4/5",6976320,6892121,4359524,783947,13868441
