date,vaccine,people_vaccinated,people_fully_vaccinated,people_boosted_1,people_boosted_2,total_vaccinations
2020-12-27,Pfizer/BioNTech,1285,0,0,0,1285
2020-12-28,Pfizer/BioNTech,3586,0,0,0,3586
2020-12-29,Pfizer/BioNTech,7048,1,0,0,7049
2020-12-30,Pfizer/BioNTech,10562,1,0,0,10563
2020-12-31,Pfizer/BioNTech,11872,1,0,0,11873
2021-01-01,"Moderna, Pfizer/BioNTech",12137,1,0,0,12138
2021-01-02,"Moderna, Pfizer/BioNTech",13420,2,0,0,13422
2021-01-03,"Moderna, Pfizer/BioNTech",14347,2,0,0,14349
2021-01-04,"Moderna, Pfizer/BioNTech",17946,3,0,0,17949
2021-01-05,"Moderna, Pfizer/BioNTech",22450,4,0,0,22454
2021-01-06,"Moderna, Pfizer/BioNTech",28285,5,0,0,28290
2021-01-07,"Moderna, Pfizer/BioNTech",36268,5,0,0,36273
2021-01-08,"Moderna, Pfizer/BioNTech",46299,6,0,0,46305
2021-01-09,"Moderna, Pfizer/BioNTech",48326,7,0,0,48333
2021-01-10,"Indie/AstraZeneca, Pfizer/BioNTech",50101,9,0,0,50110
2021-01-11,"Moderna, Pfizer/BioNTech",59946,11,0,0,59957
2021-01-12,"Moderna, Pfizer/BioNTech",73382,13,0,0,73395
2021-01-13,"Indie/Bahrat Biotech, Moderna, Pfizer/BioNTech, Čína",86904,14,0,0,86918
2021-01-14,"Moderna, Pfizer/BioNTech",102134,18,0,0,102152
2021-01-15,"Moderna, Pfizer/BioNTech, Čína",116133,19,0,0,116152
2021-01-16,"Moderna, Pfizer/BioNTech",119530,23,0,0,119553
2021-01-17,"Moderna, Pfizer/BioNTech",122140,657,0,0,122797
2021-01-18,"Moderna, Pfizer/BioNTech",134602,2481,0,0,137083
2021-01-19,"Moderna, Pfizer/BioNTech",147185,5205,0,0,152390
2021-01-20,"Moderna, Pfizer/BioNTech",160854,7865,0,0,168719
2021-01-21,"Moderna, Pfizer/BioNTech",176488,9606,0,0,186094
2021-01-22,"Moderna, Pfizer/BioNTech",191343,10644,0,0,201987
2021-01-23,"Moderna, Pfizer/BioNTech",194653,11519,0,0,206172
2021-01-24,"Moderna, Pfizer/BioNTech",196903,12391,0,0,209294
2021-01-25,"Moderna, Pfizer/BioNTech",206544,15347,0,0,221891
2021-01-26,"Moderna, Pfizer/BioNTech",217061,19327,0,0,236388
2021-01-27,"Indie/Bahrat Biotech, Moderna, Pfizer/BioNTech, Čína",226073,23853,0,0,249926
2021-01-28,"Moderna, Pfizer/BioNTech",233167,29969,0,0,263136
2021-01-29,"Indie/AstraZeneca, Moderna, Pfizer/BioNTech, Čína",239374,37862,0,0,277236
2021-01-30,"Moderna, Pfizer/BioNTech",240112,38950,0,0,279062
2021-01-31,"Moderna, Pfizer/BioNTech",240830,40132,0,0,280962
2021-02-01,"Moderna, Pfizer/BioNTech",244804,48093,0,0,292897
2021-02-02,"Moderna, Pfizer/BioNTech",248957,58313,0,0,307270
2021-02-03,"Moderna, Pfizer/BioNTech",253376,69316,0,0,322692
2021-02-04,"Moderna, Pfizer/BioNTech",258266,82289,0,0,340555
2021-02-05,"Moderna, Pfizer/BioNTech",263728,92945,0,0,356673
2021-02-06,"Moderna, Oxford/AstraZeneca, Pfizer/BioNTech, Čína",264584,95308,0,0,359892
2021-02-07,"Moderna, Oxford/AstraZeneca, Pfizer/BioNTech",265433,97800,0,0,363233
2021-02-08,"Moderna, Oxford/AstraZeneca, Pfizer/BioNTech",269519,109203,0,0,378722
2021-02-09,"Moderna, Oxford/AstraZeneca, Pfizer/BioNTech",274618,121092,0,0,395710
2021-02-10,"Moderna, Oxford/AstraZeneca, Pfizer/BioNTech",280131,134324,0,0,414455
2021-02-11,"Indie/AstraZeneca, Moderna, Oxford/AstraZeneca, Pfizer/BioNTech",286467,150511,0,0,436978
2021-02-12,"Indie/AstraZeneca, Moderna, Oxford/AstraZeneca, Pfizer/BioNTech",293298,165226,0,0,458524
2021-02-13,"Moderna, Oxford/AstraZeneca, Pfizer/BioNTech",294915,168207,0,0,463122
2021-02-14,"Moderna, Oxford/AstraZeneca, Pfizer/BioNTech",295918,169588,0,0,465506
2021-02-15,"Moderna, Oxford/AstraZeneca, Pfizer/BioNTech",302306,178944,0,0,481250
2021-02-16,"Moderna, Oxford/AstraZeneca, Pfizer/BioNTech",311014,188003,0,0,499017
2021-02-17,"Moderna, Oxford/AstraZeneca, Pfizer/BioNTech",320702,196302,0,0,517004
2021-02-18,"Moderna, Oxford/AstraZeneca, Pfizer/BioNTech",333015,204380,0,0,537395
2021-02-19,"Moderna, Oxford/AstraZeneca, Pfizer/BioNTech",344869,211745,0,0,556614
2021-02-20,"Moderna, Oxford/AstraZeneca, Pfizer/BioNTech, Čína",346878,212925,0,0,559803
2021-02-21,"Moderna, Oxford/AstraZeneca, Pfizer/BioNTech",348014,213949,0,0,561963
2021-02-22,"Moderna, Oxford/AstraZeneca, Pfizer/BioNTech",358125,219978,0,0,578103
2021-02-23,"Moderna, Oxford/AstraZeneca, Pfizer/BioNTech",371078,226953,0,0,598031
2021-02-24,"Moderna, Oxford/AstraZeneca, Pfizer/BioNTech",384948,232982,0,0,617930
2021-02-25,"Moderna, Oxford/AstraZeneca, Pfizer/BioNTech",402901,238522,0,0,641423
2021-02-26,"Moderna, Oxford/AstraZeneca, Pfizer/BioNTech",419057,243874,0,0,662931
2021-02-27,"Moderna, Oxford/AstraZeneca, Pfizer/BioNTech",422061,244432,0,0,666493
2021-02-28,"Moderna, Oxford/AstraZeneca, Pfizer/BioNTech",424414,244981,0,0,669395
2021-03-01,"Moderna, Oxford/AstraZeneca, Pfizer/BioNTech",443978,248423,0,0,692401
2021-03-02,"Indie/AstraZeneca, Moderna, Oxford/AstraZeneca, Pfizer/BioNTech",471174,251974,0,0,723148
2021-03-03,"Moderna, Oxford/AstraZeneca, Pfizer/BioNTech",502083,256475,0,0,758558
2021-03-04,"Moderna, Oxford/AstraZeneca, Pfizer/BioNTech",535311,261151,0,0,796462
2021-03-05,"Johnson&Johnson, Moderna, Oxford/AstraZeneca, Pfizer/BioNTech",564136,266565,0,0,830701
2021-03-06,"Johnson&Johnson, Moderna, Oxford/AstraZeneca, Pfizer/BioNTech",576289,267431,0,0,843720
2021-03-07,"Johnson&Johnson, Moderna, Oxford/AstraZeneca, Pfizer/BioNTech",587818,268271,0,0,856089
2021-03-08,"Johnson&Johnson, Moderna, Oxford/AstraZeneca, Pfizer/BioNTech",617520,273125,0,0,890645
2021-03-09,"Johnson&Johnson, Moderna, Oxford/AstraZeneca, Pfizer/BioNTech",653841,279500,0,0,933341
2021-03-10,"Johnson&Johnson, Moderna, Oxford/AstraZeneca, Pfizer/BioNTech",695105,286457,0,0,981562
2021-03-11,"Indie/AstraZeneca, Johnson&Johnson, Moderna, Oxford/AstraZeneca, Pfizer/BioNTech",739883,294823,0,0,1034706
2021-03-12,"Johnson&Johnson, Moderna, Oxford/AstraZeneca, Pfizer/BioNTech, Čína",778573,303310,0,0,1081883
2021-03-13,"Johnson&Johnson, Moderna, Oxford/AstraZeneca, Pfizer/BioNTech",795649,304625,0,0,1100274
2021-03-14,"Johnson&Johnson, Moderna, Oxford/AstraZeneca, Pfizer/BioNTech",807750,305780,0,0,1113530
2021-03-15,"Johnson&Johnson, Moderna, Oxford/AstraZeneca, Pfizer/BioNTech",836098,314547,0,0,1150645
2021-03-16,"Johnson&Johnson, Moderna, Oxford/AstraZeneca, Pfizer/BioNTech",874924,325075,0,0,1199999
2021-03-17,"Moderna, Oxford/AstraZeneca, Pfizer/BioNTech",912349,335581,0,0,1247930
2021-03-18,"Indie/Bahrat Biotech, Johnson&Johnson, Moderna, Oxford/AstraZeneca, Pfizer/BioNTech",950292,347991,0,0,1298283
2021-03-19,"Johnson&Johnson, Moderna, Oxford/AstraZeneca, Pfizer/BioNTech",984755,361589,0,0,1346344
2021-03-20,"Indie/AstraZeneca, Johnson&Johnson, Moderna, Oxford/AstraZeneca, Pfizer/BioNTech",999919,363616,0,0,1363535
2021-03-21,"Indie, Johnson&Johnson, Moderna, Oxford/AstraZeneca, Pfizer/BioNTech, Čína",1007366,365174,0,0,1372540
2021-03-22,"Indie/AstraZeneca, Johnson&Johnson, Moderna, Oxford/AstraZeneca, Pfizer/BioNTech",1031910,377650,0,0,1409560
2021-03-23,"Johnson&Johnson, Moderna, Oxford/AstraZeneca, Pfizer/BioNTech",1058541,391009,0,0,1449550
2021-03-24,"Indie/AstraZeneca, Johnson&Johnson, Moderna, Oxford/AstraZeneca, Pfizer/BioNTech, Čína",1085402,406731,0,0,1492133
2021-03-25,"Indie/AstraZeneca, Johnson&Johnson, Moderna, Oxford/AstraZeneca, Pfizer/BioNTech",1111713,424558,0,0,1536271
2021-03-26,"Indie/AstraZeneca, Johnson&Johnson, Moderna, Oxford/AstraZeneca, Pfizer/BioNTech",1136505,442048,0,0,1578553
2021-03-27,"Johnson&Johnson, Moderna, Oxford/AstraZeneca, Pfizer/BioNTech, Čína",1144962,446887,0,0,1591849
2021-03-28,"Moderna, Oxford/AstraZeneca, Pfizer/BioNTech, Čína",1150506,451028,0,0,1601534
2021-03-29,"Johnson&Johnson, Moderna, Oxford/AstraZeneca, Pfizer/BioNTech",1169630,471738,0,0,1641368
2021-03-30,"Johnson&Johnson, Moderna, Oxford/AstraZeneca, Pfizer/BioNTech",1194311,493899,0,0,1688210
2021-03-31,"Indie/AstraZeneca, Johnson&Johnson, Moderna, Oxford/AstraZeneca, Pfizer/BioNTech, Čína",1217436,520928,0,0,1738364
2021-04-01,"Indie/AstraZeneca, Johnson&Johnson, Moderna, Oxford/AstraZeneca, Pfizer/BioNTech",1243103,552930,0,0,1796033
2021-04-02,"Indie/AstraZeneca, Johnson&Johnson, Moderna, Oxford/AstraZeneca, Pfizer/BioNTech",1250089,565716,0,0,1815805
2021-04-03,"Johnson&Johnson, Moderna, Oxford/AstraZeneca, Pfizer/BioNTech",1253741,576638,0,0,1830379
2021-04-04,"Johnson&Johnson, Moderna, Oxford/AstraZeneca, Pfizer/BioNTech",1256286,585551,0,0,1841837
2021-04-05,"Indie/AstraZeneca, Johnson&Johnson, Moderna, Oxford/AstraZeneca, Pfizer/BioNTech",1258724,592743,0,0,1851467
2021-04-06,"Indie/AstraZeneca, Johnson&Johnson, Moderna, Oxford/AstraZeneca, Pfizer/BioNTech, Čína",1274913,621988,0,0,1896901
2021-04-07,"Johnson&Johnson, Moderna, Oxford/AstraZeneca, Pfizer/BioNTech, Čína",1298376,644200,0,0,1942576
2021-04-08,"Indie/AstraZeneca, Johnson&Johnson, Moderna, Oxford/AstraZeneca, Pfizer/BioNTech",1337121,675204,0,0,2012325
2021-04-09,"Indie/AstraZeneca, Johnson&Johnson, Moderna, Oxford/AstraZeneca, Pfizer/BioNTech, Čína",1376655,705367,0,0,2082022
2021-04-10,"Johnson&Johnson, Moderna, Oxford/AstraZeneca, Pfizer/BioNTech",1392217,720661,0,0,2112878
2021-04-11,"Indie/AstraZeneca, Johnson&Johnson, Moderna, Oxford/AstraZeneca, Pfizer/BioNTech",1401997,730704,0,0,2132701
2021-04-12,"Johnson&Johnson, Moderna, Oxford/AstraZeneca, Pfizer/BioNTech",1440252,755814,0,0,2196066
2021-04-13,"Indie/AstraZeneca, Moderna, Oxford/AstraZeneca, Pfizer/BioNTech",1476502,781822,0,0,2258324
2021-04-14,"Moderna, Oxford/AstraZeneca, Pfizer/BioNTech",1515337,809166,0,0,2324503
2021-04-15,"Moderna, Oxford/AstraZeneca, Pfizer/BioNTech",1563095,834912,0,0,2398007
2021-04-16,"Moderna, Oxford/AstraZeneca, Pfizer/BioNTech",1607749,860551,0,0,2468300
2021-04-17,"Indie, Indie/AstraZeneca, Moderna, Oxford/AstraZeneca, Pfizer/BioNTech",1624464,869562,0,0,2494026
2021-04-18,"Moderna, Oxford/AstraZeneca, Pfizer/BioNTech, Čína",1637453,874542,0,0,2511995
2021-04-19,"Johnson&Johnson, Moderna, Oxford/AstraZeneca, Pfizer/BioNTech",1681374,889948,0,0,2571322
2021-04-20,"Johnson&Johnson, Moderna, Oxford/AstraZeneca, Pfizer/BioNTech, Čína",1723912,905822,0,0,2629734
2021-04-21,"Indie, Moderna, Oxford/AstraZeneca, Pfizer/BioNTech",1771601,920171,0,0,2691772
2021-04-22,"Johnson&Johnson, Moderna, Oxford/AstraZeneca, Pfizer/BioNTech",1826051,937546,0,0,2763597
2021-04-23,"Johnson&Johnson, Moderna, Oxford/AstraZeneca, Pfizer/BioNTech, Čína",1875993,949603,0,0,2825596
2021-04-24,"Indie/AstraZeneca, Johnson&Johnson, Moderna, Oxford/AstraZeneca, Pfizer/BioNTech, Sputnik, Čína",1893848,954868,0,0,2848716
2021-04-25,"Johnson&Johnson, Moderna, Oxford/AstraZeneca, Pfizer/BioNTech",1908540,958868,0,0,2867408
2021-04-26,"Indie, Johnson&Johnson, Moderna, Oxford/AstraZeneca, Pfizer/BioNTech, Čína",1958077,966428,0,0,2924505
2021-04-27,"Johnson&Johnson, Moderna, Oxford/AstraZeneca, Pfizer/BioNTech, Sputnik, Čína",2007007,978657,0,0,2985664
2021-04-28,"Indie/AstraZeneca, Johnson&Johnson, Moderna, Oxford/AstraZeneca, Pfizer/BioNTech, Čína",2065716,992672,0,0,3058388
2021-04-29,"Indie/AstraZeneca, Johnson&Johnson, Moderna, Oxford/AstraZeneca, Pfizer/BioNTech",2131286,1008569,0,0,3139855
2021-04-30,"Indie/AstraZeneca, Johnson&Johnson, Moderna, Oxford/AstraZeneca, Pfizer/BioNTech, Čína",2193541,1018557,0,0,3212098
2021-05-01,"Indie/AstraZeneca, Johnson&Johnson, Moderna, Oxford/AstraZeneca, Pfizer/BioNTech, Sputnik, Čína",2212931,1022025,0,0,3234956
2021-05-02,"Johnson&Johnson, Moderna, Oxford/AstraZeneca, Pfizer/BioNTech",2231862,1024315,0,0,3256177
2021-05-03,"Johnson&Johnson, Moderna, Oxford/AstraZeneca, Pfizer/BioNTech",2299055,1029398,0,0,3328453
2021-05-04,"Johnson&Johnson, Moderna, Oxford/AstraZeneca, Pfizer/BioNTech",2365556,1037760,0,0,3403316
2021-05-05,"Johnson&Johnson, Moderna, Oxford/AstraZeneca, Pfizer/BioNTech",2438711,1047189,0,0,3485900
2021-05-06,"Johnson&Johnson, Moderna, Oxford/AstraZeneca, Pfizer/BioNTech",2519094,1057917,0,0,3577011
2021-05-07,"Indie/AstraZeneca, Johnson&Johnson, Moderna, Oxford/AstraZeneca, Pfizer/BioNTech, Čína",2596376,1068050,0,0,3664426
2021-05-08,"Johnson&Johnson, Moderna, Oxford/AstraZeneca, Pfizer/BioNTech",2625903,1069847,0,0,3695750
2021-05-09,"Johnson&Johnson, Moderna, Oxford/AstraZeneca, Pfizer/BioNTech",2650130,1071068,0,0,3721198
2021-05-10,"Johnson&Johnson, Moderna, Oxford/AstraZeneca, Pfizer/BioNTech",2722879,1078310,0,0,3801189
2021-05-11,"Johnson&Johnson, Moderna, Oxford/AstraZeneca, Pfizer/BioNTech",2798971,1087135,0,0,3886106
2021-05-12,"Johnson&Johnson, Moderna, Oxford/AstraZeneca, Pfizer/BioNTech, Sputnik, Čína",2878864,1096267,0,0,3975131
2021-05-13,"Indie/AstraZeneca, Johnson&Johnson, Moderna, Oxford/AstraZeneca, Pfizer/BioNTech, Čína",2962875,1105448,0,0,4068323
2021-05-14,"Indie/AstraZeneca, Johnson&Johnson, Moderna, Oxford/AstraZeneca, Pfizer/BioNTech, Čína",3042407,1113270,0,0,4155677
2021-05-15,"Indie/AstraZeneca, Johnson&Johnson, Moderna, Oxford/AstraZeneca, Pfizer/BioNTech",3074375,1115556,0,0,4189931
2021-05-16,"Johnson&Johnson, Moderna, Oxford/AstraZeneca, Pfizer/BioNTech, Sputnik",3100181,1116848,0,0,4217029
2021-05-17,"Indie, Indie/AstraZeneca, Johnson&Johnson, Moderna, Oxford/AstraZeneca, Pfizer/BioNTech, Čína",3172699,1123599,0,0,4296298
2021-05-18,"Indie/AstraZeneca, Johnson&Johnson, Moderna, Oxford/AstraZeneca, Pfizer/BioNTech, Čína",3244670,1136711,0,0,4381381
2021-05-19,"Indie/AstraZeneca, Johnson&Johnson, Moderna, Oxford/AstraZeneca, Pfizer/BioNTech, Čína",3322138,1151861,0,0,4473999
2021-05-20,"Indie/AstraZeneca, Johnson&Johnson, Moderna, Oxford/AstraZeneca, Pfizer/BioNTech",3397608,1178887,0,0,4576495
2021-05-21,"Johnson&Johnson, Moderna, Oxford/AstraZeneca, Pfizer/BioNTech",3466453,1206669,0,0,4673122
2021-05-22,"Johnson&Johnson, Moderna, Oxford/AstraZeneca, Pfizer/BioNTech, Čína",3498925,1217909,0,0,4716834
2021-05-23,"Johnson&Johnson, Moderna, Oxford/AstraZeneca, Pfizer/BioNTech, Čína",3521373,1226932,0,0,4748305
2021-05-24,"Indie, Indie/AstraZeneca, Johnson&Johnson, Moderna, Oxford/AstraZeneca, Pfizer/BioNTech, Čína",3568588,1260554,0,0,4829142
2021-05-25,"Indie/AstraZeneca, Johnson&Johnson, Moderna, Oxford/AstraZeneca, Pfizer/BioNTech",3620497,1296351,0,0,4916848
2021-05-26,"Indie, Johnson&Johnson, Moderna, Oxford/AstraZeneca, Pfizer/BioNTech, Čína",3688240,1333865,1,0,5022105
2021-05-27,"Indie/AstraZeneca, Johnson&Johnson, Moderna, Oxford/AstraZeneca, Pfizer/BioNTech",3749654,1381162,1,0,5130816
2021-05-28,"Indie/AstraZeneca, Johnson&Johnson, Moderna, Oxford/AstraZeneca, Pfizer/BioNTech",3811393,1427718,1,0,5239111
2021-05-29,"Indie/AstraZeneca, Johnson&Johnson, Moderna, Oxford/AstraZeneca, Pfizer/BioNTech, Čína",3840675,1444861,1,0,5285536
2021-05-30,"Johnson&Johnson, Moderna, Oxford/AstraZeneca, Pfizer/BioNTech, Čína",3863090,1459316,1,0,5322406
2021-05-31,"Indie/AstraZeneca, Johnson&Johnson, Moderna, Oxford/AstraZeneca, Pfizer/BioNTech, Sputnik",3918816,1506788,1,0,5425604
2021-06-01,"Indie/AstraZeneca, Johnson&Johnson, Moderna, Oxford/AstraZeneca, Pfizer/BioNTech, Sputnik, Čína",3977923,1555622,1,0,5533545
2021-06-02,"Indie/AstraZeneca, Johnson&Johnson, Moderna, Oxford/AstraZeneca, Pfizer/BioNTech, Sputnik, Čína",4040897,1609581,1,0,5650478
2021-06-03,"Indie/AstraZeneca, Johnson&Johnson, Moderna, Oxford/AstraZeneca, Pfizer/BioNTech, Čína",4099146,1669707,1,0,5768853
2021-06-04,"Indie/AstraZeneca, Johnson&Johnson, Moderna, Oxford/AstraZeneca, Pfizer/BioNTech",4162276,1727049,1,0,5889325
2021-06-05,"Indie/AstraZeneca, Johnson&Johnson, Moderna, Oxford/AstraZeneca, Pfizer/BioNTech, Čína",4196481,1745956,1,0,5942437
2021-06-06,"Johnson&Johnson, Moderna, Oxford/AstraZeneca, Pfizer/BioNTech, Čína",4223443,1761116,1,0,5984559
2021-06-07,"Indie, Johnson&Johnson, Moderna, Oxford/AstraZeneca, Pfizer/BioNTech, Čína",4287124,1816701,1,0,6103825
2021-06-08,"Indie/AstraZeneca, Johnson&Johnson, Moderna, Oxford/AstraZeneca, Pfizer/BioNTech, Čína",4351133,1871658,1,0,6222791
2021-06-09,"Indie, Indie/AstraZeneca, Johnson&Johnson, Moderna, Oxford/AstraZeneca, Pfizer/BioNTech, Čína",4410345,1936269,1,0,6346614
2021-06-10,"Indie, Indie/AstraZeneca, Johnson&Johnson, Moderna, Oxford/AstraZeneca, Pfizer/BioNTech, Čína",4464192,2007505,1,0,6471697
2021-06-11,"Indie/Bahrat Biotech, Johnson&Johnson, Moderna, Oxford/AstraZeneca, Pfizer/BioNTech, Čína",4516310,2077309,1,0,6593619
2021-06-12,"Indie/AstraZeneca, Johnson&Johnson, Moderna, Oxford/AstraZeneca, Pfizer/BioNTech, Čína",4548357,2098154,2,0,6646511
2021-06-13,"Johnson&Johnson, Moderna, Oxford/AstraZeneca, Pfizer/BioNTech, Čína",4572385,2116582,2,0,6688967
2021-06-14,"Johnson&Johnson, Moderna, Oxford/AstraZeneca, Pfizer/BioNTech, Čína",4615481,2190899,2,0,6806380
2021-06-15,"Indie/AstraZeneca, Johnson&Johnson, Moderna, Oxford/AstraZeneca, Pfizer/BioNTech, Čína",4660160,2263246,2,0,6923406
2021-06-16,"Indie/AstraZeneca, Johnson&Johnson, Moderna, Oxford/AstraZeneca, Pfizer/BioNTech, Čína",4702982,2341421,2,0,7044403
2021-06-17,"Indie/AstraZeneca, Johnson&Johnson, Moderna, Oxford/AstraZeneca, Pfizer/BioNTech, Čína",4742430,2424479,2,0,7166909
2021-06-18,"Indie, Johnson&Johnson, Moderna, Oxford/AstraZeneca, Pfizer/BioNTech, Čína",4784874,2505024,2,0,7289898
2021-06-19,"Indie/AstraZeneca, Johnson&Johnson, Moderna, Oxford/AstraZeneca, Pfizer/BioNTech, Čína",4806671,2534368,2,0,7341039
2021-06-20,"Johnson&Johnson, Moderna, Oxford/AstraZeneca, Pfizer/BioNTech, Čína",4824087,2558236,2,0,7382323
2021-06-21,"Johnson&Johnson, Moderna, Oxford/AstraZeneca, Pfizer/BioNTech, Čína",4856616,2636814,2,0,7493430
2021-06-22,"Indie/AstraZeneca, Johnson&Johnson, Moderna, Oxford/AstraZeneca, Pfizer/BioNTech, Čína",4889597,2719100,2,0,7608697
2021-06-23,"Indie/AstraZeneca, Johnson&Johnson, Moderna, Oxford/AstraZeneca, Pfizer/BioNTech, Čína",4921332,2804311,2,0,7725643
2021-06-24,"Indie/AstraZeneca, Johnson&Johnson, Moderna, Oxford/AstraZeneca, Pfizer/BioNTech, Čína",4951212,2894339,2,0,7845551
2021-06-25,"Johnson&Johnson, Moderna, Oxford/AstraZeneca, Pfizer/BioNTech, Sputnik, Čína",4982308,2980568,2,0,7962876
2021-06-26,"Indie, Johnson&Johnson, Moderna, Oxford/AstraZeneca, Pfizer/BioNTech, Čína",4998213,3015469,2,0,8013682
2021-06-27,"Johnson&Johnson, Moderna, Oxford/AstraZeneca, Pfizer/BioNTech, Čína",5012184,3042185,2,0,8054369
2021-06-28,"Indie/AstraZeneca, Johnson&Johnson, Moderna, Oxford/AstraZeneca, Pfizer/BioNTech, Čína",5040621,3127397,2,0,8168018
2021-06-29,"Indie, Johnson&Johnson, Moderna, Oxford/AstraZeneca, Pfizer/BioNTech, Čína",5069919,3213937,2,0,8283856
2021-06-30,"Indie, Johnson&Johnson, Moderna, Oxford/AstraZeneca, Pfizer/BioNTech",5097437,3304965,3,0,8402402
2021-07-01,"Johnson&Johnson, Moderna, Oxford/AstraZeneca, Pfizer/BioNTech, Čína",5121462,3395042,3,0,8516504
2021-07-02,"Indie/AstraZeneca, Johnson&Johnson, Moderna, Oxford/AstraZeneca, Pfizer/BioNTech, Čína",5148238,3480985,3,0,8629223
2021-07-03,"Indie, Indie/AstraZeneca, Johnson&Johnson, Moderna, Oxford/AstraZeneca, Pfizer/BioNTech, Čína",5155368,3512561,3,0,8667929
2021-07-04,"Johnson&Johnson, Moderna, Oxford/AstraZeneca, Pfizer/BioNTech",5162967,3534390,3,0,8697357
2021-07-05,"Indie, Indie/AstraZeneca, Johnson&Johnson, Moderna, Oxford/AstraZeneca, Pfizer/BioNTech, Čína",5170418,3559835,3,0,8730253
2021-07-06,"Indie/AstraZeneca, Johnson&Johnson, Moderna, Oxford/AstraZeneca, Pfizer/BioNTech, Čína",5175930,3587608,3,0,8763538
2021-07-07,"Indie/AstraZeneca, Johnson&Johnson, Moderna, Oxford/AstraZeneca, Pfizer/BioNTech, Čína",5201768,3666603,3,0,8868371
2021-07-08,"Indie, Johnson&Johnson, Moderna, Oxford/AstraZeneca, Pfizer/BioNTech, Čína",5228404,3736924,3,0,8965328
2021-07-09,"Indie, Indie/AstraZeneca, Indie/Bahrat Biotech, Johnson&Johnson, Moderna, Oxford/AstraZeneca, Pfizer/BioNTech, Čína",5256373,3806260,3,0,9062633
2021-07-10,"Indie, Indie/AstraZeneca, Johnson&Johnson, Moderna, Oxford/AstraZeneca, Pfizer/BioNTech, Čína",5265780,3834954,4,0,9100734
2021-07-11,"Johnson&Johnson, Moderna, Oxford/AstraZeneca, Pfizer/BioNTech, Čína",5274345,3857850,4,0,9132195
2021-07-12,"Indie/AstraZeneca, Johnson&Johnson, Moderna, Oxford/AstraZeneca, Pfizer/BioNTech, Čína",5301912,3926912,4,0,9228824
2021-07-13,"Johnson&Johnson, Moderna, Oxford/AstraZeneca, Pfizer/BioNTech, Čína",5328140,3996802,4,0,9324942
2021-07-14,"Indie/AstraZeneca, Johnson&Johnson, Moderna, Oxford/AstraZeneca, Pfizer/BioNTech",5353995,4068794,4,0,9422789
2021-07-15,"Indie, Indie/AstraZeneca, Johnson&Johnson, Moderna, Oxford/AstraZeneca, Pfizer/BioNTech, Čína",5383202,4134817,4,0,9518019
2021-07-16,"Indie/AstraZeneca, Johnson&Johnson, Moderna, Oxford/AstraZeneca, Pfizer/BioNTech, Sputnik, Čína",5411176,4207566,4,0,9618742
2021-07-17,"Johnson&Johnson, Moderna, Oxford/AstraZeneca, Pfizer/BioNTech, Čína",5419998,4239058,4,0,9659056
2021-07-18,"Indie/AstraZeneca, Johnson&Johnson, Moderna, Oxford/AstraZeneca, Pfizer/BioNTech, Čína",5428455,4265075,4,0,9693530
2021-07-19,"Johnson&Johnson, Moderna, Oxford/AstraZeneca, Pfizer/BioNTech, Čína",5451833,4332088,4,0,9783921
2021-07-20,"Johnson&Johnson, Moderna, Oxford/AstraZeneca, Pfizer/BioNTech, Čína",5473279,4399150,6,0,9872429
2021-07-21,"Indie/AstraZeneca, Johnson&Johnson, Moderna, Oxford/AstraZeneca, Pfizer/BioNTech, Čína",5496756,4462628,6,0,9959384
2021-07-22,"Indie/AstraZeneca, Johnson&Johnson, Moderna, Oxford/AstraZeneca, Pfizer/BioNTech, Čína",5519144,4521281,6,0,10040425
2021-07-23,"Johnson&Johnson, Moderna, Oxford/AstraZeneca, Pfizer/BioNTech, Čína",5542405,4576074,6,0,10118479
2021-07-24,"Indie, Indie/AstraZeneca, Johnson&Johnson, Moderna, Oxford/AstraZeneca, Pfizer/BioNTech, Čína",5549792,4603772,6,0,10153564
2021-07-25,"Johnson&Johnson, Moderna, Oxford/AstraZeneca, Pfizer/BioNTech, Čína",5556460,4625922,6,0,10182382
2021-07-26,"Indie/AstraZeneca, Johnson&Johnson, Moderna, Oxford/AstraZeneca, Pfizer/BioNTech",5580033,4674613,6,0,10254646
2021-07-27,"Johnson&Johnson, Moderna, Oxford/AstraZeneca, Pfizer/BioNTech, Čína",5602803,4721292,6,0,10324095
2021-07-28,"Johnson&Johnson, Moderna, Oxford/AstraZeneca, Pfizer/BioNTech, Čína",5624120,4767348,6,0,10391468
2021-07-29,"Johnson&Johnson, Moderna, Oxford/AstraZeneca, Pfizer/BioNTech, Čína",5645485,4809373,6,0,10454858
2021-07-30,"Indie/AstraZeneca, Johnson&Johnson, Moderna, Oxford/AstraZeneca, Pfizer/BioNTech, Čína",5668801,4851982,7,0,10520783
2021-07-31,"Indie/AstraZeneca, Johnson&Johnson, Moderna, Oxford/AstraZeneca, Pfizer/BioNTech, Čína",5677780,4871553,7,0,10549333
2021-08-01,"Indie, Johnson&Johnson, Moderna, Oxford/AstraZeneca, Pfizer/BioNTech, Čína",5684540,4887738,7,0,10572278
2021-08-02,"Indie, Johnson&Johnson, Moderna, Oxford/AstraZeneca, Pfizer/BioNTech",5703217,4925334,7,0,10628551
2021-08-03,"Indie/Bahrat Biotech, Johnson&Johnson, Moderna, Oxford/AstraZeneca, Pfizer/BioNTech, Čína",5720910,4963504,7,0,10684414
2021-08-04,"Johnson&Johnson, Moderna, Oxford/AstraZeneca, Pfizer/BioNTech, Čína",5737065,5000313,7,0,10737378
2021-08-05,"Indie/AstraZeneca, Johnson&Johnson, Moderna, Oxford/AstraZeneca, Pfizer/BioNTech, Čína",5753136,5040842,7,0,10793978
2021-08-06,"Indie/AstraZeneca, Johnson&Johnson, Moderna, Oxford/AstraZeneca, Pfizer/BioNTech, Čína",5769989,5084197,7,0,10854186
2021-08-07,"Indie, Johnson&Johnson, Moderna, Oxford/AstraZeneca, Pfizer/BioNTech, Čína",5775627,5102396,7,0,10878023
2021-08-08,"Johnson&Johnson, Moderna, Oxford/AstraZeneca, Pfizer/BioNTech, Čína",5780020,5118181,8,0,10898201
2021-08-09,"Indie, Indie/AstraZeneca, Johnson&Johnson, Moderna, Oxford/AstraZeneca, Pfizer/BioNTech, Čína",5792677,5163290,8,0,10955967
2021-08-10,"Indie/AstraZeneca, Johnson&Johnson, Moderna, Oxford/AstraZeneca, Pfizer/BioNTech, Čína",5804569,5202915,8,0,11007484
2021-08-11,"Indie/AstraZeneca, Johnson&Johnson, Moderna, Oxford/AstraZeneca, Pfizer/BioNTech, Čína",5815966,5246087,8,0,11062053
2021-08-12,"Indie/AstraZeneca, Johnson&Johnson, Moderna, Oxford/AstraZeneca, Pfizer/BioNTech",5827407,5283259,8,0,11110666
2021-08-13,"Johnson&Johnson, Moderna, Oxford/AstraZeneca, Pfizer/BioNTech, Čína",5838161,5323646,8,0,11161807
2021-08-14,"Indie/AstraZeneca, Indie/Bahrat Biotech, Johnson&Johnson, Moderna, Oxford/AstraZeneca, Pfizer/BioNTech",5841517,5334390,8,0,11175907
2021-08-15,"Johnson&Johnson, Moderna, Oxford/AstraZeneca, Pfizer/BioNTech",5844116,5344793,8,0,11188909
2021-08-16,"Indie/AstraZeneca, Johnson&Johnson, Moderna, Oxford/AstraZeneca, Pfizer/BioNTech, Čína",5853928,5378908,8,0,11232836
2021-08-17,"Indie/AstraZeneca, Johnson&Johnson, Moderna, Oxford/AstraZeneca, Pfizer/BioNTech",5863537,5406058,8,0,11269595
2021-08-18,"Indie, Indie/AstraZeneca, Johnson&Johnson, Moderna, Oxford/AstraZeneca, Pfizer/BioNTech, Čína",5872933,5444988,8,0,11317921
2021-08-19,"Johnson&Johnson, Moderna, Oxford/AstraZeneca, Pfizer/BioNTech, Čína",5882628,5483368,8,0,11365996
2021-08-20,"Indie/AstraZeneca, Johnson&Johnson, Moderna, Oxford/AstraZeneca, Pfizer/BioNTech, Čína",5894037,5523610,8,0,11417647
2021-08-21,"Indie, Indie/AstraZeneca, Johnson&Johnson, Moderna, Oxford/AstraZeneca, Pfizer/BioNTech",5896775,5536421,8,0,11433196
2021-08-22,"Indie, Johnson&Johnson, Moderna, Oxford/AstraZeneca, Pfizer/BioNTech, Čína",5899131,5548416,8,0,11447547
2021-08-23,"Indie, Indie/AstraZeneca, Johnson&Johnson, Moderna, Oxford/AstraZeneca, Pfizer/BioNTech, Čína",5909678,5587730,10,0,11497408
2021-08-24,"Johnson&Johnson, Moderna, Oxford/AstraZeneca, Pfizer/BioNTech",5919564,5620991,10,0,11540555
2021-08-25,"Indie/AstraZeneca, Johnson&Johnson, Moderna, Oxford/AstraZeneca, Pfizer/BioNTech, Čína",5928447,5649431,11,0,11577878
2021-08-26,"Indie/AstraZeneca, Johnson&Johnson, Moderna, Oxford/AstraZeneca, Pfizer/BioNTech, Čína",5936910,5675630,13,0,11612540
2021-08-27,"Indie/AstraZeneca, Johnson&Johnson, Moderna, Oxford/AstraZeneca, Pfizer/BioNTech, Čína",5947247,5701674,14,0,11648921
2021-08-28,"Indie, Indie/AstraZeneca, Johnson&Johnson, Moderna, Oxford/AstraZeneca, Pfizer/BioNTech, Čína",5950000,5708784,14,0,11658784
2021-08-29,"Indie, Johnson&Johnson, Moderna, Oxford/AstraZeneca, Pfizer/BioNTech, Čína",5952417,5715422,14,0,11667839
2021-08-30,"Indie, Johnson&Johnson, Moderna, Oxford/AstraZeneca, Pfizer/BioNTech",5960957,5737346,14,0,11698303
2021-08-31,"Indie/AstraZeneca, Johnson&Johnson, Moderna, Oxford/AstraZeneca, Pfizer/BioNTech, Čína",5968652,5755502,14,0,11724154
2021-09-01,"Johnson&Johnson, Moderna, Oxford/AstraZeneca, Pfizer/BioNTech, Čína",5974599,5769544,15,0,11744143
2021-09-02,"Indie/AstraZeneca, Johnson&Johnson, Moderna, Oxford/AstraZeneca, Pfizer/BioNTech, Čína",5981454,5783972,15,0,11765426
2021-09-03,"Johnson&Johnson, Moderna, Oxford/AstraZeneca, Pfizer/BioNTech, Čína",5991020,5799743,15,0,11790763
2021-09-04,"Indie/AstraZeneca, Johnson&Johnson, Moderna, Oxford/AstraZeneca, Pfizer/BioNTech",5993108,5803334,15,0,11796442
2021-09-05,"Johnson&Johnson, Moderna, Oxford/AstraZeneca, Pfizer/BioNTech, Čína",5995163,5806196,15,0,11801359
2021-09-06,"Indie, Indie/AstraZeneca, Johnson&Johnson, Moderna, Oxford/AstraZeneca, Pfizer/BioNTech, Čína",6001414,5818773,15,0,11820187
2021-09-07,"Indie/AstraZeneca, Johnson&Johnson, Moderna, Oxford/AstraZeneca, Pfizer/BioNTech, Čína",6005819,5829901,16,0,11835720
2021-09-08,"Johnson&Johnson, Moderna, Oxford/AstraZeneca, Pfizer/BioNTech, Čína",6011511,5839795,19,0,11851306
2021-09-09,"Indie/AstraZeneca, Johnson&Johnson, Moderna, Oxford/AstraZeneca, Pfizer/BioNTech, Čína",6018209,5849891,21,0,11868100
2021-09-10,"Indie/AstraZeneca, Johnson&Johnson, Moderna, Oxford/AstraZeneca, Pfizer/BioNTech, Čína",6025927,5862116,22,0,11888043
2021-09-11,"Indie/AstraZeneca, Johnson&Johnson, Moderna, Oxford/AstraZeneca, Pfizer/BioNTech, Čína",6027815,5864642,22,0,11892457
2021-09-12,"Indie/AstraZeneca, Johnson&Johnson, Moderna, Oxford/AstraZeneca, Pfizer/BioNTech",6028940,5866290,23,0,11895230
2021-09-13,"Johnson&Johnson, Moderna, Oxford/AstraZeneca, Pfizer/BioNTech, Čína",6034393,5876619,23,0,11911012
2021-09-14,"Indie/AstraZeneca, Johnson&Johnson, Moderna, Oxford/AstraZeneca, Pfizer/BioNTech, Čína",6039808,5885655,23,0,11925463
2021-09-15,"Indie/AstraZeneca, Johnson&Johnson, Moderna, Oxford/AstraZeneca, Pfizer/BioNTech",6045042,5894206,29,0,11939248
2021-09-16,"Johnson&Johnson, Moderna, Oxford/AstraZeneca, Pfizer/BioNTech, Čína",6050416,5902497,29,0,11952913
2021-09-17,"Indie/AstraZeneca, Johnson&Johnson, Moderna, Oxford/AstraZeneca, Pfizer/BioNTech, Čína",6056994,5912749,32,0,11969743
2021-09-18,"Indie/AstraZeneca, Johnson&Johnson, Moderna, Oxford/AstraZeneca, Pfizer/BioNTech, Čína",6058738,5915129,34,0,11973867
2021-09-19,"Johnson&Johnson, Moderna, Oxford/AstraZeneca, Pfizer/BioNTech",6059691,5916703,36,0,11976394
2021-09-20,"Indie/AstraZeneca, Johnson&Johnson, Moderna, Oxford/AstraZeneca, Pfizer/BioNTech",6063725,5924924,470,0,11988649
2021-09-21,"Johnson&Johnson, Moderna, Oxford/AstraZeneca, Pfizer/BioNTech",6067978,5932480,923,0,12000458
2021-09-22,"Johnson&Johnson, Moderna, Oxford/AstraZeneca, Pfizer/BioNTech, Čína",6072180,5938032,1375,0,12010212
2021-09-23,"Johnson&Johnson, Moderna, Oxford/AstraZeneca, Pfizer/BioNTech, Čína",6077148,5944466,2388,0,12021614
2021-09-24,"Indie/AstraZeneca, Johnson&Johnson, Moderna, Oxford/AstraZeneca, Pfizer/BioNTech",6082912,5954102,2882,0,12037014
2021-09-25,"Indie, Indie/AstraZeneca, Johnson&Johnson, Moderna, Oxford/AstraZeneca, Pfizer/BioNTech, Čína",6084421,5956109,2959,0,12040530
2021-09-26,"Johnson&Johnson, Moderna, Oxford/AstraZeneca, Pfizer/BioNTech, Čína",6085173,5957754,3030,0,12042927
2021-09-27,"Indie, Indie/AstraZeneca, Johnson&Johnson, Moderna, Oxford/AstraZeneca, Pfizer/BioNTech, Čína",6089074,5964300,3775,0,12053374
2021-09-28,"Indie, Johnson&Johnson, Moderna, Oxford/AstraZeneca, Pfizer/BioNTech, Čína",6089467,5964951,3836,0,12054418
2021-09-29,"Indie/AstraZeneca, Johnson&Johnson, Moderna, Oxford/AstraZeneca, Pfizer/BioNTech, Čína",6093253,5972428,4847,0,12065681
2021-09-30,"Johnson&Johnson, Moderna, Oxford/AstraZeneca, Pfizer/BioNTech",6097782,5980154,6007,0,12077936
2021-10-01,"Indie/AstraZeneca, Johnson&Johnson, Moderna, Oxford/AstraZeneca, Pfizer/BioNTech, Čína",6102110,5988162,7870,0,12090272
2021-10-02,"Johnson&Johnson, Moderna, Oxford/AstraZeneca, Pfizer/BioNTech, Čína",6103186,5989722,7977,0,12092908
2021-10-03,"Johnson&Johnson, Moderna, Oxford/AstraZeneca, Pfizer/BioNTech",6103914,5990599,8062,0,12094513
2021-10-04,"Johnson&Johnson, Moderna, Oxford/AstraZeneca, Pfizer/BioNTech, Čína",6107007,5996193,9789,0,12103200
2021-10-05,"Johnson&Johnson, Moderna, Oxford/AstraZeneca, Pfizer/BioNTech, Sputnik, Čína",6110184,6001299,11912,0,12111483
2021-10-06,"Johnson&Johnson, Moderna, Oxford/AstraZeneca, Pfizer/BioNTech, Čína",6113714,6006488,14524,0,12120202
2021-10-07,"Johnson&Johnson, Moderna, Oxford/AstraZeneca, Pfizer/BioNTech",6117008,6011759,16927,0,12128767
2021-10-08,"Johnson&Johnson, Moderna, Oxford/AstraZeneca, Pfizer/BioNTech, Čína",6121821,6018422,20847,0,12140243
2021-10-09,"Indie/AstraZeneca, Johnson&Johnson, Moderna, Oxford/AstraZeneca, Pfizer/BioNTech",6123069,6020101,21311,0,12143170
2021-10-10,"Johnson&Johnson, Moderna, Oxford/AstraZeneca, Pfizer/BioNTech",6124025,6020946,21552,0,12144971
2021-10-11,"Indie/AstraZeneca, Johnson&Johnson, Moderna, Oxford/AstraZeneca, Pfizer/BioNTech, Čína",6126959,6025386,24205,0,12152345
2021-10-12,"Johnson&Johnson, Moderna, Oxford/AstraZeneca, Pfizer/BioNTech, Čína",6129911,6029394,27649,0,12159305
2021-10-13,"Johnson&Johnson, Moderna, Oxford/AstraZeneca, Pfizer/BioNTech, Čína",6133459,6033603,32015,0,12167062
2021-10-14,"Johnson&Johnson, Moderna, Oxford/AstraZeneca, Pfizer/BioNTech",6137140,6038555,36777,0,12175695
2021-10-15,"Indie, Johnson&Johnson, Moderna, Oxford/AstraZeneca, Pfizer/BioNTech, Čína",6142388,6044715,41864,0,12187103
2021-10-16,"Indie, Johnson&Johnson, Moderna, Oxford/AstraZeneca, Pfizer/BioNTech, Čína",6143810,6046254,42946,0,12190064
2021-10-17,"Johnson&Johnson, Moderna, Oxford/AstraZeneca, Pfizer/BioNTech, Čína",6145146,6047315,43508,0,12192461
2021-10-18,"Indie, Johnson&Johnson, Moderna, Oxford/AstraZeneca, Pfizer/BioNTech, Čína",6149275,6051437,50662,0,12200712
2021-10-19,"Johnson&Johnson, Moderna, Oxford/AstraZeneca, Pfizer/BioNTech",6152870,6053555,61586,0,12206425
2021-10-20,"Indie/AstraZeneca, Johnson&Johnson, Moderna, Oxford/AstraZeneca, Pfizer/BioNTech, Čína",6157777,6058028,76558,0,12215805
2021-10-21,"Johnson&Johnson, Moderna, Oxford/AstraZeneca, Pfizer/BioNTech, Čína",6165551,6063639,94112,0,12229190
2021-10-22,"Indie/AstraZeneca, Johnson&Johnson, Moderna, Oxford/AstraZeneca, Pfizer/BioNTech",6176025,6070144,112907,0,12246169
2021-10-23,"Indie/AstraZeneca, Johnson&Johnson, Moderna, Oxford/AstraZeneca, Pfizer/BioNTech, Čína",6179712,6072363,116563,0,12252075
2021-10-24,"Indie/AstraZeneca, Johnson&Johnson, Moderna, Oxford/AstraZeneca, Pfizer/BioNTech",6182403,6074150,119058,0,12256553
2021-10-25,"Indie/AstraZeneca, Johnson&Johnson, Moderna, Oxford/AstraZeneca, Pfizer/BioNTech, Čína",6192918,6079983,138877,0,12272901
2021-10-26,"Johnson&Johnson, Moderna, Oxford/AstraZeneca, Pfizer/BioNTech, Čína",6204923,6086538,161360,0,12291461
2021-10-27,"Johnson&Johnson, Moderna, Oxford/AstraZeneca, Pfizer/BioNTech, Čína",6219523,6093949,187729,0,12313472
2021-10-28,"Johnson&Johnson, Moderna, Oxford/AstraZeneca, Pfizer/BioNTech, Čína",6222972,6095655,191978,0,12318627
2021-10-29,"Indie, Johnson&Johnson, Moderna, Oxford/AstraZeneca, Pfizer/BioNTech, Čína",6237403,6103648,211004,0,12341051
2021-10-30,"Johnson&Johnson, Moderna, Oxford/AstraZeneca, Pfizer/BioNTech",6241942,6106573,214841,0,12348515
2021-10-31,"Johnson&Johnson, Moderna, Oxford/AstraZeneca, Pfizer/BioNTech",6245713,6109054,218539,0,12354767
2021-11-01,"Johnson&Johnson, Moderna, Oxford/AstraZeneca, Pfizer/BioNTech",6260917,6116742,240421,0,12377659
2021-11-02,"Johnson&Johnson, Moderna, Oxford/AstraZeneca, Pfizer/BioNTech, Čína",6276353,6124297,265877,0,12400650
2021-11-03,"Indie/AstraZeneca, Johnson&Johnson, Moderna, Oxford/AstraZeneca, Pfizer/BioNTech, Sputnik, Čína",6293535,6131599,296111,0,12425134
2021-11-04,"Johnson&Johnson, Moderna, Oxford/AstraZeneca, Pfizer/BioNTech, Čína",6311871,6139778,327217,0,12451649
2021-11-05,"Indie, Johnson&Johnson, Moderna, Oxford/AstraZeneca, Pfizer/BioNTech",6334659,6151071,358153,0,12485730
2021-11-06,"Indie/AstraZeneca, Johnson&Johnson, Moderna, Oxford/AstraZeneca, Pfizer/BioNTech, Čína",6341178,6154140,364964,0,12495318
2021-11-07,"Johnson&Johnson, Moderna, Oxford/AstraZeneca, Pfizer/BioNTech",6345207,6156581,369618,0,12501788
2021-11-08,"Johnson&Johnson, Moderna, Oxford/AstraZeneca, Pfizer/BioNTech, Čína",6361470,6164216,394844,0,12525686
2021-11-09,"Johnson&Johnson, Moderna, Oxford/AstraZeneca, Pfizer/BioNTech",6376282,6171532,423006,0,12547814
2021-11-10,"Johnson&Johnson, Moderna, Oxford/AstraZeneca, Pfizer/BioNTech, Čína",6392023,6178930,451725,0,12570953
2021-11-11,"Johnson&Johnson, Moderna, Oxford/AstraZeneca, Pfizer/BioNTech, Čína",6407499,6188046,479369,0,12595545
2021-11-12,"Johnson&Johnson, Moderna, Oxford/AstraZeneca, Pfizer/BioNTech",6427287,6200848,506881,0,12628135
2021-11-13,"Johnson&Johnson, Moderna, Oxford/AstraZeneca, Pfizer/BioNTech",6432682,6204736,512629,0,12637418
2021-11-14,"Johnson&Johnson, Moderna, Oxford/AstraZeneca, Pfizer/BioNTech, Čína",6436588,6207753,516279,0,12644341
2021-11-15,"Johnson&Johnson, Moderna, Oxford/AstraZeneca, Pfizer/BioNTech, Čína",6451672,6218470,538822,0,12670142
2021-11-16,"Johnson&Johnson, Moderna, Oxford/AstraZeneca, Pfizer/BioNTech, Čína",6469186,6230463,565876,0,12699649
2021-11-17,"Johnson&Johnson, Moderna, Oxford/AstraZeneca, Pfizer/BioNTech, Čína",6473442,6234047,570395,0,12707489
2021-11-18,"Johnson&Johnson, Moderna, Oxford/AstraZeneca, Pfizer/BioNTech, Čína",6492842,6245739,596105,0,12738581
2021-11-19,"Indie, Johnson&Johnson, Moderna, Oxford/AstraZeneca, Pfizer/BioNTech",6517443,6262719,621544,0,12780162
2021-11-20,"Indie/AstraZeneca, Johnson&Johnson, Moderna, Oxford/AstraZeneca, Pfizer/BioNTech",6526014,6267711,627129,0,12793725
2021-11-21,"Johnson&Johnson, Moderna, Oxford/AstraZeneca, Pfizer/BioNTech",6532775,6271496,630123,0,12804271
2021-11-22,"Johnson&Johnson, Moderna, Oxford/AstraZeneca, Pfizer/BioNTech, Čína",6551276,6285627,652704,0,12836903
2021-11-23,"Johnson&Johnson, Moderna, Oxford/AstraZeneca, Pfizer/BioNTech, Čína",6570313,6298888,681355,0,12869201
2021-11-24,"Johnson&Johnson, Moderna, Oxford/AstraZeneca, Pfizer/BioNTech, Čína",6589320,6314744,710427,0,12904064
2021-11-25,"Johnson&Johnson, Moderna, Oxford/AstraZeneca, Pfizer/BioNTech, Čína",6608443,6329785,743880,0,12938228
2021-11-26,"Indie, Johnson&Johnson, Moderna, Oxford/AstraZeneca, Pfizer/BioNTech, Pfizer/BioNTech Kids",6630087,6348924,778675,0,12979011
2021-11-27,"Johnson&Johnson, Moderna, Oxford/AstraZeneca, Pfizer/BioNTech, Pfizer/BioNTech Kids",6637550,6354485,786629,0,12992035
2021-11-28,"Johnson&Johnson, Moderna, Oxford/AstraZeneca, Pfizer/BioNTech",6640879,6357627,793624,0,12998506
2021-11-29,"Johnson&Johnson, Moderna, Oxford/AstraZeneca, Pfizer/BioNTech, Pfizer/BioNTech Kids, Čína",6656081,6371286,832639,0,13027367
2021-11-30,"Johnson&Johnson, Moderna, Oxford/AstraZeneca, Pfizer/BioNTech, Pfizer/BioNTech Kids",6669285,6382524,883875,0,13051809
2021-12-01,"Johnson&Johnson, Moderna, Oxford/AstraZeneca, Pfizer/BioNTech, Pfizer/BioNTech Kids, Čína",6683335,6394991,947999,0,13078326
2021-12-02,"Johnson&Johnson, Moderna, Oxford/AstraZeneca, Pfizer/BioNTech, Pfizer/BioNTech Kids, Čína",6693976,6407494,1021078,0,13101470
2021-12-03,"Indie/AstraZeneca, Johnson&Johnson, Moderna, Oxford/AstraZeneca, Pfizer/BioNTech, Čína",6703607,6423084,1096913,0,13126691
2021-12-04,"Indie/AstraZeneca, Johnson&Johnson, Moderna, Pfizer/BioNTech, Pfizer/BioNTech Kids",6706169,6427049,1123400,0,13133218
2021-12-05,"Johnson&Johnson, Moderna, Oxford/AstraZeneca, Pfizer/BioNTech, Pfizer/BioNTech Kids",6707533,6429396,1142455,0,13136929
2021-12-06,"Johnson&Johnson, Moderna, Oxford/AstraZeneca, Pfizer/BioNTech, Pfizer/BioNTech Kids, Sputnik, Čína",6715680,6440935,1209252,0,13156615
2021-12-07,"Johnson&Johnson, Moderna, Oxford/AstraZeneca, Pfizer/BioNTech, Pfizer/BioNTech Kids",6723558,6452945,1287241,0,13176503
2021-12-08,"Johnson&Johnson, Moderna, Oxford/AstraZeneca, Pfizer/BioNTech, Pfizer/BioNTech Kids, Čína",6731805,6458882,1369089,0,13190687
2021-12-09,"Johnson&Johnson, Moderna, Oxford/AstraZeneca, Pfizer/BioNTech, Pfizer/BioNTech Kids",6738920,6471704,1450044,0,13210624
2021-12-10,"Johnson&Johnson, Moderna, Oxford/AstraZeneca, Pfizer/BioNTech, Pfizer/BioNTech Kids, Čína",6745840,6489517,1526494,0,13235357
2021-12-11,"Johnson&Johnson, Moderna, Oxford/AstraZeneca, Pfizer/BioNTech, Pfizer/BioNTech Kids",6747493,6494786,1552531,0,13242279
2021-12-12,"Johnson&Johnson, Moderna, Oxford/AstraZeneca, Pfizer/BioNTech, Pfizer/BioNTech Kids",6748800,6499228,1568573,0,13248028
2021-12-13,"Johnson&Johnson, Moderna, Oxford/AstraZeneca, Pfizer/BioNTech, Pfizer/BioNTech Kids",6755155,6512542,1629199,0,13267697
2021-12-14,"Johnson&Johnson, Moderna, Oxford/AstraZeneca, Pfizer/BioNTech, Pfizer/BioNTech Kids",6761365,6526210,1702574,0,13287575
2021-12-15,"Johnson&Johnson, Moderna, Oxford/AstraZeneca, Pfizer/BioNTech, Pfizer/BioNTech Kids, Čína",6767571,6539820,1776304,0,13307391
2021-12-16,"Indie/Bahrat Biotech, Johnson&Johnson, Moderna, Oxford/AstraZeneca, Pfizer/BioNTech, Pfizer/BioNTech Kids, Čína",6774506,6554658,1851118,0,13329164
2021-12-17,"Indie, Johnson&Johnson, Moderna, Oxford/AstraZeneca, Pfizer/BioNTech, Pfizer/BioNTech Kids",6782862,6571933,1925214,0,13354795
2021-12-18,"Johnson&Johnson, Moderna, Oxford/AstraZeneca, Pfizer/BioNTech, Pfizer/BioNTech Kids",6785472,6577389,1950864,0,13362861
2021-12-19,"Johnson&Johnson, Moderna, Pfizer/BioNTech, Pfizer/BioNTech Kids",6787246,6579897,1969007,0,13367143
2021-12-20,"Johnson&Johnson, Moderna, Oxford/AstraZeneca, Pfizer/BioNTech, Pfizer/BioNTech Kids, Čína",6793100,6593966,2034267,0,13387066
2021-12-21,"Johnson&Johnson, Moderna, Oxford/AstraZeneca, Pfizer/BioNTech, Pfizer/BioNTech Kids, Čína",6799762,6605988,2103655,0,13405750
2021-12-22,"Indie/AstraZeneca, Johnson&Johnson, Moderna, Oxford/AstraZeneca, Pfizer/BioNTech, Pfizer/BioNTech Kids",6804801,6619039,2161518,0,13423840
2021-12-23,"Johnson&Johnson, Moderna, Oxford/AstraZeneca, Pfizer/BioNTech, Pfizer/BioNTech Kids",6807672,6624656,2189073,0,13432328
2021-12-24,"Johnson&Johnson, Moderna, Oxford/AstraZeneca, Pfizer/BioNTech",6807720,6624768,2189504,0,13432488
2021-12-25,"Moderna, Pfizer/BioNTech, Pfizer/BioNTech Kids",6807723,6624786,2189528,0,13432509
2021-12-26,"Moderna, Pfizer/BioNTech, Pfizer/BioNTech Kids",6807826,6624990,2190523,0,13432816
2021-12-27,"Johnson&Johnson, Moderna, Pfizer/BioNTech, Pfizer/BioNTech Kids",6811687,6634740,2240095,0,13446427
2021-12-28,"Johnson&Johnson, Moderna, Oxford/AstraZeneca, Pfizer/BioNTech, Pfizer/BioNTech Kids",6816924,6642743,2298588,0,13459667
2021-12-29,"Johnson&Johnson, Moderna, Oxford/AstraZeneca, Pfizer/BioNTech, Pfizer/BioNTech Kids, Čína",6821198,6650471,2355271,0,13471669
2021-12-30,"Johnson&Johnson, Moderna, Pfizer/BioNTech, Pfizer/BioNTech Kids",6825496,6655909,2398965,0,13481405
2021-12-31,"Johnson&Johnson, Moderna, Pfizer/BioNTech, Pfizer/BioNTech Kids",6826004,6657339,2408016,0,13483343
2022-01-01,"Johnson&Johnson, Moderna, Pfizer/BioNTech, Pfizer/BioNTech Kids",6826013,6657358,2408053,0,13483371
2022-01-02,"Johnson&Johnson, Moderna, Oxford/AstraZeneca, Pfizer/BioNTech, Pfizer/BioNTech Kids",6826866,6658736,2421127,0,13485602
2022-01-03,"Johnson&Johnson, Moderna, Oxford/AstraZeneca, Pfizer/BioNTech, Pfizer/BioNTech Kids",6831002,6667647,2480350,0,13498649
2022-01-04,"Indie, Johnson&Johnson, Moderna, Oxford/AstraZeneca, Pfizer/BioNTech, Pfizer/BioNTech Kids",6836088,6675412,2556957,0,13511500
2022-01-05,"Johnson&Johnson, Moderna, Oxford/AstraZeneca, Pfizer/BioNTech, Pfizer/BioNTech Kids, Čína",6841912,6683391,2637765,0,13525303
2022-01-06,"Johnson&Johnson, Moderna, Oxford/AstraZeneca, Pfizer/BioNTech, Pfizer/BioNTech Kids",6848501,6691795,2724800,0,13540296
2022-01-07,"Johnson&Johnson, Moderna, Oxford/AstraZeneca, Pfizer/BioNTech, Pfizer/BioNTech Kids",6856387,6702151,2818701,0,13558538
2022-01-08,"Johnson&Johnson, Moderna, Oxford/AstraZeneca, Pfizer/BioNTech, Pfizer/BioNTech Kids",6858863,6704933,2847966,0,13563796
2022-01-09,"Indie/AstraZeneca, Johnson&Johnson, Moderna, Pfizer/BioNTech, Pfizer/BioNTech Kids",6859946,6706633,2865244,0,13566579
2022-01-10,"Johnson&Johnson, Moderna, Oxford/AstraZeneca, Pfizer/BioNTech, Pfizer/BioNTech Kids",6864452,6712830,2934196,0,13577282
2022-01-11,"Johnson&Johnson, Moderna, Oxford/AstraZeneca, Pfizer/BioNTech, Pfizer/BioNTech Kids",6869906,6719593,3010143,0,13589499
2022-01-12,"Johnson&Johnson, Moderna, Oxford/AstraZeneca, Pfizer/BioNTech, Pfizer/BioNTech Kids",6875869,6725242,3085858,0,13601111
2022-01-13,"Johnson&Johnson, Moderna, Oxford/AstraZeneca, Pfizer/BioNTech, Pfizer/BioNTech Kids",6881754,6730017,3160767,0,13611771
2022-01-14,"Johnson&Johnson, Moderna, Oxford/AstraZeneca, Pfizer/BioNTech, Pfizer/BioNTech Kids, Čína",6888047,6733647,3243799,0,13621694
2022-01-15,"Johnson&Johnson, Moderna, Oxford/AstraZeneca, Pfizer/BioNTech, Pfizer/BioNTech Kids, Sputnik",6889325,6734309,3266474,0,13623634
2022-01-16,"Johnson&Johnson, Moderna, Oxford/AstraZeneca, Pfizer/BioNTech, Pfizer/BioNTech Kids",6890013,6734748,3278268,0,13624761
2022-01-17,"Johnson&Johnson, Moderna, Oxford/AstraZeneca, Pfizer/BioNTech, Pfizer/BioNTech Kids",6893564,6738705,3324850,0,13632269
2022-01-18,"Johnson&Johnson, Moderna, Oxford/AstraZeneca, Pfizer/BioNTech, Pfizer/BioNTech Kids",6897415,6743662,3373903,0,13641077
2022-01-19,"Johnson&Johnson, Moderna, Oxford/AstraZeneca, Pfizer/BioNTech, Pfizer/BioNTech Kids, Čína",6901483,6747598,3418569,0,13649081
2022-01-20,"Johnson&Johnson, Moderna, Oxford/AstraZeneca, Pfizer/BioNTech, Pfizer/BioNTech Kids",6905076,6752058,3465452,0,13657134
2022-01-21,"Johnson&Johnson, Moderna, Oxford/AstraZeneca, Pfizer/BioNTech, Pfizer/BioNTech Kids, Čína",6909079,6754593,3520939,0,13663672
2022-01-22,"Johnson&Johnson, Moderna, Pfizer/BioNTech, Pfizer/BioNTech Kids, Čína",6909859,6755035,3530735,0,13664894
2022-01-23,"Johnson&Johnson, Moderna, Pfizer/BioNTech, Pfizer/BioNTech Kids, Sputnik",6910424,6755670,3536107,0,13666094
2022-01-24,"Johnson&Johnson, Moderna, Oxford/AstraZeneca, Pfizer/BioNTech, Pfizer/BioNTech Kids",6912698,6759109,3568570,0,13671807
2022-01-25,"Johnson&Johnson, Moderna, Oxford/AstraZeneca, Pfizer/BioNTech, Pfizer/BioNTech Kids",6915056,6763104,3599672,0,13678160
2022-01-26,"Johnson&Johnson, Moderna, Oxford/AstraZeneca, Pfizer/BioNTech, Pfizer/BioNTech Kids",6917438,6767675,3632382,0,13685113
2022-01-27,"Johnson&Johnson, Moderna, Oxford/AstraZeneca, Pfizer/BioNTech, Pfizer/BioNTech Kids",6919768,6772491,3665176,0,13692259
2022-01-28,"Johnson&Johnson, Moderna, Oxford/AstraZeneca, Pfizer/BioNTech, Pfizer/BioNTech Kids",6922677,6778651,3712746,0,13701328
2022-01-29,"Johnson&Johnson, Moderna, Oxford/AstraZeneca, Pfizer/BioNTech, Pfizer/BioNTech Kids, Čína",6923280,6780303,3722595,0,13703583
2022-01-30,"Johnson&Johnson, Moderna, Pfizer/BioNTech, Pfizer/BioNTech Kids",6923509,6781087,3726442,0,13704596
2022-01-31,"Johnson&Johnson, Moderna, Pfizer/BioNTech, Pfizer/BioNTech Kids",6925048,6785022,3751276,0,13710070
2022-02-01,"Johnson&Johnson, Moderna, Pfizer/BioNTech, Pfizer/BioNTech Kids",6926640,6789057,3771807,0,13715697
2022-02-02,"Johnson&Johnson, Moderna, Oxford/AstraZeneca, Pfizer/BioNTech, Pfizer/BioNTech Kids",6928207,6793576,3792047,0,13721783
2022-02-03,"Johnson&Johnson, Moderna, Pfizer/BioNTech, Pfizer/BioNTech Kids",6929582,6798062,3812701,0,13727644
2022-02-04,"Johnson&Johnson, Moderna, Oxford/AstraZeneca, Pfizer/BioNTech, Pfizer/BioNTech Kids",6931185,6803176,3842458,0,13734361
2022-02-05,"Johnson&Johnson, Moderna, Pfizer/BioNTech, Pfizer/BioNTech Kids",6931359,6803789,3847364,0,13735148
2022-02-06,"Johnson&Johnson, Moderna, Pfizer/BioNTech, Pfizer/BioNTech Kids",6931452,6804109,3849251,0,13735561
2022-02-07,"Indie/AstraZeneca, Johnson&Johnson, Moderna, Pfizer/BioNTech, Pfizer/BioNTech Kids",6932157,6807322,3861834,0,13739479
2022-02-08,"Johnson&Johnson, Moderna, Pfizer/BioNTech, Pfizer/BioNTech Kids",6932953,6810517,3873949,0,13743470
2022-02-09,"Johnson&Johnson, Moderna, Oxford/AstraZeneca, Pfizer/BioNTech, Pfizer/BioNTech Kids",6933771,6813890,3885923,0,13747661
2022-02-10,"Johnson&Johnson, Moderna, Pfizer/BioNTech, Pfizer/BioNTech Kids",6934581,6817023,3898072,0,13751604
2022-02-11,"Johnson&Johnson, Moderna, Pfizer/BioNTech, Pfizer/BioNTech Kids",6935536,6820943,3917001,0,13756479
2022-02-12,"Johnson&Johnson, Moderna, Pfizer/BioNTech, Pfizer/BioNTech Kids",6935650,6821367,3919366,0,13757017
2022-02-13,"Johnson&Johnson, Moderna, Pfizer/BioNTech, Pfizer/BioNTech Kids",6935688,6821806,3920799,0,13757494
2022-02-14,"Indie, Johnson&Johnson, Moderna, Pfizer/BioNTech, Pfizer/BioNTech Kids",6936148,6823923,3928889,0,13760071
2022-02-15,"Johnson&Johnson, Moderna, Oxford/AstraZeneca, Pfizer/BioNTech, Pfizer/BioNTech Kids",6936701,6826135,3936266,0,13762836
2022-02-16,"Johnson&Johnson, Moderna, Pfizer/BioNTech, Pfizer/BioNTech Kids",6937297,6828238,3944260,0,13765535
2022-02-17,"Johnson&Johnson, Moderna, Pfizer/BioNTech, Pfizer/BioNTech Kids",6937895,6830583,3952621,0,13768478
2022-02-18,"Johnson&Johnson, Moderna, Oxford/AstraZeneca, Pfizer/BioNTech, Pfizer/BioNTech Kids",6938537,6833638,3966430,0,13772175
2022-02-19,"Johnson&Johnson, Moderna, Pfizer/BioNTech, Pfizer/BioNTech Kids",6938617,6833922,3968385,0,13772539
2022-02-20,"Johnson&Johnson, Moderna, Oxford/AstraZeneca, Pfizer/BioNTech, Pfizer/BioNTech Kids",6938658,6834072,3969127,0,13772730
2022-02-21,"Johnson&Johnson, Moderna, Oxford/AstraZeneca, Pfizer/BioNTech, Pfizer/BioNTech Kids",6939024,6835774,3975029,0,13774798
2022-02-22,"Johnson&Johnson, Moderna, Oxford/AstraZeneca, Pfizer/BioNTech, Pfizer/BioNTech Kids, Čína",6939418,6837475,3980630,0,13776893
2022-02-23,"Johnson&Johnson, Moderna, Pfizer/BioNTech, Pfizer/BioNTech Kids",6939876,6839119,3986407,0,13778995
2022-02-24,"Johnson&Johnson, Moderna, Pfizer/BioNTech, Pfizer/BioNTech Kids, Sputnik",6940285,6840752,3992502,0,13781037
2022-02-25,"Johnson&Johnson, Moderna, Pfizer/BioNTech, Pfizer/BioNTech Kids, Čína",6940866,6842840,4003625,0,13783706
2022-02-26,"Johnson&Johnson, Moderna, Pfizer/BioNTech, Pfizer/BioNTech Kids",6940926,6843001,4005264,0,13783927
2022-02-27,"Johnson&Johnson, Moderna, Pfizer/BioNTech, Pfizer/BioNTech Kids",6940957,6843078,4005883,0,13784035
2022-02-28,"Johnson&Johnson, Moderna, Pfizer/BioNTech, Pfizer/BioNTech Kids",6941204,6844057,4010601,0,13785261
2022-03-01,"Johnson&Johnson, Moderna, Pfizer/BioNTech, Pfizer/BioNTech Kids",6941509,6844844,4013579,0,13786353
2022-03-02,"Indie, Johnson&Johnson, Moderna, Pfizer/BioNTech, Pfizer/BioNTech Kids",6941881,6845753,4017376,0,13787634
2022-03-03,"Indie, Johnson&Johnson, Moderna, Pfizer/BioNTech, Pfizer/BioNTech Kids",6942217,6846698,4021079,0,13788915
2022-03-04,"Indie, Johnson&Johnson, Moderna, Pfizer/BioNTech, Pfizer/BioNTech Kids",6942850,6847917,4028298,0,13790767
2022-03-05,"Indie, Johnson&Johnson, Moderna, Pfizer/BioNTech, Pfizer/BioNTech Kids",6942930,6848010,4028917,0,13790940
2022-03-06,"Indie, Moderna, Oxford/AstraZeneca, Pfizer/BioNTech, Pfizer/BioNTech Kids",6942943,6848028,4029117,0,13790971
2022-03-07,"Indie, Johnson&Johnson, Moderna, Pfizer/BioNTech, Pfizer/BioNTech Kids",6943278,6848587,4031857,0,13791865
2022-03-08,"Indie, Johnson&Johnson, Moderna, Oxford/AstraZeneca, Pfizer/BioNTech, Pfizer/BioNTech Kids, Čína",6943613,6849131,4034391,0,13792744
2022-03-09,"Indie, Johnson&Johnson, Moderna, Pfizer/BioNTech, Pfizer/BioNTech Kids",6944001,6849728,4037686,0,13793729
2022-03-10,"Indie, Johnson&Johnson, Moderna, Pfizer/BioNTech, Pfizer/BioNTech Kids",6944413,6850406,4040790,0,13794819
2022-03-11,"Indie, Johnson&Johnson, Moderna, Pfizer/BioNTech, Pfizer/BioNTech Kids, Čína",6945164,6851317,4047131,0,13796481
2022-03-12,"Indie, Johnson&Johnson, Moderna, Pfizer/BioNTech, Pfizer/BioNTech Kids",6945237,6851421,4048026,0,13796658
2022-03-13,"Indie, Johnson&Johnson, Moderna, Pfizer/BioNTech, Pfizer/BioNTech Kids",6945251,6851444,4048213,0,13796695
2022-03-14,"Indie, Johnson&Johnson, Moderna, Pfizer/BioNTech, Pfizer/BioNTech Kids",6945517,6851830,4050976,0,13797347
2022-03-15,"Indie, Johnson&Johnson, Moderna, Pfizer/BioNTech, Pfizer/BioNTech Kids",6945804,6852267,4053600,0,13798071
2022-03-16,"Indie, Johnson&Johnson, Moderna, Oxford/AstraZeneca, Pfizer/BioNTech, Pfizer/BioNTech Kids",6946125,6852812,4056520,0,13798937
2022-03-17,"Indie, Johnson&Johnson, Moderna, Oxford/AstraZeneca, Pfizer/BioNTech, Pfizer/BioNTech Kids",6946420,6853244,4059615,0,13799664
2022-03-18,"Indie, Johnson&Johnson, Moderna, Pfizer/BioNTech, Pfizer/BioNTech Kids",6947118,6854041,4066338,0,13801159
2022-03-19,"Indie, Moderna, Pfizer/BioNTech, Pfizer/BioNTech Kids",6947174,6854085,4066785,0,13801259
2022-03-20,"Indie, Moderna, Pfizer/BioNTech, Pfizer/BioNTech Kids",6947192,6854098,4066965,0,13801290
2022-03-21,"Indie, Johnson&Johnson, Moderna, Pfizer/BioNTech, Pfizer/BioNTech Kids",6947380,6854425,4069429,0,13801805
2022-03-22,"Indie, Johnson&Johnson, Moderna, Pfizer/BioNTech, Pfizer/BioNTech Kids",6947624,6854826,4071684,0,13802450
2022-03-23,"Indie, Johnson&Johnson, Moderna, Pfizer/BioNTech, Pfizer/BioNTech Kids",6947960,6855265,4074515,0,13803225
2022-03-24,"Indie, Johnson&Johnson, Moderna, Pfizer/BioNTech, Pfizer/BioNTech Kids",6948272,6855738,4077673,0,13804010
2022-03-25,"Indie, Johnson&Johnson, Moderna, Pfizer/BioNTech, Pfizer/BioNTech Kids",6948768,6856550,4084257,0,13805318
2022-03-26,"Indie, Johnson&Johnson, Moderna, Pfizer/BioNTech, Pfizer/BioNTech Kids",6948821,6856629,4084651,0,13805450
2022-03-27,"Indie, Moderna, Pfizer/BioNTech, Pfizer/BioNTech Kids",6948837,6856646,4084766,0,13805483
2022-03-28,"Indie, Johnson&Johnson, Moderna, Pfizer/BioNTech, Pfizer/BioNTech Kids",6948992,6857027,4087099,0,13806019
2022-03-29,"Indie, Johnson&Johnson, Moderna, Pfizer/BioNTech, Pfizer/BioNTech Kids",6949255,6857433,4089401,0,13806688
2022-03-30,"Indie, Johnson&Johnson, Moderna, Pfizer/BioNTech, Pfizer/BioNTech Kids",6949559,6857924,4092233,0,13807483
2022-03-31,"Indie, Johnson&Johnson, Moderna, Pfizer/BioNTech, Pfizer/BioNTech Kids",6949857,6858417,4095529,0,13808274
2022-04-01,"Indie, Johnson&Johnson, Moderna, Pfizer/BioNTech, Pfizer/BioNTech Kids",6950464,6859176,4101432,0,13809640
2022-04-02,"Indie, Moderna, Pfizer/BioNTech, Pfizer/BioNTech Kids",6950521,6859261,4102245,0,13809782
2022-04-03,"Indie, Moderna, Pfizer/BioNTech, Pfizer/BioNTech Kids",6950534,6859290,4102415,0,13809824
2022-04-04,"Indie, Johnson&Johnson, Moderna, Pfizer/BioNTech, Pfizer/BioNTech Kids",6950715,6859573,4104249,0,13810288
2022-04-05,"Indie, Johnson&Johnson, Moderna, Pfizer/BioNTech, Pfizer/BioNTech Kids",6950906,6859811,4105862,0,13810717
2022-04-06,"Indie, Johnson&Johnson, Moderna, Pfizer/BioNTech, Pfizer/BioNTech Kids",6951126,6860158,4108605,0,13811284
2022-04-07,"Indie, Johnson&Johnson, Moderna, Pfizer/BioNTech, Pfizer/BioNTech Kids",6951350,6860576,4111443,0,13811926
2022-04-08,"Indie, Johnson&Johnson, Moderna, Pfizer/BioNTech, Pfizer/BioNTech Kids",6951805,6861300,4117481,0,13813105
2022-04-09,"Indie, Johnson&Johnson, Moderna, Pfizer/BioNTech, Pfizer/BioNTech Kids",6951865,6861372,4118006,0,13813237
2022-04-10,"Indie, Moderna, Pfizer/BioNTech, Pfizer/BioNTech Kids",6951879,6861382,4118127,0,13813261
2022-04-11,"Indie, Johnson&Johnson, Moderna, Pfizer/BioNTech, Pfizer/BioNTech Kids",6952041,6861613,4119980,0,13813654
2022-04-12,"Indie, Johnson&Johnson, Moderna, Pfizer/BioNTech, Pfizer/BioNTech Kids",6952287,6861911,4121892,0,13814198
2022-04-13,"Indie, Johnson&Johnson, Moderna, Pfizer/BioNTech, Pfizer/BioNTech Kids",6952529,6862264,4125016,0,13814793
2022-04-14,"Indie, Johnson&Johnson, Moderna, Pfizer/BioNTech, Pfizer/BioNTech Kids",6952794,6862649,4128745,0,13815443
2022-04-15,"Indie, Moderna, Pfizer/BioNTech, Pfizer/BioNTech Kids",6952810,6862680,4128892,0,13815490
2022-04-16,"Indie, Johnson&Johnson, Moderna, Pfizer/BioNTech, Pfizer/BioNTech Kids",6952830,6862715,4129109,0,13815545
2022-04-17,"Indie, Moderna, Pfizer/BioNTech",6952831,6862716,4129160,0,13815547
2022-04-18,"Indie, Johnson&Johnson, Moderna, Oxford/AstraZeneca, Pfizer/BioNTech, Pfizer/BioNTech Kids",6952848,6862735,4129171,0,13815583
2022-04-19,"Indie, Johnson&Johnson, Moderna, Oxford/AstraZeneca, Pfizer/BioNTech, Pfizer/BioNTech Kids",6952987,6863075,4130957,0,13816062
2022-04-20,"Indie, Johnson&Johnson, Moderna, Oxford/AstraZeneca, Pfizer/BioNTech, Pfizer/BioNTech Kids, Čína",6953211,6863466,4133463,0,13816677
2022-04-21,"Indie, Johnson&Johnson, Moderna, Pfizer/BioNTech, Pfizer/BioNTech Kids",6953429,6863890,4135877,0,13817319
2022-04-22,"Indie, Johnson&Johnson, Moderna, Pfizer/BioNTech, Pfizer/BioNTech Kids",6953896,6864716,4141476,0,13818612
2022-04-23,"Indie, Moderna, Pfizer/BioNTech, Pfizer/BioNTech Kids",6953927,6864795,4142265,0,13818722
2022-04-24,"Indie, Moderna, Pfizer/BioNTech, Pfizer/BioNTech Kids",6953932,6864806,4142394,0,13818738
2022-04-25,"Indie, Johnson&Johnson, Moderna, Pfizer/BioNTech, Pfizer/BioNTech Kids",6954088,6865016,4144238,0,13819104
2022-04-26,"Indie, Johnson&Johnson, Moderna, Pfizer/BioNTech, Pfizer/BioNTech Kids",6954228,6865280,4145807,0,13819508
2022-04-27,"Indie, Johnson&Johnson, Moderna, Pfizer/BioNTech, Pfizer/BioNTech Kids",6954497,6865614,4148252,0,13820111
2022-04-28,"Indie, Johnson&Johnson, Moderna, Pfizer/BioNTech, Pfizer/BioNTech Kids",6954691,6865904,4150675,0,13820595
2022-04-29,"Indie, Johnson&Johnson, Moderna, Pfizer/BioNTech, Pfizer/BioNTech Kids",6955129,6866493,4155455,0,13821622
2022-04-30,"Indie, Moderna, Pfizer/BioNTech, Pfizer/BioNTech Kids",6955175,6866560,4156032,0,13821735
2022-05-01,"Indie, Moderna, Oxford/AstraZeneca, Pfizer/BioNTech, Pfizer/BioNTech Kids",6955180,6866570,4156131,0,13821750
2022-05-02,"Indie, Johnson&Johnson, Moderna, Pfizer/BioNTech, Pfizer/BioNTech Kids",6955320,6866752,4157421,0,13822072
2022-05-03,"Indie, Johnson&Johnson, Moderna, Pfizer/BioNTech, Pfizer/BioNTech Kids",6955477,6867008,4158815,0,13822485
2022-05-04,"Indie, Johnson&Johnson, Moderna, Pfizer/BioNTech, Pfizer/BioNTech Kids",6955683,6867284,4160944,0,13822967
2022-05-05,"Indie, Johnson&Johnson, Moderna, Pfizer/BioNTech, Pfizer/BioNTech Kids",6955891,6867576,4163075,0,13823467
2022-05-06,"Indie, Johnson&Johnson, Moderna, Pfizer/BioNTech, Pfizer/BioNTech Kids",6956266,6867918,4168023,0,13824184
2022-05-07,"Indie, Moderna, Pfizer/BioNTech, Pfizer/BioNTech Kids",6956293,6867945,4168365,0,13824238
2022-05-08,"Moderna, Pfizer/BioNTech, Pfizer/BioNTech Kids",6956295,6867954,4168410,0,13824249
2022-05-09,"Indie, Johnson&Johnson, Moderna, Pfizer/BioNTech, Pfizer/BioNTech Kids",6956403,6868044,4169698,0,13824447
2022-05-10,"Indie, Johnson&Johnson, Moderna, Pfizer/BioNTech, Pfizer/BioNTech Kids",6956557,6868282,4171313,0,13824839
2022-05-11,"Indie, Johnson&Johnson, Moderna, Oxford/AstraZeneca, Pfizer/BioNTech, Pfizer/BioNTech Kids",6956778,6868551,4173624,0,13825329
2022-05-12,"Indie, Johnson&Johnson, Moderna, Pfizer/BioNTech, Pfizer/BioNTech Kids",6956987,6868829,4175754,0,13825816
2022-05-13,"Indie, Johnson&Johnson, Moderna, Pfizer/BioNTech, Pfizer/BioNTech Kids",6957334,6869330,4179964,0,13826664
2022-05-14,"Indie, Johnson&Johnson, Moderna, Pfizer/BioNTech, Pfizer/BioNTech Kids",6957375,6869370,4180552,0,13826745
2022-05-15,"Indie, Johnson&Johnson, Moderna, Pfizer/BioNTech, Pfizer/BioNTech Kids",6957390,6869381,4180654,0,13826771
2022-05-16,"Indie, Johnson&Johnson, Moderna, Pfizer/BioNTech, Pfizer/BioNTech Kids",6957500,6869501,4181989,0,13827001
2022-05-17,"Indie, Johnson&Johnson, Moderna, Pfizer/BioNTech, Pfizer/BioNTech Kids",6957643,6869659,4183402,0,13827302
2022-05-18,"Indie, Indie/AstraZeneca, Johnson&Johnson, Moderna, Pfizer/BioNTech, Pfizer/BioNTech Kids",6957879,6869993,4185416,0,13827872
2022-05-19,"Indie, Johnson&Johnson, Moderna, Pfizer/BioNTech, Pfizer/BioNTech Kids",6958074,6870245,4187249,0,13828319
2022-05-20,"Indie, Johnson&Johnson, Moderna, Pfizer/BioNTech, Pfizer/BioNTech Kids",6958378,6870798,4191259,0,13829176
2022-05-21,"Indie, Johnson&Johnson, Moderna, Pfizer/BioNTech, Pfizer/BioNTech Kids",6958417,6870827,4191530,0,13829244
2022-05-22,"Johnson&Johnson, Moderna, Pfizer/BioNTech, Pfizer/BioNTech Kids",6958427,6870836,4191673,0,13829263
2022-05-23,"Indie, Johnson&Johnson, Moderna, Pfizer/BioNTech, Pfizer/BioNTech Kids",6958548,6870990,4192996,0,13829538
2022-05-24,"Indie, Johnson&Johnson, Moderna, Pfizer/BioNTech, Pfizer/BioNTech Kids",6958679,6871166,4194245,0,13829845
2022-05-25,"Indie, Indie/AstraZeneca, Johnson&Johnson, Moderna, Oxford/AstraZeneca, Pfizer/BioNTech, Pfizer/BioNTech Kids",6958861,6871415,4196614,0,13830276
2022-05-26,"Indie, Johnson&Johnson, Moderna, Pfizer/BioNTech, Pfizer/BioNTech Kids",6959013,6871641,4198273,0,13830654
2022-05-27,"Indie, Johnson&Johnson, Moderna, Pfizer/BioNTech, Pfizer/BioNTech Kids",6959285,6872109,4202027,0,13831394
2022-05-28,"Indie, Moderna, Pfizer/BioNTech, Pfizer/BioNTech Kids",6959323,6872158,4202417,0,13831481
2022-05-29,"Indie, Moderna, Pfizer/BioNTech, Pfizer/BioNTech Kids",6959332,6872162,4202533,0,13831494
2022-05-30,"Indie, Johnson&Johnson, Moderna, Oxford/AstraZeneca, Pfizer/BioNTech, Pfizer/BioNTech Kids",6959423,6872326,4203612,0,13831749
2022-05-31,"Indie, Johnson&Johnson, Moderna, Pfizer/BioNTech, Pfizer/BioNTech Kids",6959575,6872526,4204867,0,13832101
2022-06-01,"Indie, Johnson&Johnson, Moderna, Pfizer/BioNTech, Pfizer/BioNTech Kids",6959715,6872755,4206301,0,13832470
2022-06-02,"Indie, Moderna, Pfizer/BioNTech, Pfizer/BioNTech Kids",6959847,6873000,4207639,0,13832847
2022-06-03,"Indie, Johnson&Johnson, Moderna, Pfizer/BioNTech, Pfizer/BioNTech Kids",6960111,6873460,4210556,0,13833571
2022-06-04,"Indie, Johnson&Johnson, Moderna, Pfizer/BioNTech, Pfizer/BioNTech Kids",6960143,6873498,4210959,0,13833641
2022-06-05,"Indie, Moderna, Pfizer/BioNTech, Pfizer/BioNTech Kids",6960150,6873504,4211065,0,13833654
2022-06-06,"Indie, Johnson&Johnson, Moderna, Pfizer/BioNTech, Pfizer/BioNTech Kids",6960240,6873647,4212185,0,13833887
2022-06-07,"Indie, Johnson&Johnson, Moderna, Pfizer/BioNTech, Pfizer/BioNTech Kids",6960327,6873806,4213043,0,13834133
2022-06-08,"Indie, Indie/AstraZeneca, Johnson&Johnson, Moderna, Pfizer/BioNTech, Pfizer/BioNTech Kids",6960463,6874055,4214541,0,13834518
2022-06-09,"Indie, Johnson&Johnson, Moderna, Pfizer/BioNTech, Pfizer/BioNTech Kids",6960565,6874257,4215745,0,13834822
2022-06-10,"Indie, Johnson&Johnson, Moderna, Pfizer/BioNTech, Pfizer/BioNTech Kids",6960751,6874598,4218028,0,13835349
2022-06-11,"Indie, Moderna, Pfizer/BioNTech, Pfizer/BioNTech Kids",6960765,6874637,4218206,0,13835402
2022-06-12,"Indie, Moderna, Pfizer/BioNTech, Pfizer/BioNTech Kids",6960771,6874660,4218288,0,13835431
2022-06-13,"Indie, Johnson&Johnson, Moderna, Oxford/AstraZeneca, Pfizer/BioNTech, Pfizer/BioNTech Kids",6960838,6874786,4219136,0,13835624
2022-06-14,"Indie, Johnson&Johnson, Moderna, Pfizer/BioNTech, Pfizer/BioNTech Kids",6960918,6874934,4219935,0,13835852
2022-06-15,"Indie, Johnson&Johnson, Moderna, Pfizer/BioNTech, Pfizer/BioNTech Kids",6961002,6875129,4221097,0,13836131
2022-06-16,"Indie, Johnson&Johnson, Moderna, Pfizer/BioNTech, Pfizer/BioNTech Kids",6961068,6875305,4222054,0,13836373
2022-06-17,"Indie, Johnson&Johnson, Moderna, Pfizer/BioNTech, Pfizer/BioNTech Kids, Čína",6961223,6875593,4224220,0,13836816
2022-06-18,"Indie, Moderna, Pfizer/BioNTech, Pfizer/BioNTech Kids",6961235,6875632,4224330,0,13836867
2022-06-19,"Moderna, Pfizer/BioNTech, Pfizer/BioNTech Kids",6961239,6875640,4224389,0,13836879
2022-06-20,"Indie, Johnson&Johnson, Moderna, Pfizer/BioNTech, Pfizer/BioNTech Kids",6961305,6875764,4225105,0,13837069
2022-06-21,"Indie, Johnson&Johnson, Moderna, Pfizer/BioNTech, Pfizer/BioNTech Kids",6961368,6875890,4225883,0,13837258
2022-06-22,"Indie, Johnson&Johnson, Moderna, Pfizer/BioNTech, Pfizer/BioNTech Kids",6961466,6876074,4227013,0,13837540
2022-06-23,"Indie, Johnson&Johnson, Moderna, Pfizer/BioNTech, Pfizer/BioNTech Kids",6961526,6876246,4228002,0,13837772
2022-06-24,"Indie, Johnson&Johnson, Moderna, Pfizer/BioNTech, Pfizer/BioNTech Kids",6961687,6876597,4229903,0,13838284
2022-06-25,"Indie, Moderna, Pfizer/BioNTech, Pfizer/BioNTech Kids",6961706,6876650,4230251,0,13838356
2022-06-26,"Moderna, Pfizer/BioNTech, Pfizer/BioNTech Kids",6961708,6876661,4230318,0,13838369
2022-06-27,"Indie, Johnson&Johnson, Moderna, Pfizer/BioNTech, Pfizer/BioNTech Kids",6961781,6876778,4231155,0,13838559
2022-06-28,"Indie, Johnson&Johnson, Moderna, Pfizer/BioNTech, Pfizer/BioNTech Kids",6961856,6876894,4231977,0,13838750
2022-06-29,"Indie, Johnson&Johnson, Moderna, Pfizer/BioNTech, Pfizer/BioNTech Kids",6961976,6877080,4233303,0,13839056
2022-06-30,"Indie, Johnson&Johnson, Moderna, Pfizer/BioNTech, Pfizer/BioNTech Kids",6962076,6877238,4234479,0,13839314
2022-07-01,"Indie, Johnson&Johnson, Moderna, Oxford/AstraZeneca, Pfizer/BioNTech, Pfizer/BioNTech Kids",6962259,6877489,4236543,0,13839748
2022-07-02,"Indie, Moderna, Pfizer/BioNTech, Pfizer/BioNTech Kids",6962273,6877496,4236684,0,13839769
2022-07-03,"Moderna, Pfizer/BioNTech, Pfizer/BioNTech Kids",6962276,6877506,4236749,0,13839782
2022-07-04,"Indie, Johnson&Johnson, Moderna, Pfizer/BioNTech, Pfizer/BioNTech Kids",6962362,6877574,4237543,0,13839936
2022-07-05,"Indie, Moderna, Pfizer/BioNTech, Pfizer/BioNTech Kids",6962373,6877576,4237579,0,13839949
2022-07-06,"Moderna, Pfizer/BioNTech",6962381,6877584,4237617,0,13839965
2022-07-07,"Indie, Johnson&Johnson, Moderna, Pfizer/BioNTech, Pfizer/BioNTech Kids",6962490,6877687,4238603,0,13840177
2022-07-08,"Indie, Indie/AstraZeneca, Johnson&Johnson, Moderna, Oxford/AstraZeneca, Pfizer/BioNTech, Pfizer/BioNTech Kids",6962658,6877883,4240746,0,13840541
2022-07-09,"Indie, Johnson&Johnson, Moderna, Pfizer/BioNTech, Pfizer/BioNTech Kids",6962668,6877892,4240866,0,13840560
2022-07-10,"Moderna, Pfizer/BioNTech, Pfizer/BioNTech Kids",6962672,6877902,4240954,0,13840574
2022-07-11,"Indie, Johnson&Johnson, Moderna, Pfizer/BioNTech, Pfizer/BioNTech Kids",6962772,6877994,4242050,0,13840766
2022-07-12,"Indie, Johnson&Johnson, Moderna, Pfizer/BioNTech, Pfizer/BioNTech Kids",6962875,6878090,4243118,0,13840965
2022-07-13,"Indie, Johnson&Johnson, Moderna, Pfizer/BioNTech, Pfizer/BioNTech Kids",6963052,6878219,4245000,0,13841271
2022-07-14,"Indie, Johnson&Johnson, Moderna, Pfizer/BioNTech, Pfizer/BioNTech Kids",6963186,6878316,4246318,0,13841502
2022-07-15,"Indie, Johnson&Johnson, Moderna, Pfizer/BioNTech, Pfizer/BioNTech Kids",6963445,6878529,4249549,46,13841974
2022-07-16,"Indie, Johnson&Johnson, Moderna, Pfizer/BioNTech, Pfizer/BioNTech Kids",6963482,6878561,4249952,48,13842043
2022-07-17,"Moderna, Pfizer/BioNTech, Pfizer/BioNTech Kids, Čína",6963488,6878568,4250049,48,13842056
2022-07-18,"Indie, Johnson&Johnson, Moderna, Oxford/AstraZeneca, Pfizer/BioNTech, Pfizer/BioNTech Kids",6963626,6878671,4251094,1976,13842297
2022-07-19,"Indie, Johnson&Johnson, Moderna, Pfizer/BioNTech, Pfizer/BioNTech Kids",6963722,6878742,4252112,4985,13842464
2022-07-20,"Indie, Johnson&Johnson, Moderna, Pfizer/BioNTech, Pfizer/BioNTech Kids",6963825,6878850,4253862,8756,13842675
2022-07-21,"Indie, Johnson&Johnson, Moderna, Pfizer/BioNTech, Pfizer/BioNTech Kids",6963942,6878933,4255216,12942,13842875
2022-07-22,"Indie, Johnson&Johnson, Moderna, Oxford/AstraZeneca, Pfizer/BioNTech, Pfizer/BioNTech Kids, Čína",6964152,6879149,4258045,20672,13843301
2022-07-23,"Indie, Johnson&Johnson, Moderna, Pfizer/BioNTech, Pfizer/BioNTech Kids",6964176,6879165,4258174,21027,13843341
2022-07-24,"Moderna, Pfizer/BioNTech, Pfizer/BioNTech Kids",6964181,6879175,4258238,21244,13843356
2022-07-25,"Indie, Johnson&Johnson, Moderna, Pfizer/BioNTech, Pfizer/BioNTech Kids",6964274,6879257,4259230,25288,13843531
2022-07-26,"Indie, Johnson&Johnson, Moderna, Pfizer/BioNTech, Pfizer/BioNTech Kids",6964381,6879332,4260414,30656,13843713
2022-07-27,"Indie, Johnson&Johnson, Moderna, Pfizer/BioNTech, Pfizer/BioNTech Kids",6964509,6879422,4262152,37050,13843931
2022-07-28,"Indie, Johnson&Johnson, Moderna, Pfizer/BioNTech, Pfizer/BioNTech Kids",6964629,6879551,4263672,42594,13844180
2022-07-29,"Indie, Johnson&Johnson, Moderna, Pfizer/BioNTech, Pfizer/BioNTech Kids",6964869,6879768,4266248,48998,13844637
2022-07-30,"Indie, Johnson&Johnson, Moderna, Pfizer/BioNTech, Pfizer/BioNTech Kids",6964885,6879783,4266439,49703,13844668
2022-07-31,"Johnson&Johnson, Moderna, Pfizer/BioNTech, Pfizer/BioNTech Kids",6964899,6879788,4266527,49813,13844687
2022-08-01,"Indie, Johnson&Johnson, Moderna, Pfizer/BioNTech, Pfizer/BioNTech Kids",6964996,6879881,4267445,52483,13844877
2022-08-02,"Indie, Johnson&Johnson, Moderna, Pfizer/BioNTech, Pfizer/BioNTech Kids",6965110,6879968,4268506,56718,13845078
2022-08-03,"Indie, Johnson&Johnson, Moderna, Pfizer/BioNTech, Pfizer/BioNTech Kids",6965247,6880106,4269843,61254,13845353
2022-08-04,"Indie, Johnson&Johnson, Moderna, Pfizer/BioNTech, Pfizer/BioNTech Kids",6965392,6880267,4271292,66370,13845659
2022-08-05,"Indie, Johnson&Johnson, Moderna, Pfizer/BioNTech, Pfizer/BioNTech Kids",6965629,6880520,4273324,71959,13846149
2022-08-06,"Indie, Johnson&Johnson, Moderna, Pfizer/BioNTech, Pfizer/BioNTech Kids, Čína",6965646,6880548,4273622,72187,13846194
2022-08-07,"Moderna, Pfizer/BioNTech, Pfizer/BioNTech Kids",6965651,6880552,4273688,72268,13846203
2022-08-08,"Indie, Johnson&Johnson, Moderna, Pfizer/BioNTech, Pfizer/BioNTech Kids, Čína",6965752,6880664,4274466,75200,13846416
2022-08-09,"Indie, Johnson&Johnson, Moderna, Pfizer/BioNTech, Pfizer/BioNTech Kids",6965861,6880749,4275554,79723,13846610
2022-08-10,"Indie, Johnson&Johnson, Moderna, Pfizer/BioNTech, Pfizer/BioNTech Kids",6965985,6880858,4276701,84484,13846843
2022-08-11,"Indie, Johnson&Johnson, Moderna, Pfizer/BioNTech, Pfizer/BioNTech Kids",6966090,6880991,4277858,89351,13847081
2022-08-12,"Indie, Johnson&Johnson, Moderna, Pfizer/BioNTech, Pfizer/BioNTech Kids",6966236,6881203,4279669,94787,13847439
2022-08-13,"Johnson&Johnson, Moderna, Pfizer/BioNTech, Pfizer/BioNTech Kids",6966251,6881232,4279763,94975,13847483
2022-08-14,"Moderna, Pfizer/BioNTech, Pfizer/BioNTech Kids",6966254,6881237,4279814,95014,13847491
2022-08-15,"Indie, Johnson&Johnson, Moderna, Pfizer/BioNTech, Pfizer/BioNTech Kids",6966345,6881356,4280613,98089,13847701
2022-08-16,"Indie, Johnson&Johnson, Moderna, Pfizer/BioNTech, Pfizer/BioNTech Kids",6966444,6881467,4281535,102356,13847911
2022-08-17,"Indie, Johnson&Johnson, Moderna, Pfizer/BioNTech, Pfizer/BioNTech Kids, Čína",6966533,6881594,4282565,107730,13848127
2022-08-18,"Indie, Johnson&Johnson, Moderna, Pfizer/BioNTech, Pfizer/BioNTech Kids",6966640,6881739,4283749,113680,13848379
2022-08-19,"Indie, Johnson&Johnson, Moderna, Pfizer/BioNTech, Pfizer/BioNTech Kids",6966817,6881957,4285580,120702,13848774
2022-08-20,"Indie, Moderna, Oxford/AstraZeneca, Pfizer/BioNTech, Pfizer/BioNTech Kids",6966827,6881968,4285751,121594,13848795
2022-08-21,"Moderna, Pfizer/BioNTech, Pfizer/BioNTech Kids",6966830,6881978,4285802,121810,13848808
2022-08-22,"Indie, Johnson&Johnson, Moderna, Oxford/AstraZeneca, Pfizer/BioNTech, Pfizer/BioNTech Kids",6966917,6882082,4286578,125622,13848999
2022-08-23,"Indie, Johnson&Johnson, Moderna, Pfizer/BioNTech, Pfizer/BioNTech Kids",6967049,6882220,4287507,130312,13849269
2022-08-24,"Indie, Johnson&Johnson, Moderna, Pfizer/BioNTech, Pfizer/BioNTech Kids",6967143,6882354,4288577,135738,13849497
2022-08-25,"Indie, Johnson&Johnson, Moderna, Pfizer/BioNTech, Pfizer/BioNTech Kids",6967258,6882467,4289779,141902,13849725
2022-08-26,"Indie, Johnson&Johnson, Moderna, Pfizer/BioNTech, Pfizer/BioNTech Kids",6967423,6882700,4291459,148609,13850123
2022-08-27,"Indie, Johnson&Johnson, Moderna, Pfizer/BioNTech, Pfizer/BioNTech Kids",6967459,6882729,4291683,148954,13850188
2022-08-28,"Indie, Moderna, Pfizer/BioNTech, Pfizer/BioNTech Kids",6967467,6882742,4291728,149039,13850209
2022-08-29,"Indie, Johnson&Johnson, Moderna, Pfizer/BioNTech, Pfizer/BioNTech Kids",6967543,6882842,4292502,152522,13850385
2022-08-30,"Indie, Johnson&Johnson, Moderna, Pfizer/BioNTech, Pfizer/BioNTech Kids",6967637,6882945,4293415,157500,13850582
2022-08-31,"Indie, Johnson&Johnson, Moderna, Pfizer/BioNTech, Pfizer/BioNTech Kids",6967757,6883084,4294409,162086,13850841
2022-09-01,"Indie, Johnson&Johnson, Moderna, Pfizer/BioNTech, Pfizer/BioNTech Kids",6967867,6883200,4295368,167802,13851067
2022-09-02,"Indie, Johnson&Johnson, Moderna, Pfizer/BioNTech, Pfizer/BioNTech Kids",6968041,6883395,4296724,173993,13851436
2022-09-03,"Indie, Johnson&Johnson, Moderna, Pfizer/BioNTech, Pfizer/BioNTech Kids",6968056,6883411,4296804,174101,13851467
2022-09-04,"Moderna, Pfizer/BioNTech, Pfizer/BioNTech Kids",6968061,6883412,4296836,174135,13851473
2022-09-05,"Indie, Johnson&Johnson, Moderna, Pfizer/BioNTech, Pfizer/BioNTech Kids",6968139,6883510,4297570,177966,13851649
2022-09-06,"Indie, Johnson&Johnson, Moderna, Pfizer/BioNTech, Pfizer/BioNTech Kids, Čína",6968215,6883600,4298296,182711,13851815
2022-09-07,"Indie, Johnson&Johnson, Moderna, Oxford/AstraZeneca, Pfizer/BioNTech, Pfizer/BioNTech Kids, Pfizer/BioNTech original + BA.1",6968296,6883692,4299194,188482,13851988
2022-09-08,"Indie, Johnson&Johnson, Moderna, Pfizer/BioNTech, Pfizer/BioNTech Kids, Pfizer/BioNTech original + BA.1",6968386,6883789,4300192,194455,13852175
2022-09-09,"Indie, Johnson&Johnson, Moderna, Pfizer/BioNTech, Pfizer/BioNTech Kids, Pfizer/BioNTech original + BA.1, Pfizer/BioNTech original + BA.4/5",6968534,6883933,4301363,200173,13852467
2022-09-10,"Indie, Moderna, Pfizer/BioNTech, Pfizer/BioNTech Kids, Pfizer/BioNTech original + BA.1",6968545,6883948,4301449,200319,13852493
2022-09-11,"Moderna, Pfizer/BioNTech, Pfizer/BioNTech Kids, Pfizer/BioNTech original + BA.1",6968553,6883951,4301472,200357,13852504
2022-09-12,"Indie, Johnson&Johnson, Moderna, Moderna bivalent BA.1, Pfizer/BioNTech, Pfizer/BioNTech Kids, Pfizer/BioNTech original + BA.1, Pfizer/BioNTech original + BA.4/5",6968650,6884048,4302075,203733,13852698
2022-09-13,"Indie, Johnson&Johnson, Moderna, Pfizer/BioNTech, Pfizer/BioNTech Kids, Pfizer/BioNTech original + BA.1",6968738,6884143,4302796,208961,13852881
2022-09-14,"Indie, Johnson&Johnson, Moderna, Pfizer/BioNTech, Pfizer/BioNTech Kids, Pfizer/BioNTech original + BA.1, Pfizer/BioNTech original + BA.4/5",6968831,6884253,4303624,215197,13853084
2022-09-15,"Indie, Johnson&Johnson, Moderna, Oxford/AstraZeneca, Pfizer/BioNTech, Pfizer/BioNTech Kids, Pfizer/BioNTech original + BA.1, Pfizer/BioNTech original + BA.4/5",6968934,6884349,4304623,222564,13853283
2022-09-16,"Indie, Johnson&Johnson, Moderna, Moderna bivalent BA.1, Pfizer/BioNTech, Pfizer/BioNTech Kids, Pfizer/BioNTech original + BA.1, Pfizer/BioNTech original + BA.4/5",6969084,6884526,4305995,231785,13853610
2022-09-17,"Johnson&Johnson, Moderna, Pfizer/BioNTech, Pfizer/BioNTech Kids, Pfizer/BioNTech original + BA.1",6969092,6884546,4306187,232621,13853638
2022-09-18,"Indie, Johnson&Johnson, Moderna, Pfizer/BioNTech, Pfizer/BioNTech Kids, Pfizer/BioNTech original + BA.1, Pfizer/BioNTech original + BA.4/5",6969098,6884555,4306264,232853,13853653
2022-09-19,"Indie, Johnson&Johnson, Moderna, Moderna bivalent BA.1, Pfizer/BioNTech, Pfizer/BioNTech Kids, Pfizer/BioNTech original + BA.1, Pfizer/BioNTech original + BA.4/5",6969161,6884616,4306905,238412,13853777
2022-09-20,"Indie, Johnson&Johnson, Moderna, Pfizer/BioNTech, Pfizer/BioNTech Kids, Pfizer/BioNTech original + BA.1, Pfizer/BioNTech original + BA.4/5",6969250,6884690,4307818,246538,13853940
2022-09-21,"Indie, Moderna, Moderna bivalent BA.1, Oxford/AstraZeneca, Pfizer/BioNTech, Pfizer/BioNTech Kids, Pfizer/BioNTech original + BA.1, Pfizer/BioNTech original + BA.4/5",6969333,6884788,4308869,256063,13854121
2022-09-22,"Indie, Johnson&Johnson, Moderna, Moderna bivalent BA.1, Pfizer/BioNTech, Pfizer/BioNTech Kids, Pfizer/BioNTech original + BA.1, Pfizer/BioNTech original + BA.4/5",6969396,6884879,4309768,265458,13854275
2022-09-23,"Indie, Johnson&Johnson, Moderna, Moderna bivalent BA.1, Pfizer/BioNTech, Pfizer/BioNTech Kids, Pfizer/BioNTech original + BA.1, Pfizer/BioNTech original + BA.4/5",6969517,6885029,4310984,276141,13854546
2022-09-24,"Indie, Moderna, Moderna bivalent BA.1, Pfizer/BioNTech, Pfizer/BioNTech Kids, Pfizer/BioNTech original + BA.1, Pfizer/BioNTech original + BA.4/5",6969522,6885045,4311076,276518,13854567
2022-09-25,"Moderna, Pfizer/BioNTech, Pfizer/BioNTech original + BA.1, Pfizer/BioNTech original + BA.4/5",6969524,6885046,4311102,276662,13854570
2022-09-26,"Indie, Johnson&Johnson, Moderna, Moderna bivalent BA.1, Pfizer/BioNTech, Pfizer/BioNTech Kids, Pfizer/BioNTech original + BA.1, Pfizer/BioNTech original + BA.4/5",6969557,6885115,4311799,283214,13854672
2022-09-27,"Indie, Johnson&Johnson, Moderna, Moderna bivalent BA.1, Pfizer/BioNTech, Pfizer/BioNTech Kids, Pfizer/BioNTech original + BA.1, Pfizer/BioNTech original + BA.4/5",6969635,6885219,4312666,291963,13854854
2022-09-28,"Moderna, Pfizer/BioNTech, Pfizer/BioNTech Kids, Pfizer/BioNTech original + BA.1, Pfizer/BioNTech original + BA.4/5, Valneva",6969640,6885220,4312679,292031,13854860
2022-09-29,"Indie, Johnson&Johnson, Moderna, Moderna bivalent BA.1, Pfizer/BioNTech, Pfizer/BioNTech Kids, Pfizer/BioNTech original + BA.1, Pfizer/BioNTech original + BA.4/5",6969701,6885312,4313624,301289,13855013
2022-09-30,"Indie, Johnson&Johnson, Moderna, Moderna bivalent BA.1, Pfizer/BioNTech, Pfizer/BioNTech Kids, Pfizer/BioNTech original + BA.1, Pfizer/BioNTech original + BA.4/5",6969831,6885480,4315010,312767,13855311
2022-10-01,"Moderna, Moderna bivalent BA.1, Pfizer/BioNTech, Pfizer/BioNTech Kids, Pfizer/BioNTech original + BA.1, Pfizer/BioNTech original + BA.4/5",6969839,6885491,4315106,313331,13855330
2022-10-02,"Indie, Moderna bivalent BA.1, Pfizer/BioNTech, Pfizer/BioNTech original + BA.4/5",6969842,6885492,4315182,313868,13855334
2022-10-03,"Indie, Johnson&Johnson, Moderna, Moderna bivalent BA.1, Pfizer/BioNTech, Pfizer/BioNTech Kids, Pfizer/BioNTech original + BA.1, Pfizer/BioNTech original + BA.4/5",6969933,6885579,4315948,321800,13855512
2022-10-04,"Indie, Johnson&Johnson, Moderna, Moderna bivalent BA.1, Pfizer/BioNTech, Pfizer/BioNTech Kids, Pfizer/BioNTech original + BA.1, Pfizer/BioNTech original + BA.4/5, Čína",6970014,6885675,4316790,331941,13855689
2022-10-05,"Indie, Johnson&Johnson, Moderna, Moderna bivalent BA.1, Pfizer/BioNTech, Pfizer/BioNTech Kids, Pfizer/BioNTech original + BA.1, Pfizer/BioNTech original + BA.4/5",6970078,6885767,4317831,343801,13855845
2022-10-06,"Indie, Johnson&Johnson, Moderna, Moderna bivalent BA.1, Pfizer/BioNTech, Pfizer/BioNTech Kids, Pfizer/BioNTech original + BA.1, Pfizer/BioNTech original + BA.4/5, Čína",6970170,6885901,4319020,357132,13856071
2022-10-07,"Indie, Johnson&Johnson, Moderna, Moderna bivalent BA.1, Pfizer/BioNTech, Pfizer/BioNTech Kids, Pfizer/BioNTech original + BA.1, Pfizer/BioNTech original + BA.4/5",6970310,6886062,4320640,374050,13856372
2022-10-08,"Indie, Moderna bivalent BA.1, Pfizer/BioNTech, Pfizer/BioNTech Kids, Pfizer/BioNTech original + BA.1, Pfizer/BioNTech original + BA.4/5",6970326,6886068,4320775,375004,13856394
2022-10-09,"Moderna bivalent BA.1, Pfizer/BioNTech, Pfizer/BioNTech original + BA.1, Pfizer/BioNTech original + BA.4/5",6970326,6886069,4320804,375158,13856395
2022-10-10,"Indie, Johnson&Johnson, Moderna, Moderna bivalent BA.1, Pfizer/BioNTech, Pfizer/BioNTech Kids, Pfizer/BioNTech original + BA.1, Pfizer/BioNTech original + BA.4/5",6970371,6886140,4321570,384398,13856511
2022-10-11,"Indie, Johnson&Johnson, Moderna, Moderna bivalent BA.1, Pfizer/BioNTech, Pfizer/BioNTech Kids, Pfizer/BioNTech original + BA.1, Pfizer/BioNTech original + BA.4/5",6970437,6886240,4322649,397074,13856677
2022-10-12,"Indie, Moderna, Moderna bivalent BA.1, Pfizer/BioNTech, Pfizer/BioNTech Kids, Pfizer/BioNTech original + BA.1, Pfizer/BioNTech original + BA.4/5",6970533,6886336,4323915,410851,13856869
2022-10-13,"Indie, Johnson&Johnson, Moderna, Moderna bivalent BA.1, Pfizer/BioNTech, Pfizer/BioNTech Kids, Pfizer/BioNTech original + BA.1, Pfizer/BioNTech original + BA.4/5",6970618,6886433,4325241,425772,13857051
2022-10-14,"Indie, Johnson&Johnson, Moderna, Moderna bivalent BA.1, Pfizer/BioNTech, Pfizer/BioNTech Kids, Pfizer/BioNTech original + BA.1, Pfizer/BioNTech original + BA.4/5",6970750,6886578,4327194,444520,13857328
2022-10-15,"Moderna bivalent BA.1, Pfizer/BioNTech, Pfizer/BioNTech Kids, Pfizer/BioNTech original + BA.1, Pfizer/BioNTech original + BA.4/5",6970765,6886589,4327355,445759,13857354
2022-10-16,"Indie, Moderna, Moderna bivalent BA.1, Pfizer/BioNTech, Pfizer/BioNTech Kids, Pfizer/BioNTech original + BA.1, Pfizer/BioNTech original + BA.4/5",6970766,6886592,4327384,445933,13857358
2022-10-17,"Indie, Johnson&Johnson, Moderna, Moderna bivalent BA.1, Pfizer/BioNTech, Pfizer/BioNTech Kids, Pfizer/BioNTech original + BA.1, Pfizer/BioNTech original + BA.4/5",6970820,6886645,4328234,454641,13857465
2022-10-18,"Indie, Johnson&Johnson, Moderna, Moderna bivalent BA.1, Pfizer/BioNTech, Pfizer/BioNTech Kids, Pfizer/BioNTech original + BA.1, Pfizer/BioNTech original + BA.4/5",6970882,6886708,4329358,467178,13857590
2022-10-19,"Indie, Johnson&Johnson, Moderna, Moderna bivalent BA.1, Pfizer/BioNTech, Pfizer/BioNTech Kids, Pfizer/BioNTech original + BA.1, Pfizer/BioNTech original + BA.4/5",6970934,6886765,4330587,480664,13857699
2022-10-20,"Indie, Moderna, Moderna bivalent BA.1, Pfizer/BioNTech, Pfizer/BioNTech Kids, Pfizer/BioNTech original + BA.1, Pfizer/BioNTech original + BA.4/5",6971001,6886832,4331906,496032,13857833
2022-10-21,"Indie, Johnson&Johnson, Moderna, Moderna bivalent BA.1, Pfizer/BioNTech, Pfizer/BioNTech Kids, Pfizer/BioNTech original + BA.1, Pfizer/BioNTech original + BA.4/5",6971119,6886943,4333737,514787,13858062
2022-10-22,"Indie, Johnson&Johnson, Moderna, Moderna bivalent BA.1, Pfizer/BioNTech, Pfizer/BioNTech Kids, Pfizer/BioNTech original + BA.1, Pfizer/BioNTech original + BA.4/5",6971135,6886958,4333881,516312,13858093
2022-10-23,"Indie, Moderna, Moderna bivalent BA.1, Pfizer/BioNTech, Pfizer/BioNTech Kids, Pfizer/BioNTech original + BA.1, Pfizer/BioNTech original + BA.4/5",6971137,6886962,4333909,516475,13858099
2022-10-24,"Indie, Johnson&Johnson, Moderna, Moderna bivalent BA.1, Pfizer/BioNTech, Pfizer/BioNTech Kids, Pfizer/BioNTech original + BA.1, Pfizer/BioNTech original + BA.4/5",6971168,6887017,4334693,525238,13858185
2022-10-25,"Indie, Johnson&Johnson, Moderna, Moderna bivalent BA.1, Pfizer/BioNTech, Pfizer/BioNTech Kids, Pfizer/BioNTech original + BA.1, Pfizer/BioNTech original + BA.4/5",6971236,6887094,4335676,537104,13858330
2022-10-26,"Indie, Johnson&Johnson, Moderna, Moderna bivalent BA.1, Pfizer/BioNTech, Pfizer/BioNTech Kids, Pfizer/BioNTech original + BA.1, Pfizer/BioNTech original + BA.4/5",6971289,6887149,4336767,549462,13858438
2022-10-27,"Indie, Johnson&Johnson, Moderna, Moderna bivalent BA.1, Pfizer/BioNTech, Pfizer/BioNTech Kids, Pfizer/BioNTech original + BA.1, Pfizer/BioNTech original + BA.4/5",6971323,6887236,4338012,562873,13858559
2022-10-28,"Moderna, Pfizer/BioNTech, Pfizer/BioNTech original + BA.1, Pfizer/BioNTech original + BA.4/5, Valneva",6971327,6887242,4338050,563333,13858569
2022-10-29,"Indie, Johnson&Johnson, Moderna, Moderna bivalent BA.1, Pfizer/BioNTech, Pfizer/BioNTech Kids, Pfizer/BioNTech original + BA.1, Pfizer/BioNTech original + BA.4/5",6971333,6887257,4338181,564244,13858590
2022-10-30,"Moderna, Moderna bivalent BA.1, Pfizer/BioNTech, Pfizer/BioNTech Kids, Pfizer/BioNTech original + BA.4/5",6971336,6887260,4338202,564677,13858596
2022-10-31,"Indie, Johnson&Johnson, Moderna, Moderna bivalent BA.1, Pfizer/BioNTech, Pfizer/BioNTech Kids, Pfizer/BioNTech original + BA.1, Pfizer/BioNTech original + BA.4/5",6971388,6887349,4338832,571602,13858737
2022-11-01,"Indie, Johnson&Johnson, Moderna, Moderna bivalent BA.1, Pfizer/BioNTech, Pfizer/BioNTech Kids, Pfizer/BioNTech original + BA.1, Pfizer/BioNTech original + BA.4/5",6971434,6887405,4339631,581731,13858839
2022-11-02,"Indie, Johnson&Johnson, Moderna, Moderna bivalent BA.1, Pfizer/BioNTech, Pfizer/BioNTech Kids, Pfizer/BioNTech original + BA.1, Pfizer/BioNTech original + BA.4/5",6971470,6887483,4340481,592482,13858953
2022-11-03,"Indie, Johnson&Johnson, Moderna, Moderna bivalent BA.1, Pfizer/BioNTech, Pfizer/BioNTech Kids, Pfizer/BioNTech original + BA.1, Pfizer/BioNTech original + BA.4/5",6971510,6887564,4341364,604229,13859074
2022-11-04,"Indie, Johnson&Johnson, Moderna, Moderna bivalent BA.1, Pfizer/BioNTech, Pfizer/BioNTech Kids, Pfizer/BioNTech original + BA.1, Pfizer/BioNTech original + BA.4/5",6971630,6887712,4342727,619502,13859342
2022-11-05,"Indie, Moderna, Moderna bivalent BA.1, Pfizer/BioNTech, Pfizer/BioNTech Kids, Pfizer/BioNTech original + BA.1, Pfizer/BioNTech original + BA.4/5",6971638,6887723,4342822,620329,13859361
2022-11-06,"Indie, Moderna bivalent BA.1, Pfizer/BioNTech, Pfizer/BioNTech original + BA.1, Pfizer/BioNTech original + BA.4/5",6971640,6887723,4342848,620460,13859363
2022-11-07,"Indie, Johnson&Johnson, Moderna, Moderna bivalent BA.1, Pfizer/BioNTech, Pfizer/BioNTech Kids, Pfizer/BioNTech original + BA.1, Pfizer/BioNTech original + BA.4/5",6971680,6887786,4343409,627201,13859466
2022-11-08,"Indie, Johnson&Johnson, Moderna, Moderna bivalent BA.1, Pfizer/BioNTech, Pfizer/BioNTech Kids, Pfizer/BioNTech original + BA.1, Pfizer/BioNTech original + BA.4/5",6971728,6887852,4344086,636693,13859580
2022-11-09,"Indie, Johnson&Johnson, Moderna, Moderna bivalent BA.1, Pfizer/BioNTech, Pfizer/BioNTech Kids, Pfizer/BioNTech original + BA.1, Pfizer/BioNTech original + BA.4/5",6971775,6887904,4344816,645376,13859679
2022-11-10,"Indie, Johnson&Johnson, Moderna, Moderna bivalent BA.1, Pfizer/BioNTech, Pfizer/BioNTech Kids, Pfizer/BioNTech original + BA.1, Pfizer/BioNTech original + BA.4/5",6971833,6887969,4345537,654468,13859802
2022-11-11,"Indie, Johnson&Johnson, Moderna, Moderna bivalent BA.1, Pfizer/BioNTech, Pfizer/BioNTech Kids, Pfizer/BioNTech original + BA.1, Pfizer/BioNTech original + BA.4/5",6971926,6888094,4346495,665464,13860020
2022-11-12,"Indie, Johnson&Johnson, Moderna bivalent BA.1, Pfizer/BioNTech, Pfizer/BioNTech Kids, Pfizer/BioNTech original + BA.4/5",6971932,6888101,4346532,665703,13860033
2022-11-13,"Indie, Moderna, Pfizer/BioNTech original + BA.4/5",6971933,6888103,4346553,665802,13860036
2022-11-14,"Indie, Johnson&Johnson, Moderna, Moderna bivalent BA.1, Pfizer/BioNTech, Pfizer/BioNTech Kids, Pfizer/BioNTech original + BA.1, Pfizer/BioNTech original + BA.4/5",6971975,6888156,4346926,670804,13860131
2022-11-15,"Indie, Johnson&Johnson, Moderna, Moderna bivalent BA.1, Pfizer/BioNTech, Pfizer/BioNTech Kids, Pfizer/BioNTech original + BA.1, Pfizer/BioNTech original + BA.4/5",6972028,6888225,4347515,678347,13860253
2022-11-16,"Indie, Johnson&Johnson, Moderna, Moderna bivalent BA.1, Pfizer/BioNTech, Pfizer/BioNTech Kids, Pfizer/BioNTech Mini, Pfizer/BioNTech original + BA.1, Pfizer/BioNTech original + BA.4/5",6972081,6888301,4348163,686455,13860382
2022-11-17,"Moderna, Moderna bivalent BA.1, Pfizer/BioNTech, Pfizer/BioNTech original + BA.1, Pfizer/BioNTech original + BA.4/5",6972082,6888302,4348180,686662,13860384
2022-11-18,"Indie, Johnson&Johnson, Moderna, Moderna bivalent BA.1, Pfizer/BioNTech, Pfizer/BioNTech Kids, Pfizer/BioNTech original + BA.1, Pfizer/BioNTech original + BA.4/5",6972137,6888349,4348740,692977,13860486
2022-11-19,"Indie, Johnson&Johnson, Moderna bivalent BA.1, Pfizer/BioNTech, Pfizer/BioNTech Kids, Pfizer/BioNTech original + BA.1, Pfizer/BioNTech original + BA.4/5",6972139,6888352,4348772,693289,13860491
2022-11-20,"Moderna bivalent BA.1, Pfizer/BioNTech, Pfizer/BioNTech original + BA.1, Pfizer/BioNTech original + BA.4/5",6972142,6888353,4348799,693577,13860495
2022-11-21,"Indie, Johnson&Johnson, Moderna, Moderna bivalent BA.1, Pfizer/BioNTech, Pfizer/BioNTech Kids, Pfizer/BioNTech original + BA.1, Pfizer/BioNTech original + BA.4/5",6972184,6888403,4349104,697723,13860587
2022-11-22,"Indie, Johnson&Johnson, Moderna, Moderna bivalent BA.1, Pfizer/BioNTech, Pfizer/BioNTech Kids, Pfizer/BioNTech original + BA.1, Pfizer/BioNTech original + BA.4/5",6972225,6888475,4349539,703460,13860700
2022-11-23,"Indie, Johnson&Johnson, Moderna, Moderna bivalent BA.1, Pfizer/BioNTech, Pfizer/BioNTech Kids, Pfizer/BioNTech original + BA.1, Pfizer/BioNTech original + BA.4/5",6972261,6888519,4350038,709155,13860780
2022-11-24,"Indie, Johnson&Johnson, Moderna, Moderna bivalent BA.1, Pfizer/BioNTech, Pfizer/BioNTech Kids, Pfizer/BioNTech original + BA.1, Pfizer/BioNTech original + BA.4/5",6972305,6888562,4350556,715785,13860867
2022-11-25,"Indie, Johnson&Johnson, Moderna, Moderna bivalent BA.1, Pfizer/BioNTech, Pfizer/BioNTech Kids, Pfizer/BioNTech original + BA.1, Pfizer/BioNTech original + BA.4/5",6972387,6888665,4351183,723909,13861052
2022-11-26,"Moderna, Moderna bivalent BA.1, Pfizer/BioNTech, Pfizer/BioNTech Kids, Pfizer/BioNTech original + BA.4/5",6972391,6888677,4351237,724070,13861068
2022-11-27,"Pfizer/BioNTech, Pfizer/BioNTech Kids, Pfizer/BioNTech original + BA.4/5",6972391,6888678,4351258,724159,13861069
2022-11-28,"Indie, Johnson&Johnson, Moderna, Moderna bivalent BA.1, Pfizer/BioNTech, Pfizer/BioNTech Kids, Pfizer/BioNTech Mini, Pfizer/BioNTech original + BA.1, Pfizer/BioNTech original + BA.4/5",6972419,6888709,4351510,727105,13861128
2022-11-29,"Indie, Johnson&Johnson, Moderna, Moderna bivalent BA.1, Pfizer/BioNTech, Pfizer/BioNTech Kids, Pfizer/BioNTech original + BA.1, Pfizer/BioNTech original + BA.4/5",6972451,6888760,4351887,731587,13861211
2022-11-30,"Indie, Moderna, Moderna bivalent BA.1, Pfizer/BioNTech, Pfizer/BioNTech Kids, Pfizer/BioNTech original + BA.1, Pfizer/BioNTech original + BA.4/5",6972503,6888815,4352281,735904,13861318
2022-12-01,"Indie, Johnson&Johnson, Moderna, Moderna bivalent BA.1, Pfizer/BioNTech, Pfizer/BioNTech Kids, Pfizer/BioNTech original + BA.1, Pfizer/BioNTech original + BA.4/5",6972541,6888846,4352608,739922,13861387
2022-12-02,"Indie, Johnson&Johnson, Moderna, Moderna bivalent BA.1, Pfizer/BioNTech, Pfizer/BioNTech Kids, Pfizer/BioNTech original + BA.1, Pfizer/BioNTech original + BA.4/5",6972574,6888893,4352998,744488,13861467
2022-12-03,"Moderna bivalent BA.1, Pfizer/BioNTech, Pfizer/BioNTech Kids, Pfizer/BioNTech original + BA.1, Pfizer/BioNTech original + BA.4/5",6972574,6888907,4353038,744925,13861481
2022-12-04,"Moderna, Moderna bivalent BA.1, Pfizer/BioNTech, Pfizer/BioNTech Kids, Pfizer/BioNTech original + BA.4/5",6972576,6888907,4353049,744975,13861483
2022-12-05,"Indie, Johnson&Johnson, Moderna, Moderna bivalent BA.1, Pfizer/BioNTech, Pfizer/BioNTech Kids, Pfizer/BioNTech original + BA.1, Pfizer/BioNTech original + BA.4/5",6972603,6888935,4353268,747043,13861538
2022-12-06,"Indie, Johnson&Johnson, Moderna, Moderna bivalent BA.1, Pfizer/BioNTech, Pfizer/BioNTech Kids, Pfizer/BioNTech original + BA.1, Pfizer/BioNTech original + BA.4/5",6972621,6888965,4353503,750237,13861586
2022-12-07,"Indie, Johnson&Johnson, Moderna, Moderna bivalent BA.1, Pfizer/BioNTech, Pfizer/BioNTech Kids, Pfizer/BioNTech Mini, Pfizer/BioNTech original + BA.1, Pfizer/BioNTech original + BA.4/5",6972660,6889014,4353834,753673,13861674
2022-12-08,"Indie, Johnson&Johnson, Moderna, Moderna bivalent BA.1, Pfizer/BioNTech, Pfizer/BioNTech Kids, Pfizer/BioNTech original + BA.1, Pfizer/BioNTech original + BA.4/5",6972689,6889043,4354166,757048,13861732
2022-12-09,"Indie, Johnson&Johnson, Moderna, Moderna bivalent BA.1, Pfizer/BioNTech, Pfizer/BioNTech Kids, Pfizer/BioNTech original + BA.1, Pfizer/BioNTech original + BA.4/5",6972730,6889086,4354516,760421,13861816
2022-12-10,"Indie, Moderna bivalent BA.1, Pfizer/BioNTech, Pfizer/BioNTech Kids, Pfizer/BioNTech original + BA.4/5",6972732,6889088,4354542,760490,13861820
2022-12-11,"Indie, Pfizer/BioNTech, Pfizer/BioNTech Kids, Pfizer/BioNTech original + BA.4/5",6972734,6889090,4354560,760523,13861824
2022-12-12,"Indie, Johnson&Johnson, Moderna, Moderna bivalent BA.1, Pfizer/BioNTech, Pfizer/BioNTech Kids, Pfizer/BioNTech Mini, Pfizer/BioNTech original + BA.1, Pfizer/BioNTech original + BA.4/5",6972756,6889132,4354702,761838,13861888
2022-12-13,"Indie, Johnson&Johnson, Moderna, Moderna bivalent BA.1, Pfizer/BioNTech, Pfizer/BioNTech Kids, Pfizer/BioNTech Mini, Pfizer/BioNTech original + BA.1, Pfizer/BioNTech original + BA.4/5",6972788,6889167,4354906,763884,13861955
2022-12-14,"Indie, Moderna, Moderna bivalent BA.1, Pfizer/BioNTech, Pfizer/BioNTech Kids, Pfizer/BioNTech Mini, Pfizer/BioNTech original + BA.1, Pfizer/BioNTech original + BA.4/5",6972810,6889199,4355141,765895,13862009
2022-12-15,"Indie, Moderna, Moderna bivalent BA.1, Pfizer/BioNTech, Pfizer/BioNTech Kids, Pfizer/BioNTech original + BA.1, Pfizer/BioNTech original + BA.4/5",6972827,6889231,4355387,767999,13862058
2022-12-16,"Indie, Johnson&Johnson, Moderna, Moderna bivalent BA.1, Pfizer/BioNTech, Pfizer/BioNTech Kids, Pfizer/BioNTech original + BA.1, Pfizer/BioNTech original + BA.4/5",6972867,6889281,4355623,770269,13862148
2022-12-17,"Pfizer/BioNTech, Pfizer/BioNTech Kids, Pfizer/BioNTech original + BA.4/5",6972868,6889285,4355649,770376,13862153
2022-12-18,Pfizer/BioNTech original + BA.4/5,6972868,6889285,4355654,770399,13862153
2022-12-19,"Indie, Johnson&Johnson, Moderna, Moderna bivalent BA.1, Pfizer/BioNTech, Pfizer/BioNTech Kids, Pfizer/BioNTech Mini, Pfizer/BioNTech original + BA.1, Pfizer/BioNTech original + BA.4/5",6972893,6889321,4355793,771338,13862214
2022-12-20,"Indie, Johnson&Johnson, Moderna, Moderna bivalent BA.1, Pfizer/BioNTech, Pfizer/BioNTech Kids, Pfizer/BioNTech Mini, Pfizer/BioNTech original + BA.1, Pfizer/BioNTech original + BA.4/5",6972919,6889349,4355945,772202,13862268
2022-12-21,"Indie, Johnson&Johnson, Moderna, Moderna bivalent BA.1, Pfizer/BioNTech, Pfizer/BioNTech Kids, Pfizer/BioNTech Mini, Pfizer/BioNTech original + BA.1, Pfizer/BioNTech original + BA.4/5",6972941,6889378,4356071,773011,13862319
2022-12-22,"Indie, Moderna, Moderna bivalent BA.1, Pfizer/BioNTech, Pfizer/BioNTech Kids, Pfizer/BioNTech original + BA.1, Pfizer/BioNTech original + BA.4/5",6972970,6889408,4356191,773553,13862378
2022-12-23,"Johnson&Johnson, Moderna, Moderna bivalent BA.1, Pfizer/BioNTech, Pfizer/BioNTech Kids, Pfizer/BioNTech original + BA.1, Pfizer/BioNTech original + BA.4/5",6972981,6889427,4356226,773699,13862408
2022-12-25,Pfizer/BioNTech,6972981,6889427,4356226,773700,13862408
2022-12-26,Johnson&Johnson,6972982,6889428,4356226,773700,13862410
2022-12-27,"Indie, Moderna, Pfizer/BioNTech, Pfizer/BioNTech original + BA.1, Pfizer/BioNTech original + BA.4/5",6972983,6889440,4356246,773862,13862423
2022-12-28,"Indie, Johnson&Johnson, Moderna, Moderna bivalent BA.1, Pfizer/BioNTech, Pfizer/BioNTech Kids, Pfizer/BioNTech original + BA.1, Pfizer/BioNTech original + BA.4/5",6972999,6889459,4356322,774186,13862458
2022-12-29,"Indie, Moderna bivalent BA.1, Pfizer/BioNTech, Pfizer/BioNTech Kids, Pfizer/BioNTech original + BA.1, Pfizer/BioNTech original + BA.4/5",6973003,6889473,4356373,774432,13862476
2022-12-30,"Johnson&Johnson, Moderna, Moderna bivalent BA.1, Pfizer/BioNTech, Pfizer/BioNTech Kids, Pfizer/BioNTech original + BA.1, Pfizer/BioNTech original + BA.4/5",6973012,6889495,4356422,774583,13862507
2022-12-31,"Indie, Pfizer/BioNTech original + BA.4/5",6973012,6889497,4356423,774588,13862509
2023-01-01,"Pfizer/BioNTech, Pfizer/BioNTech original + BA.4/5",6973012,6889497,4356425,774591,13862509
2023-01-02,"Johnson&Johnson, Moderna, Moderna bivalent BA.1, Pfizer/BioNTech, Pfizer/BioNTech Kids, Pfizer/BioNTech original + BA.1, Pfizer/BioNTech original + BA.4/5",6973051,6889523,4356504,774928,13862574
2023-01-03,"Indie, Johnson&Johnson, Moderna, Moderna bivalent BA.1, Pfizer/BioNTech, Pfizer/BioNTech Kids, Pfizer/BioNTech original + BA.1, Pfizer/BioNTech original + BA.4/5",6973062,6889555,4356583,775370,13862617
2023-01-04,"Indie, Johnson&Johnson, Moderna, Moderna bivalent BA.1, Pfizer/BioNTech, Pfizer/BioNTech Kids, Pfizer/BioNTech Mini, Pfizer/BioNTech original + BA.1, Pfizer/BioNTech original + BA.4/5",6973087,6889586,4356727,776120,13862673
2023-01-05,"Indie, Johnson&Johnson, Moderna, Moderna bivalent BA.1, Pfizer/BioNTech, Pfizer/BioNTech Kids, Pfizer/BioNTech original + BA.1, Pfizer/BioNTech original + BA.4/5",6973114,6889609,4356864,776957,13862723
2023-01-06,"Indie, Johnson&Johnson, Moderna, Moderna bivalent BA.1, Pfizer/BioNTech, Pfizer/BioNTech Kids, Pfizer/BioNTech original + BA.1, Pfizer/BioNTech original + BA.4/5",6973170,6889683,4357145,778407,13862853
2023-01-07,"Pfizer/BioNTech, Pfizer/BioNTech Kids, Pfizer/BioNTech original + BA.4/5",6973172,6889688,4357173,778546,13862860
2023-01-08,"Pfizer/BioNTech, Pfizer/BioNTech original + BA.4/5",6973173,6889688,4357183,778565,13862861
2023-01-09,"Indie, Johnson&Johnson, Moderna, Moderna bivalent BA.1, Pfizer/BioNTech, Pfizer/BioNTech Kids, Pfizer/BioNTech Mini, Pfizer/BioNTech original + BA.1, Pfizer/BioNTech original + BA.4/5",6973231,6889750,4357326,779234,13862981
2023-01-10,"Johnson&Johnson, Moderna, Moderna bivalent BA.1, Pfizer/BioNTech, Pfizer/BioNTech Kids, Pfizer/BioNTech Mini, Pfizer/BioNTech original + BA.1, Pfizer/BioNTech original + BA.4/5",6973284,6889779,4357462,779988,13863063
2023-01-11,"Johnson&Johnson, Moderna, Moderna bivalent BA.1, Pfizer/BioNTech, Pfizer/BioNTech Kids, Pfizer/BioNTech Mini, Pfizer/BioNTech original + BA.1, Pfizer/BioNTech original + BA.4/5",6973320,6889812,4357685,781109,13863132
2023-01-12,"Indie, Johnson&Johnson, Moderna, Moderna bivalent BA.1, Pfizer/BioNTech, Pfizer/BioNTech Kids, Pfizer/BioNTech original + BA.1, Pfizer/BioNTech original + BA.4/5",6973357,6889843,4357885,782197,13863200
2023-01-13,"Indie, Johnson&Johnson, Moderna, Moderna bivalent BA.1, Pfizer/BioNTech, Pfizer/BioNTech Kids, Pfizer/BioNTech Mini, Pfizer/BioNTech original + BA.1, Pfizer/BioNTech original + BA.4/5",6973413,6889900,4358129,783461,13863313
2023-01-14,"Johnson&Johnson, Pfizer/BioNTech, Pfizer/BioNTech Kids, Pfizer/BioNTech original + BA.4/5",6973419,6889904,4358154,783515,13863323
2023-01-15,"Moderna, Moderna bivalent BA.1, Pfizer/BioNTech, Pfizer/BioNTech original + BA.4/5",6973420,6889904,4358155,783545,13863324
2023-01-16,"Johnson&Johnson, Moderna, Moderna bivalent BA.1, Pfizer/BioNTech, Pfizer/BioNTech Kids, Pfizer/BioNTech original + BA.1, Pfizer/BioNTech original + BA.4/5",6973445,6889922,4358272,784123,13863367
2023-01-17,"Moderna, Moderna bivalent BA.1, Pfizer/BioNTech, Pfizer/BioNTech Kids, Pfizer/BioNTech Mini, Pfizer/BioNTech original + BA.1, Pfizer/BioNTech original + BA.4/5",6973470,6889954,4358396,784790,13863424
2023-01-18,"Moderna, Moderna bivalent BA.1, Moderna bivalent BA.4-5, Pfizer/BioNTech, Pfizer/BioNTech Kids, Pfizer/BioNTech original + BA.1, Pfizer/BioNTech original + BA.4/5",6973490,6889966,4358560,785546,13863456
2023-01-19,"Indie, Johnson&Johnson, Moderna, Moderna bivalent BA.1, Pfizer/BioNTech, Pfizer/BioNTech Kids, Pfizer/BioNTech original + BA.1, Pfizer/BioNTech original + BA.4/5",6973519,6889985,4358677,786279,13863504
2023-01-20,"Johnson&Johnson, Moderna, Moderna bivalent BA.1, Moderna bivalent BA.4-5, Pfizer/BioNTech, Pfizer/BioNTech Kids, Pfizer/BioNTech original + BA.1, Pfizer/BioNTech original + BA.4/5",6973562,6890015,4358840,787249,13863577
2023-01-21,"Johnson&Johnson, Pfizer/BioNTech, Pfizer/BioNTech Kids, Pfizer/BioNTech original + BA.4/5",6973567,6890021,4358859,787276,13863588
2023-01-22,"Moderna, Pfizer/BioNTech original + BA.4/5",6973567,6890021,4358863,787287,13863588
2023-01-23,"Johnson&Johnson, Moderna, Moderna bivalent BA.1, Pfizer/BioNTech, Pfizer/BioNTech Kids, Pfizer/BioNTech original + BA.1, Pfizer/BioNTech original + BA.4/5",6973600,6890054,4358953,787591,13863654
2023-01-24,"Indie, Johnson&Johnson, Moderna, Moderna bivalent BA.1, Pfizer/BioNTech, Pfizer/BioNTech Kids, Pfizer/BioNTech original + BA.1, Pfizer/BioNTech original + BA.4/5",6973614,6890067,4359052,787967,13863681
2023-01-25,"Indie, Johnson&Johnson, Moderna, Moderna bivalent BA.1, Moderna bivalent BA.4-5, Pfizer/BioNTech, Pfizer/BioNTech Kids, Pfizer/BioNTech Mini, Pfizer/BioNTech original + BA.1, Pfizer/BioNTech original + BA.4/5",6973634,6890085,4359170,788545,13863719
2023-01-26,"Johnson&Johnson, Moderna, Moderna bivalent BA.1, Pfizer/BioNTech, Pfizer/BioNTech Kids, Pfizer/BioNTech original + BA.1, Pfizer/BioNTech original + BA.4/5",6973659,6890123,4359266,789007,13863782
2023-01-27,"Johnson&Johnson, Moderna, Moderna bivalent BA.1, Moderna bivalent BA.4-5, Pfizer/BioNTech, Pfizer/BioNTech Kids, Pfizer/BioNTech original + BA.1, Pfizer/BioNTech original + BA.4/5",6973713,6890178,4359423,789748,13863891
2023-01-28,"Pfizer/BioNTech, Pfizer/BioNTech Kids, Pfizer/BioNTech original + BA.4/5",6973713,6890181,4359435,789816,13863894
2023-01-30,"Johnson&Johnson, Moderna, Moderna bivalent BA.1, Pfizer/BioNTech, Pfizer/BioNTech Kids, Pfizer/BioNTech Mini, Pfizer/BioNTech original + BA.1, Pfizer/BioNTech original + BA.4/5",6973748,6890206,4359522,790155,13863954
2023-01-31,"Johnson&Johnson, Moderna bivalent BA.1, Pfizer/BioNTech, Pfizer/BioNTech Kids, Pfizer/BioNTech original + BA.1, Pfizer/BioNTech original + BA.4/5",6973774,6890230,4359586,790519,13864004
2023-02-01,"Johnson&Johnson, Moderna, Moderna bivalent BA.1, Pfizer/BioNTech, Pfizer/BioNTech Kids, Pfizer/BioNTech Mini, Pfizer/BioNTech original + BA.1, Pfizer/BioNTech original + BA.4/5",6973804,6890258,4359661,790855,13864062
2023-02-02,"Johnson&Johnson, Moderna, Moderna bivalent BA.1, Pfizer/BioNTech, Pfizer/BioNTech Kids, Pfizer/BioNTech original + BA.1, Pfizer/BioNTech original + BA.4/5",6973828,6890292,4359744,791199,13864120
2023-02-03,"Johnson&Johnson, Moderna, Moderna bivalent BA.1, Pfizer/BioNTech, Pfizer/BioNTech Kids, Pfizer/BioNTech original + BA.1, Pfizer/BioNTech original + BA.4/5",6973873,6890351,4359895,791725,13864224
2023-02-04,"Johnson&Johnson, Pfizer/BioNTech, Pfizer/BioNTech Kids, Pfizer/BioNTech original + BA.4/5",6973877,6890354,4359896,791730,13864231
2023-02-05,Moderna,6973879,6890355,4359896,791731,13864234
2023-02-06,"Johnson&Johnson, Moderna, Pfizer/BioNTech, Pfizer/BioNTech Kids, Pfizer/BioNTech original + BA.1, Pfizer/BioNTech original + BA.4/5",6973916,6890382,4359942,791913,13864298
2023-02-07,"Johnson&Johnson, Moderna, Moderna bivalent BA.1, Pfizer/BioNTech, Pfizer/BioNTech Kids, Pfizer/BioNTech original + BA.1, Pfizer/BioNTech original + BA.4/5",6973933,6890398,4360007,792208,13864331
2023-02-08,"Johnson&Johnson, Moderna, Moderna bivalent BA.1, Pfizer/BioNTech, Pfizer/BioNTech Kids, Pfizer/BioNTech Mini, Pfizer/BioNTech original + BA.1, Pfizer/BioNTech original + BA.4/5",6973947,6890426,4360064,792440,13864373
2023-02-09,"Johnson&Johnson, Moderna bivalent BA.1, Pfizer/BioNTech, Pfizer/BioNTech Kids, Pfizer/BioNTech original + BA.1, Pfizer/BioNTech original + BA.4/5",6973966,6890449,4360132,792757,13864415
2023-02-10,"Johnson&Johnson, Moderna, Moderna bivalent BA.1, Pfizer/BioNTech, Pfizer/BioNTech Kids, Pfizer/BioNTech original + BA.1, Pfizer/BioNTech original + BA.4/5",6973999,6890499,4360235,793084,13864498
2023-02-11,"Pfizer/BioNTech, Pfizer/BioNTech original + BA.4/5",6974000,6890501,4360238,793092,13864501
2023-02-12,Pfizer/BioNTech original + BA.4/5,6974000,6890501,4360238,793094,13864501
2023-02-13,"Johnson&Johnson, Moderna, Moderna bivalent BA.1, Pfizer/BioNTech, Pfizer/BioNTech Kids, Pfizer/BioNTech original + BA.1, Pfizer/BioNTech original + BA.4/5",6974019,6890544,4360292,793258,13864563
2023-02-14,"Johnson&Johnson, Moderna bivalent BA.1, Pfizer/BioNTech, Pfizer/BioNTech Kids, Pfizer/BioNTech Mini, Pfizer/BioNTech original + BA.1, Pfizer/BioNTech original + BA.4/5",6974037,6890561,4360330,793412,13864598
2023-02-15,"Johnson&Johnson, Moderna, Moderna bivalent BA.1, Pfizer/BioNTech, Pfizer/BioNTech Kids, Pfizer/BioNTech Mini, Pfizer/BioNTech original + BA.4/5",6974053,6890581,4360385,793616,13864634
2023-02-16,"Johnson&Johnson, Moderna, Moderna bivalent BA.1, Pfizer/BioNTech, Pfizer/BioNTech Kids, Pfizer/BioNTech Mini, Pfizer/BioNTech original + BA.1, Pfizer/BioNTech original + BA.4/5",6974067,6890600,4360437,793846,13864667
2023-02-17,"Johnson&Johnson, Moderna, Moderna bivalent BA.1, Pfizer/BioNTech, Pfizer/BioNTech Kids, Pfizer/BioNTech original + BA.1, Pfizer/BioNTech original + BA.4/5",6974091,6890636,4360528,794218,13864727
2023-02-18,"Johnson&Johnson, Pfizer/BioNTech, Pfizer/BioNTech Kids, Pfizer/BioNTech original + BA.4/5",6974096,6890638,4360534,794223,13864734
2023-02-20,"Johnson&Johnson, Moderna, Pfizer/BioNTech, Pfizer/BioNTech Kids, Pfizer/BioNTech Mini, Pfizer/BioNTech original + BA.1, Pfizer/BioNTech original + BA.4/5",6974109,6890658,4360582,794328,13864767
2023-02-21,"Johnson&Johnson, Moderna, Moderna bivalent BA.1, Pfizer/BioNTech, Pfizer/BioNTech Kids, Pfizer/BioNTech original + BA.1, Pfizer/BioNTech original + BA.4/5",6974126,6890679,4360628,794477,13864805
2023-02-22,"Johnson&Johnson, Moderna, Moderna bivalent BA.1, Pfizer/BioNTech, Pfizer/BioNTech Kids, Pfizer/BioNTech original + BA.1, Pfizer/BioNTech original + BA.4/5",6974135,6890696,4360677,794642,13864831
2023-02-23,"Johnson&Johnson, Moderna, Moderna bivalent BA.1, Pfizer/BioNTech, Pfizer/BioNTech Kids, Pfizer/BioNTech Mini, Pfizer/BioNTech original + BA.1, Pfizer/BioNTech original + BA.4/5",6974148,6890720,4360749,794889,13864868
2023-02-24,"Johnson&Johnson, Moderna, Moderna bivalent BA.1, Pfizer/BioNTech, Pfizer/BioNTech Kids, Pfizer/BioNTech original + BA.1, Pfizer/BioNTech original + BA.4/5",6974178,6890754,4360818,795220,13864932
2023-02-25,"Moderna, Pfizer/BioNTech, Pfizer/BioNTech Kids, Pfizer/BioNTech original + BA.1, Pfizer/BioNTech original + BA.4/5",6974179,6890755,4360834,795257,13864934
2023-02-26,Pfizer/BioNTech original + BA.4/5,6974179,6890755,4360835,795257,13864934
2023-02-27,"Johnson&Johnson, Moderna, Moderna bivalent BA.1, Pfizer/BioNTech, Pfizer/BioNTech Kids, Pfizer/BioNTech Mini, Pfizer/BioNTech original + BA.1, Pfizer/BioNTech original + BA.4/5",6974197,6890773,4360875,795385,13864970
2023-02-28,"Johnson&Johnson, Moderna bivalent BA.1, Pfizer/BioNTech, Pfizer/BioNTech Kids, Pfizer/BioNTech Mini, Pfizer/BioNTech original + BA.1, Pfizer/BioNTech original + BA.4/5",6974216,6890808,4360905,795513,13865024
2023-03-01,"Johnson&Johnson, Moderna, Moderna bivalent BA.1, Pfizer/BioNTech, Pfizer/BioNTech Kids, Pfizer/BioNTech Mini, Pfizer/BioNTech original + BA.1, Pfizer/BioNTech original + BA.4/5",6974247,6890822,4360944,795601,13865069
2023-03-02,"Johnson&Johnson, Moderna, Moderna bivalent BA.1, Pfizer/BioNTech, Pfizer/BioNTech Kids, Pfizer/BioNTech original + BA.1, Pfizer/BioNTech original + BA.4/5",6974253,6890834,4360996,795717,13865087
2023-03-03,"Johnson&Johnson, Moderna, Moderna bivalent BA.1, Pfizer/BioNTech, Pfizer/BioNTech Kids, Pfizer/BioNTech original + BA.1, Pfizer/BioNTech original + BA.4/5",6974282,6890856,4361072,795929,13865138
2023-03-04,"Pfizer/BioNTech, Pfizer/BioNTech original + BA.4/5",6974283,6890857,4361076,795935,13865140
2023-03-05,Pfizer/BioNTech original + BA.4/5,6974283,6890857,4361077,795935,13865140
2023-03-06,"Johnson&Johnson, Moderna, Moderna bivalent BA.1, Pfizer/BioNTech, Pfizer/BioNTech Kids, Pfizer/BioNTech Mini, Pfizer/BioNTech original + BA.1, Pfizer/BioNTech original + BA.4/5",6974302,6890870,4361101,796039,13865172
2023-03-07,"Johnson&Johnson, Moderna, Moderna bivalent BA.1, Pfizer/BioNTech, Pfizer/BioNTech Kids, Pfizer/BioNTech original + BA.1, Pfizer/BioNTech original + BA.4/5",6974316,6890888,4361126,796155,13865204
2023-03-08,"Johnson&Johnson, Moderna bivalent BA.1, Pfizer/BioNTech, Pfizer/BioNTech Kids, Pfizer/BioNTech original + BA.1, Pfizer/BioNTech original + BA.4/5",6974337,6890899,4361148,796260,13865236
2023-03-09,"Johnson&Johnson, Moderna, Moderna bivalent BA.1, Pfizer/BioNTech, Pfizer/BioNTech Mini, Pfizer/BioNTech original + BA.1, Pfizer/BioNTech original + BA.4/5",6974355,6890912,4361188,796427,13865267
2023-03-10,"Johnson&Johnson, Moderna, Moderna bivalent BA.1, Pfizer/BioNTech, Pfizer/BioNTech Kids, Pfizer/BioNTech original + BA.1, Pfizer/BioNTech original + BA.4/5",6974396,6890953,4361258,796667,13865349
2023-03-11,"Pfizer/BioNTech, Pfizer/BioNTech original + BA.4/5",6974396,6890955,4361258,796671,13865351
2023-03-12,Pfizer/BioNTech,6974396,6890955,4361258,796776,13865351
2023-03-13,"Johnson&Johnson, Moderna bivalent BA.1, Pfizer/BioNTech, Pfizer/BioNTech Kids, Pfizer/BioNTech original + BA.1, Pfizer/BioNTech original + BA.4/5",6974412,6890972,4361281,796841,13865384
2023-03-14,"Johnson&Johnson, Moderna, Moderna bivalent BA.1, Pfizer/BioNTech, Pfizer/BioNTech Kids, Pfizer/BioNTech Mini, Pfizer/BioNTech original + BA.1, Pfizer/BioNTech original + BA.4/5",6974424,6890986,4361309,796924,13865410
2023-03-15,"Johnson&Johnson, Moderna bivalent BA.1, Pfizer/BioNTech, Pfizer/BioNTech Kids, Pfizer/BioNTech Mini, Pfizer/BioNTech original + BA.1, Pfizer/BioNTech original + BA.4/5",6974440,6890998,4361369,797019,13865438
2023-03-16,"Johnson&Johnson, Moderna bivalent BA.1, Pfizer/BioNTech, Pfizer/BioNTech Kids, Pfizer/BioNTech original + BA.1, Pfizer/BioNTech original + BA.4/5",6974448,6891010,4361400,797126,13865458
2023-03-17,"Johnson&Johnson, Moderna, Moderna bivalent BA.1, Pfizer/BioNTech, Pfizer/BioNTech Kids, Pfizer/BioNTech Mini, Pfizer/BioNTech original + BA.1, Pfizer/BioNTech original + BA.4/5",6974458,6891028,4361447,797252,13865486
2023-03-18,"Johnson&Johnson, Pfizer/BioNTech, Pfizer/BioNTech Kids, Pfizer/BioNTech original + BA.4/5",6974460,6891030,4361447,797253,13865490
2023-03-20,"Johnson&Johnson, Moderna, Pfizer/BioNTech, Pfizer/BioNTech Kids, Pfizer/BioNTech original + BA.1, Pfizer/BioNTech original + BA.4/5",6974472,6891049,4361491,797354,13865521
2023-03-21,"Moderna bivalent BA.1, Pfizer/BioNTech, Pfizer/BioNTech original + BA.4/5",6974479,6891065,4361516,797409,13865544
2023-03-22,"Johnson&Johnson, Moderna bivalent BA.1, Pfizer/BioNTech, Pfizer/BioNTech Kids, Pfizer/BioNTech Mini, Pfizer/BioNTech original + BA.1, Pfizer/BioNTech original + BA.4/5",6974497,6891082,4361556,797468,13865579
2023-03-23,"Johnson&Johnson, Moderna, Moderna bivalent BA.1, Pfizer/BioNTech, Pfizer/BioNTech Kids, Pfizer/BioNTech original + BA.4/5",6974502,6891097,4361584,797534,13865599
2023-03-24,"Johnson&Johnson, Moderna, Moderna bivalent BA.1, Pfizer/BioNTech, Pfizer/BioNTech Kids, Pfizer/BioNTech original + BA.1, Pfizer/BioNTech original + BA.4/5",6974523,6891121,4361643,797619,13865644
2023-03-25,"Pfizer/BioNTech, Pfizer/BioNTech Kids, Pfizer/BioNTech original + BA.4/5",6974523,6891123,4361653,797632,13865646
2023-03-27,"Johnson&Johnson, Moderna bivalent BA.1, Pfizer/BioNTech, Pfizer/BioNTech Kids, Pfizer/BioNTech original + BA.1, Pfizer/BioNTech original + BA.4/5",6974535,6891139,4361680,797698,13865674
2023-03-28,"Johnson&Johnson, Moderna bivalent BA.1, Pfizer/BioNTech, Pfizer/BioNTech original + BA.1, Pfizer/BioNTech original + BA.4/5",6974548,6891149,4361700,797755,13865697
2023-03-29,"Moderna bivalent BA.1, Moderna bivalent BA.4-5, Pfizer/BioNTech, Pfizer/BioNTech Kids, Pfizer/BioNTech Mini, Pfizer/BioNTech original + BA.1, Pfizer/BioNTech original + BA.4/5",6974553,6891170,4361734,797801,13865723
2023-03-30,"Moderna bivalent BA.1, Pfizer/BioNTech, Pfizer/BioNTech original + BA.1, Pfizer/BioNTech original + BA.4/5",6974560,6891183,4361766,797914,13865743
2023-03-31,"Johnson&Johnson, Moderna, Moderna bivalent BA.1, Pfizer/BioNTech, Pfizer/BioNTech Kids, Pfizer/BioNTech original + BA.1, Pfizer/BioNTech original + BA.4/5",6974602,6891226,4361811,798014,13865828
2023-04-01,"Pfizer/BioNTech, Pfizer/BioNTech Kids, Pfizer/BioNTech original + BA.4/5",6974602,6891229,4361817,798018,13865831
2023-04-02,"Moderna, Pfizer/BioNTech original + BA.1, Pfizer/BioNTech original + BA.4/5",6974603,6891231,4361818,798018,13865834
2023-04-03,"Moderna, Moderna bivalent BA.1, Pfizer/BioNTech, Pfizer/BioNTech original + BA.1, Pfizer/BioNTech original + BA.4/5",6974610,6891243,4361833,798043,13865853
2023-04-04,"Moderna, Moderna bivalent BA.1, Pfizer/BioNTech, Pfizer/BioNTech Kids, Pfizer/BioNTech original + BA.1, Pfizer/BioNTech original + BA.4/5",6974618,6891255,4361846,798071,13865873
2023-04-05,"Johnson&Johnson, Moderna bivalent BA.1, Pfizer/BioNTech, Pfizer/BioNTech Kids, Pfizer/BioNTech Mini, Pfizer/BioNTech original + BA.1, Pfizer/BioNTech original + BA.4/5",6974631,6891273,4361883,798131,13865904
2023-04-06,"Johnson&Johnson, Moderna, Moderna bivalent BA.1, Pfizer/BioNTech, Pfizer/BioNTech Kids, Pfizer/BioNTech original + BA.1, Pfizer/BioNTech original + BA.4/5",6974656,6891296,4361905,798192,13865952
2023-04-07,"Pfizer/BioNTech Kids, Pfizer/BioNTech original + BA.1",6974658,6891296,4361905,798192,13865954
2023-04-10,"Johnson&Johnson, Pfizer/BioNTech",6974659,6891297,4361905,798193,13865956
2023-04-11,"Johnson&Johnson, Moderna, Moderna bivalent BA.1, Pfizer/BioNTech, Pfizer/BioNTech Kids, Pfizer/BioNTech Mini, Pfizer/BioNTech original + BA.1, Pfizer/BioNTech original + BA.4/5",6974667,6891305,4361927,798212,13865972
2023-04-12,"Johnson&Johnson, Moderna bivalent BA.4-5, Pfizer/BioNTech, Pfizer/BioNTech Kids, Pfizer/BioNTech Mini, Pfizer/BioNTech original + BA.4/5",6974679,6891321,4361953,798247,13866000
2023-04-13,"Moderna bivalent BA.1, Pfizer/BioNTech, Pfizer/BioNTech original + BA.1, Pfizer/BioNTech original + BA.4/5",6974684,6891327,4361975,798280,13866011
2023-04-14,"Johnson&Johnson, Moderna, Moderna bivalent BA.1, Pfizer/BioNTech, Pfizer/BioNTech Kids, Pfizer/BioNTech original + BA.1, Pfizer/BioNTech original + BA.4/5",6974712,6891351,4362014,798327,13866063
2023-04-15,Pfizer/BioNTech original + BA.4/5,6974712,6891351,4362021,798328,13866063
2023-04-17,"Moderna, Moderna bivalent BA.1, Moderna bivalent BA.4-5, Pfizer/BioNTech, Pfizer/BioNTech original + BA.4/5",6974720,6891365,4362046,798353,13866085
2023-04-18,"Moderna bivalent BA.1, Pfizer/BioNTech, Pfizer/BioNTech Mini, Pfizer/BioNTech original + BA.1, Pfizer/BioNTech original + BA.4/5",6974730,6891374,4362070,798439,13866104
2023-04-19,"Johnson&Johnson, Moderna bivalent BA.1, Pfizer/BioNTech, Pfizer/BioNTech Kids, Pfizer/BioNTech Mini, Pfizer/BioNTech original + BA.4/5",6974740,6891388,4362107,798485,13866128
2023-04-20,"Johnson&Johnson, Moderna bivalent BA.1, Pfizer/BioNTech, Pfizer/BioNTech original + BA.1, Pfizer/BioNTech original + BA.4/5",6974751,6891399,4362129,798552,13866150
2023-04-21,"Johnson&Johnson, Moderna bivalent BA.1, Pfizer/BioNTech, Pfizer/BioNTech original + BA.1, Pfizer/BioNTech original + BA.4/5",6974783,6891428,4362166,798579,13866211
2023-04-22,"Pfizer/BioNTech, Pfizer/BioNTech Kids, Pfizer/BioNTech original + BA.4/5",6974783,6891429,4362172,798584,13866212
2023-04-24,"Johnson&Johnson, Moderna bivalent BA.1, Pfizer/BioNTech, Pfizer/BioNTech Kids, Pfizer/BioNTech original + BA.1, Pfizer/BioNTech original + BA.4/5",6974793,6891443,4362191,798622,13866236
2023-04-25,"Pfizer/BioNTech, Pfizer/BioNTech Mini, Pfizer/BioNTech original + BA.1, Pfizer/BioNTech original + BA.4/5",6974795,6891455,4362213,798641,13866250
2023-04-26,"Moderna, Moderna bivalent BA.1, Moderna bivalent BA.4-5, Pfizer/BioNTech, Pfizer/BioNTech Kids, Pfizer/BioNTech Mini, Pfizer/BioNTech original + BA.1, Pfizer/BioNTech original + BA.4/5",6974803,6891466,4362243,798676,13866269
2023-04-27,"Johnson&Johnson, Moderna, Moderna bivalent BA.1, Pfizer/BioNTech, Pfizer/BioNTech original + BA.1, Pfizer/BioNTech original + BA.4/5",6974814,6891480,4362258,798690,13866294
2023-04-28,"Johnson&Johnson, Moderna, Moderna bivalent BA.1, Pfizer/BioNTech, Pfizer/BioNTech Kids, Pfizer/BioNTech original + BA.1, Pfizer/BioNTech original + BA.4/5",6974832,6891507,4362280,798739,13866339
2023-04-30,"Moderna, Pfizer/BioNTech original + BA.1, Pfizer/BioNTech original + BA.4/5",6974832,6891511,4362281,798739,13866343
2023-05-02,"Moderna, Moderna bivalent BA.1, Pfizer/BioNTech, Pfizer/BioNTech original + BA.1, Pfizer/BioNTech original + BA.4/5",6974835,6891517,4362299,798754,13866352
2023-05-03,"Johnson&Johnson, Moderna, Pfizer/BioNTech, Pfizer/BioNTech Kids, Pfizer/BioNTech original + BA.1, Pfizer/BioNTech original + BA.4/5",6974845,6891527,4362324,798780,13866372
2023-05-04,"Johnson&Johnson, Moderna, Moderna bivalent BA.1, Pfizer/BioNTech, Pfizer/BioNTech original + BA.1, Pfizer/BioNTech original + BA.4/5",6974852,6891541,4362347,798816,13866393
2023-05-05,"Johnson&Johnson, Moderna bivalent BA.1, Pfizer/BioNTech, Pfizer/BioNTech Kids, Pfizer/BioNTech original + BA.4/5",6974863,6891556,4362365,798846,13866419
2023-05-06,Pfizer/BioNTech,6974865,6891556,4362365,798846,13866421
2023-05-08,Pfizer/BioNTech original + BA.4/5,6974867,6891556,4362366,798846,13866423
2023-05-09,"Johnson&Johnson, Pfizer/BioNTech, Pfizer/BioNTech Kids, Pfizer/BioNTech original + BA.4/5",6974873,6891561,4362374,798860,13866434
2023-05-10,"Johnson&Johnson, Pfizer/BioNTech, Pfizer/BioNTech Kids, Pfizer/BioNTech Mini, Pfizer/BioNTech original + BA.1, Pfizer/BioNTech original + BA.4/5",6974885,6891568,4362390,798886,13866453
2023-05-11,"Johnson&Johnson, Pfizer/BioNTech, Pfizer/BioNTech original + BA.1, Pfizer/BioNTech original + BA.4/5",6974891,6891574,4362398,798902,13866465
2023-05-12,"Johnson&Johnson, Moderna bivalent BA.4-5, Pfizer/BioNTech, Pfizer/BioNTech original + BA.4/5",6974902,6891593,4362408,798917,13866495
2023-05-13,Pfizer/BioNTech original + BA.4/5,6974902,6891593,4362409,798919,13866495
2023-05-15,"Pfizer/BioNTech, Pfizer/BioNTech original + BA.1, Pfizer/BioNTech original + BA.4/5",6974904,6891597,4362419,798931,13866501
2023-05-16,"Moderna bivalent BA.1, Pfizer/BioNTech, Pfizer/BioNTech Mini, Pfizer/BioNTech original + BA.1, Pfizer/BioNTech original + BA.4/5",6974908,6891601,4362424,798943,13866509
2023-05-17,"Moderna, Pfizer/BioNTech, Pfizer/BioNTech Kids, Pfizer/BioNTech Mini, Pfizer/BioNTech original + BA.4/5",6974914,6891609,4362440,798959,13866523
2023-05-18,"Johnson&Johnson, Moderna bivalent BA.1, Pfizer/BioNTech, Pfizer/BioNTech original + BA.4/5",6974919,6891618,4362448,798974,13866537
2023-05-19,"Moderna bivalent BA.1, Pfizer/BioNTech, Pfizer/BioNTech Kids, Pfizer/BioNTech original + BA.4/5",6974921,6891623,4362457,799003,13866544
2023-05-20,"Pfizer/BioNTech, Pfizer/BioNTech Kids, Pfizer/BioNTech original + BA.4/5",6974922,6891623,4362460,799003,13866545
2023-05-22,"Pfizer/BioNTech, Pfizer/BioNTech original + BA.4/5",6974922,6891623,4362462,799012,13866545
2023-05-23,"Moderna bivalent BA.1, Pfizer/BioNTech, Pfizer/BioNTech original + BA.4/5",6974923,6891627,4362466,799019,13866550
2023-05-24,"Pfizer/BioNTech, Pfizer/BioNTech Kids, Pfizer/BioNTech Mini, Pfizer/BioNTech original + BA.4/5",6974926,6891633,4362469,799025,13866559
2023-05-25,"Johnson&Johnson, Moderna bivalent BA.1, Pfizer/BioNTech, Pfizer/BioNTech Mini, Pfizer/BioNTech original + BA.4/5",6974932,6891642,4362474,799037,13866574
2023-05-26,"Moderna bivalent BA.1, Pfizer/BioNTech, Pfizer/BioNTech original + BA.1, Pfizer/BioNTech original + BA.4/5",6974939,6891647,4362498,799057,13866586
2023-05-27,Pfizer/BioNTech original + BA.4/5,6974939,6891647,4362498,799058,13866586
2023-05-28,Pfizer/BioNTech original + BA.1,6974940,6891647,4362498,799058,13866587
2023-05-29,"Pfizer/BioNTech, Pfizer/BioNTech original + BA.4/5",6974941,6891650,4362500,799065,13866591
2023-05-30,"Pfizer/BioNTech, Pfizer/BioNTech Kids, Pfizer/BioNTech original + BA.4/5",6974946,6891653,4362507,799075,13866599
2023-05-31,"Pfizer/BioNTech, Pfizer/BioNTech Kids, Pfizer/BioNTech Mini, Pfizer/BioNTech original + BA.1, Pfizer/BioNTech original + BA.4/5",6974954,6891658,4362523,799091,13866612
2023-06-01,"Moderna bivalent BA.1, Pfizer/BioNTech, Pfizer/BioNTech original + BA.1, Pfizer/BioNTech original + BA.4/5",6974956,6891661,4362532,799097,13866617
2023-06-02,"Pfizer/BioNTech, Pfizer/BioNTech Kids, Pfizer/BioNTech original + BA.4/5",6974959,6891667,4362539,799108,13866626
2023-06-03,Pfizer/BioNTech original + BA.4/5,6974959,6891667,4362539,799110,13866626
2023-06-05,"Pfizer/BioNTech, Pfizer/BioNTech original + BA.4/5",6974960,6891668,4362551,799117,13866628
2023-06-06,"Pfizer/BioNTech, Pfizer/BioNTech original + BA.1, Pfizer/BioNTech original + BA.4/5",6974961,6891668,4362553,799121,13866629
2023-06-07,"Moderna bivalent BA.1, Pfizer/BioNTech, Pfizer/BioNTech Kids, Pfizer/BioNTech Mini, Pfizer/BioNTech original + BA.1, Pfizer/BioNTech original + BA.4/5",6974962,6891675,4362563,799152,13866637
2023-06-08,"Johnson&Johnson, Moderna bivalent BA.1, Pfizer/BioNTech, Pfizer/BioNTech original + BA.4/5",6974965,6891676,4362569,799163,13866641
2023-06-09,"Johnson&Johnson, Moderna bivalent BA.4-5, Pfizer/BioNTech, Pfizer/BioNTech original + BA.1, Pfizer/BioNTech original + BA.4/5",6974969,6891681,4362572,799178,13866650
2023-06-10,"Pfizer/BioNTech, Pfizer/BioNTech Kids, Pfizer/BioNTech original + BA.4/5",6974971,6891682,4362573,799178,13866653
2023-06-12,"Moderna bivalent BA.4-5, Pfizer/BioNTech, Pfizer/BioNTech original + BA.4/5",6974972,6891685,4362579,799185,13866657
2023-06-13,"Moderna, Pfizer/BioNTech, Pfizer/BioNTech original + BA.4/5",6974973,6891692,4362580,799188,13866665
2023-06-14,"Pfizer/BioNTech, Pfizer/BioNTech Mini, Pfizer/BioNTech original + BA.4/5",6974976,6891697,4362588,799235,13866673
2023-06-15,"Pfizer/BioNTech, Pfizer/BioNTech original + BA.4/5",6974977,6891698,4362590,799241,13866675
2023-06-16,"Johnson&Johnson, Moderna bivalent BA.1, Pfizer/BioNTech, Pfizer/BioNTech original + BA.4/5",6974979,6891703,4362590,799244,13866682
2023-06-17,Pfizer/BioNTech original + BA.4/5,6974979,6891703,4362590,799245,13866682
2023-06-19,"Johnson&Johnson, Moderna bivalent BA.1, Pfizer/BioNTech, Pfizer/BioNTech original + BA.1, Pfizer/BioNTech original + BA.4/5",6974981,6891706,4362606,799255,13866687
2023-06-20,"Pfizer/BioNTech, Pfizer/BioNTech original + BA.1, Pfizer/BioNTech original + BA.4/5",6974982,6891708,4362610,799256,13866690
2023-06-21,"Moderna bivalent BA.4-5, Pfizer/BioNTech, Pfizer/BioNTech Kids, Pfizer/BioNTech Mini, Pfizer/BioNTech original + BA.4/5",6974984,6891712,4362616,799260,13866696
2023-06-22,"Moderna bivalent BA.1, Pfizer/BioNTech, Pfizer/BioNTech original + BA.4/5",6974985,6891715,4362620,799263,13866700
2023-06-23,"Pfizer/BioNTech, Pfizer/BioNTech original + BA.4/5",6974986,6891717,4362623,799271,13866703
2023-06-26,"Pfizer/BioNTech, Pfizer/BioNTech Kids, Pfizer/BioNTech Mini, Pfizer/BioNTech original + BA.4/5",6974989,6891721,4362625,799278,13866710
2023-06-27,Pfizer/BioNTech original + BA.4/5,6974990,6891721,4362629,799278,13866711
2023-06-28,"Moderna bivalent BA.1, Moderna bivalent BA.4-5, Pfizer/BioNTech, Pfizer/BioNTech Kids, Pfizer/BioNTech Mini, Pfizer/BioNTech original + BA.4/5",6974994,6891723,4362634,799290,13866717
2023-06-29,"Moderna bivalent BA.1, Pfizer/BioNTech, Pfizer/BioNTech original + BA.4/5",6974994,6891725,4362639,799296,13866719
2023-06-30,"Johnson&Johnson, Pfizer/BioNTech, Pfizer/BioNTech original + BA.4/5",6974996,6891729,4362641,799301,13866725
2023-07-02,Pfizer/BioNTech,6974996,6891730,4362641,799301,13866726
2023-07-03,"Moderna bivalent BA.1, Pfizer/BioNTech, Pfizer/BioNTech original + BA.4/5",6974996,6891732,4362643,799305,13866728
2023-07-04,Pfizer/BioNTech original + BA.4/5,6974997,6891732,4362645,799306,13866729
2023-07-06,Pfizer/BioNTech original + BA.1,6974997,6891733,4362645,799306,13866730
2023-07-10,"Pfizer/BioNTech, Pfizer/BioNTech original + BA.4/5",6974997,6891735,4362646,799307,13866732
2023-07-11,"Johnson&Johnson, Pfizer/BioNTech original + BA.4/5",6974998,6891736,4362647,799310,13866734
2023-07-12,"Pfizer/BioNTech Kids, Pfizer/BioNTech original + BA.4/5",6975000,6891737,4362652,799314,13866737
2023-07-13,"Moderna, Pfizer/BioNTech original + BA.4/5",6975000,6891738,4362654,799320,13866738
2023-07-14,"Moderna bivalent BA.4-5, Pfizer/BioNTech, Pfizer/BioNTech original + BA.4/5",6975001,6891740,4362657,799323,13866741
2023-07-17,"Pfizer/BioNTech Kids, Pfizer/BioNTech original + BA.4/5",6975002,6891741,4362661,799326,13866743
2023-07-18,Pfizer/BioNTech original + BA.4/5,6975002,6891741,4362662,799329,13866743
2023-07-19,"Pfizer/BioNTech Kids, Pfizer/BioNTech Mini, Pfizer/BioNTech original + BA.4/5",6975005,6891744,4362664,799337,13866749
2023-07-20,"Johnson&Johnson, Pfizer/BioNTech original + BA.4/5",6975006,6891746,4362665,799342,13866752
2023-07-21,Pfizer/BioNTech original + BA.4/5,6975006,6891747,4362666,799346,13866753
2023-07-24,"Pfizer/BioNTech, Pfizer/BioNTech Kids, Pfizer/BioNTech original + BA.4/5",6975006,6891748,4362668,799350,13866754
2023-07-25,Pfizer/BioNTech original + BA.4/5,6975006,6891748,4362670,799351,13866754
2023-07-26,"Pfizer/BioNTech, Pfizer/BioNTech Mini, Pfizer/BioNTech original + BA.4/5",6975007,6891748,4362678,799356,13866755
2023-07-27,"Moderna, Pfizer/BioNTech, Pfizer/BioNTech original + BA.4/5",6975008,6891750,4362678,799359,13866758
2023-07-28,"Johnson&Johnson, Pfizer/BioNTech original + BA.4/5",6975009,6891751,4362679,799361,13866760
2023-07-31,Pfizer/BioNTech original + BA.4/5,6975010,6891751,4362680,799367,13866761
2023-08-01,"Johnson&Johnson, Moderna bivalent BA.1, Pfizer/BioNTech, Pfizer/BioNTech original + BA.4/5",6975012,6891752,4362683,799368,13866764
2023-08-02,"Johnson&Johnson, Pfizer/BioNTech original + BA.4/5",6975013,6891753,4362683,799375,13866766
2023-08-03,Pfizer/BioNTech original + BA.4/5,6975015,6891754,4362686,799377,13866769
2023-08-04,Pfizer/BioNTech original + BA.4/5,6975016,6891754,4362687,799380,13866770
2023-08-05,Pfizer/BioNTech,6975016,6891754,4362688,799380,13866770
2023-08-07,Pfizer/BioNTech original + BA.4/5,6975016,6891754,4362688,799382,13866770
2023-08-08,"Pfizer/BioNTech Mini, Pfizer/BioNTech original + BA.4/5",6975016,6891755,4362689,799383,13866771
2023-08-09,"Pfizer/BioNTech, Pfizer/BioNTech original + BA.1, Pfizer/BioNTech original + BA.4/5",6975017,6891755,4362691,799390,13866772
2023-08-10,Pfizer/BioNTech original + BA.4/5,6975020,6891755,4362693,799392,13866775
2023-08-11,"Pfizer/BioNTech Kids, Pfizer/BioNTech original + BA.4/5",6975020,6891755,4362695,799395,13866775
2023-08-14,"Pfizer/BioNTech original + BA.1, Pfizer/BioNTech original + BA.4/5",6975020,6891755,4362697,799400,13866775
2023-08-15,"Johnson&Johnson, Pfizer/BioNTech original + BA.4/5",6975021,6891756,4362697,799402,13866777
2023-08-16,"Moderna bivalent BA.1, Pfizer/BioNTech original + BA.4/5",6975021,6891756,4362698,799408,13866777
2023-08-17,"Pfizer/BioNTech, Pfizer/BioNTech original + BA.4/5",6975021,6891757,4362700,799413,13866778
2023-08-18,"Pfizer/BioNTech, Pfizer/BioNTech Kids, Pfizer/BioNTech original + BA.4/5",6975021,6891758,4362702,799419,13866779
2023-08-21,"Moderna bivalent BA.1, Pfizer/BioNTech Kids, Pfizer/BioNTech original + BA.1, Pfizer/BioNTech original + BA.4/5",6975023,6891760,4362705,799424,13866783
2023-08-22,"Pfizer/BioNTech, Pfizer/BioNTech original + BA.4/5",6975024,6891761,4362705,799427,13866785
2023-08-23,"Johnson&Johnson, Pfizer/BioNTech original + BA.4/5",6975025,6891762,4362705,799428,13866787
2023-08-24,"Pfizer/BioNTech original + BA.1, Pfizer/BioNTech original + BA.4/5",6975025,6891762,4362731,799438,13866787
2023-08-25,"Moderna bivalent BA.4-5, Pfizer/BioNTech original + BA.1, Pfizer/BioNTech original + BA.4/5",6975025,6891762,4362733,799441,13866787
2023-08-28,"Pfizer/BioNTech, Pfizer/BioNTech Kids, Pfizer/BioNTech original + BA.4/5",6975026,6891763,4362735,799453,13866789
2023-08-29,"Pfizer/BioNTech, Pfizer/BioNTech original + BA.4/5",6975027,6891763,4362738,799460,13866790
2023-08-30,"Pfizer/BioNTech Kids, Pfizer/BioNTech Mini, Pfizer/BioNTech original + BA.4/5",6975029,6891765,4362744,799474,13866794
2023-08-31,"Moderna bivalent BA.4-5, Pfizer/BioNTech, Pfizer/BioNTech original + BA.1, Pfizer/BioNTech original + BA.4/5",6975031,6891765,4362750,799479,13866796
2023-09-01,"Moderna bivalent BA.4-5, Pfizer/BioNTech original + BA.4/5",6975033,6891765,4362751,799480,13866798
2023-09-04,"Pfizer/BioNTech, Pfizer/BioNTech original + BA.4/5",6975034,6891765,4362753,799488,13866799
2023-09-05,Pfizer/BioNTech original + BA.4/5,6975034,6891767,4362753,799494,13866801
2023-09-06,"Pfizer/BioNTech, Pfizer/BioNTech Mini, Pfizer/BioNTech original + BA.1, Pfizer/BioNTech original + BA.4/5",6975036,6891767,4362759,799509,13866803
2023-09-07,Pfizer/BioNTech original + BA.4/5,6975037,6891767,4362761,799518,13866804
2023-09-08,"Moderna bivalent BA.1, Pfizer/BioNTech original + BA.4/5",6975037,6891767,4362763,799534,13866804
2023-09-10,Pfizer/BioNTech,6975037,6891767,4362763,799534,13866804
2023-09-11,"Pfizer/BioNTech Mini, Pfizer/BioNTech original + BA.4/5",6975037,6891767,4362765,799545,13866804
2023-09-12,"Moderna bivalent BA.1, Pfizer/BioNTech, Pfizer/BioNTech original + BA.4/5",6975037,6891767,4362768,799551,13866804
2023-09-13,"Pfizer/BioNTech, Pfizer/BioNTech Mini, Pfizer/BioNTech original + BA.1, Pfizer/BioNTech original + BA.4/5",6975040,6891767,4362770,799575,13866807
2023-09-14,"Moderna bivalent BA.1, Pfizer/BioNTech, Pfizer/BioNTech XBB.1.5, Pfizer/BioNTech original + BA.1, Pfizer/BioNTech original + BA.4/5",6975042,6891768,4362778,799613,13866810
2023-09-15,"Moderna bivalent BA.4-5, Pfizer/BioNTech XBB.1.5, Pfizer/BioNTech original + BA.4/5",6975043,6891768,4362781,799637,13866811
2023-09-16,Pfizer/BioNTech original + BA.4/5,6975043,6891768,4362781,799637,13866811
2023-09-18,"Pfizer/BioNTech, Pfizer/BioNTech Kids, Pfizer/BioNTech XBB.1.5, Pfizer/BioNTech original + BA.4/5",6975044,6891769,4362788,799671,13866813
2023-09-19,"Pfizer/BioNTech, Pfizer/BioNTech XBB.1.5, Pfizer/BioNTech original + BA.1, Pfizer/BioNTech original + BA.4/5",6975047,6891769,4362794,799718,13866816
2023-09-20,"Moderna bivalent BA.1, Pfizer/BioNTech, Pfizer/BioNTech Kids, Pfizer/BioNTech Kids XBB.1.5, Pfizer/BioNTech Mini, Pfizer/BioNTech XBB.1.5, Pfizer/BioNTech original + BA.1, Pfizer/BioNTech original + BA.4/5",6975051,6891772,4362806,799868,13866823
2023-09-21,"Pfizer/BioNTech, Pfizer/BioNTech Kids XBB.1.5, Pfizer/BioNTech XBB.1.5, Pfizer/BioNTech original + BA.1, Pfizer/BioNTech original + BA.4/5",6975058,6891773,4362838,800106,13866831
2023-09-22,"Moderna, Moderna bivalent BA.4-5, Pfizer/BioNTech, Pfizer/BioNTech Kids, Pfizer/BioNTech Kids XBB.1.5, Pfizer/BioNTech XBB.1.5, Pfizer/BioNTech original + BA.1, Pfizer/BioNTech original + BA.4/5",6975071,6891776,4362856,800406,13866847
2023-09-23,Pfizer/BioNTech XBB.1.5,6975071,6891776,4362856,800416,13866847
2023-09-24,Pfizer/BioNTech XBB.1.5,6975071,6891776,4362856,800416,13866847
2023-09-25,"Johnson&Johnson, Moderna, Moderna bivalent BA.4-5, Pfizer/BioNTech, Pfizer/BioNTech Kids XBB.1.5, Pfizer/BioNTech XBB.1.5, Pfizer/BioNTech original + BA.1, Pfizer/BioNTech original + BA.4/5",6975077,6891777,4362874,800666,13866854
2023-09-26,"Moderna bivalent BA.1, Pfizer/BioNTech, Pfizer/BioNTech Kids XBB.1.5, Pfizer/BioNTech XBB.1.5, Pfizer/BioNTech original + BA.1, Pfizer/BioNTech original + BA.4/5",6975103,6891777,4362911,801154,13866880
2023-09-27,"Moderna, Moderna bivalent BA.1, Pfizer/BioNTech, Pfizer/BioNTech Kids, Pfizer/BioNTech Kids XBB.1.5, Pfizer/BioNTech Mini, Pfizer/BioNTech XBB.1.5, Pfizer/BioNTech original + BA.1, Pfizer/BioNTech original + BA.4/5",6975121,6891779,4362965,801653,13866900
2023-09-28,"Pfizer/BioNTech, Pfizer/BioNTech XBB.1.5",6975121,6891779,4362967,801671,13866900
2023-09-29,"Moderna, Moderna bivalent BA.4-5, Pfizer/BioNTech, Pfizer/BioNTech Kids, Pfizer/BioNTech Kids XBB.1.5, Pfizer/BioNTech XBB.1.5, Pfizer/BioNTech original + BA.1, Pfizer/BioNTech original + BA.4/5",6975134,6891780,4362999,801980,13866914
2023-09-30,"Pfizer/BioNTech, Pfizer/BioNTech XBB.1.5",6975134,6891780,4363001,801988,13866914
2023-10-01,"Pfizer/BioNTech, Pfizer/BioNTech XBB.1.5",6975134,6891780,4363002,801993,13866914
2023-10-02,"Moderna bivalent BA.1, Moderna bivalent BA.4-5, Pfizer/BioNTech, Pfizer/BioNTech Kids XBB.1.5, Pfizer/BioNTech XBB.1.5, Pfizer/BioNTech original + BA.1, Pfizer/BioNTech original + BA.4/5",6975145,6891780,4363039,802551,13866925
2023-10-03,"Moderna bivalent BA.1, Pfizer/BioNTech, Pfizer/BioNTech Kids XBB.1.5, Pfizer/BioNTech XBB.1.5, Pfizer/BioNTech original + BA.1, Pfizer/BioNTech original + BA.4/5",6975166,6891782,4363103,803412,13866948
2023-10-04,"Moderna, Moderna bivalent BA.4-5, Pfizer/BioNTech, Pfizer/BioNTech Kids XBB.1.5, Pfizer/BioNTech Mini, Pfizer/BioNTech XBB.1.5, Pfizer/BioNTech original + BA.1, Pfizer/BioNTech original + BA.4/5",6975204,6891784,4363193,804449,13866988
2023-10-05,"Moderna, Moderna bivalent BA.1, Moderna bivalent BA.4-5, Pfizer/BioNTech, Pfizer/BioNTech Kids XBB.1.5, Pfizer/BioNTech XBB.1.5, Pfizer/BioNTech original + BA.1, Pfizer/BioNTech original + BA.4/5",6975248,6891785,4363316,805672,13867033
2023-10-06,"Moderna, Moderna bivalent BA.1, Moderna bivalent BA.4-5, Pfizer/BioNTech, Pfizer/BioNTech Kids XBB.1.5, Pfizer/BioNTech Mini, Pfizer/BioNTech XBB.1.5, Pfizer/BioNTech original + BA.1, Pfizer/BioNTech original + BA.4/5",6975270,6891787,4363387,806813,13867057
2023-10-07,Pfizer/BioNTech XBB.1.5,6975271,6891787,4363387,806818,13867058
2023-10-08,"Pfizer/BioNTech Kids XBB.1.5, Pfizer/BioNTech XBB.1.5",6975271,6891787,4363388,806824,13867058
2023-10-09,"Moderna, Moderna bivalent BA.1, Moderna bivalent BA.4-5, Pfizer/BioNTech, Pfizer/BioNTech Kids XBB.1.5, Pfizer/BioNTech XBB.1.5, Pfizer/BioNTech original + BA.1, Pfizer/BioNTech original + BA.4/5",6975300,6891787,4363469,808055,13867087
2023-10-10,"Moderna bivalent BA.1, Moderna bivalent BA.4-5, Pfizer/BioNTech, Pfizer/BioNTech Kids, Pfizer/BioNTech Kids XBB.1.5, Pfizer/BioNTech Mini, Pfizer/BioNTech XBB.1.5, Pfizer/BioNTech original + BA.1, Pfizer/BioNTech original + BA.4/5",6975337,6891789,4363590,809708,13867126
2023-10-11,"Moderna, Moderna bivalent BA.1, Moderna bivalent BA.4-5, Pfizer/BioNTech, Pfizer/BioNTech Kids XBB.1.5, Pfizer/BioNTech Mini, Pfizer/BioNTech XBB.1.5, Pfizer/BioNTech original + BA.1, Pfizer/BioNTech original + BA.4/5",6975379,6891790,4363729,811534,13867169
2023-10-12,"Moderna, Moderna bivalent BA.1, Moderna bivalent BA.4-5, Pfizer/BioNTech, Pfizer/BioNTech Kids XBB.1.5, Pfizer/BioNTech XBB.1.5, Pfizer/BioNTech original + BA.1, Pfizer/BioNTech original + BA.4/5",6975415,6891791,4363841,813335,13867206
2023-10-13,"Moderna, Moderna bivalent BA.4-5, Pfizer/BioNTech, Pfizer/BioNTech Kids XBB.1.5, Pfizer/BioNTech XBB.1.5, Pfizer/BioNTech original + BA.1, Pfizer/BioNTech original + BA.4/5",6975443,6891793,4363940,814824,13867236
2023-10-14,"Pfizer/BioNTech, Pfizer/BioNTech XBB.1.5",6975443,6891793,4363941,814848,13867236
2023-10-15,"Pfizer/BioNTech, Pfizer/BioNTech XBB.1.5",6975443,6891793,4363941,814860,13867236
2023-10-16,"Moderna, Moderna bivalent BA.4-5, Pfizer/BioNTech, Pfizer/BioNTech Kids XBB.1.5, Pfizer/BioNTech Mini, Pfizer/BioNTech XBB.1.5, Pfizer/BioNTech original + BA.1, Pfizer/BioNTech original + BA.4/5",6975478,6891793,4364038,816367,13867271
2023-10-17,"Moderna, Moderna bivalent BA.4-5, Pfizer/BioNTech, Pfizer/BioNTech Kids XBB.1.5, Pfizer/BioNTech XBB.1.5, Pfizer/BioNTech original + BA.1, Pfizer/BioNTech original + BA.4/5",6975513,6891796,4364157,818280,13867309
2023-10-18,"Moderna, Moderna bivalent BA.1, Moderna bivalent BA.4-5, Pfizer/BioNTech, Pfizer/BioNTech Kids XBB.1.5, Pfizer/BioNTech Mini, Pfizer/BioNTech XBB.1.5, Pfizer/BioNTech original + BA.1, Pfizer/BioNTech original + BA.4/5",6975567,6891799,4364315,820428,13867366
2023-10-19,"Moderna, Moderna bivalent BA.1, Pfizer/BioNTech, Pfizer/BioNTech Kids XBB.1.5, Pfizer/BioNTech XBB.1.5, Pfizer/BioNTech original + BA.1, Pfizer/BioNTech original + BA.4/5",6975617,6891805,4364451,822513,13867422
2023-10-20,"Moderna, Moderna bivalent BA.4-5, Pfizer/BioNTech, Pfizer/BioNTech Kids XBB.1.5, Pfizer/BioNTech XBB.1.5, Pfizer/BioNTech original + BA.1, Pfizer/BioNTech original + BA.4/5",6975655,6891808,4364573,824374,13867463
2023-10-21,"Pfizer/BioNTech Kids XBB.1.5, Pfizer/BioNTech XBB.1.5",6975655,6891808,4364574,824409,13867463
2023-10-22,"Pfizer/BioNTech Kids XBB.1.5, Pfizer/BioNTech XBB.1.5",6975655,6891808,4364574,824417,13867463
2023-10-23,"Moderna, Moderna bivalent BA.1, Moderna bivalent BA.4-5, Pfizer/BioNTech, Pfizer/BioNTech Kids, Pfizer/BioNTech Kids XBB.1.5, Pfizer/BioNTech XBB.1.5, Pfizer/BioNTech original + BA.1, Pfizer/BioNTech original + BA.4/5",6975682,6891810,4364684,826071,13867492
2023-10-24,"Moderna, Moderna bivalent BA.4-5, Pfizer/BioNTech, Pfizer/BioNTech Kids XBB.1.5, Pfizer/BioNTech XBB.1.5, Pfizer/BioNTech original + BA.1, Pfizer/BioNTech original + BA.4/5",6975741,6891813,4364819,828126,13867554
2023-10-25,"Moderna bivalent BA.1, Pfizer/BioNTech, Pfizer/BioNTech Kids XBB.1.5, Pfizer/BioNTech XBB.1.5, Pfizer/BioNTech original + BA.1, Pfizer/BioNTech original + BA.4/5",6975774,6891814,4364950,830155,13867588
