date,vaccine,people_vaccinated,people_fully_vaccinated,people_boosted_1,people_boosted_2,total_vaccinations
2020-12-27,Pfizer/BioNTech,1289,0,0,0,1289
2020-12-28,Pfizer/BioNTech,3588,0,0,0,3588
2020-12-29,Pfizer/BioNTech,7052,1,0,0,7053
2020-12-30,Pfizer/BioNTech,10566,1,0,0,10567
2020-12-31,Pfizer/BioNTech,11878,1,0,0,11879
2021-01-01,"Moderna, Pfizer/BioNTech",12150,1,0,0,12151
2021-01-02,"Moderna, Pfizer/BioNTech",13439,2,0,0,13441
2021-01-03,"Moderna, Pfizer/BioNTech",14367,2,0,0,14369
2021-01-04,"Moderna, Pfizer/BioNTech",17973,3,0,0,17976
2021-01-05,"Moderna, Pfizer/BioNTech",22489,4,0,0,22493
2021-01-06,"Moderna, Pfizer/BioNTech",28326,5,0,0,28331
2021-01-07,"Moderna, Pfizer/BioNTech",36316,5,0,0,36321
2021-01-08,"Moderna, Pfizer/BioNTech",46352,6,0,0,46358
2021-01-09,"Moderna, Pfizer/BioNTech",48381,8,0,0,48389
2021-01-10,"Indie/AstraZeneca, Pfizer/BioNTech",50155,10,0,0,50165
2021-01-11,"Moderna, Pfizer/BioNTech",60008,12,0,0,60020
2021-01-12,"Moderna, Pfizer/BioNTech",73452,14,0,0,73466
2021-01-13,"Indie/Bahrat Biotech, Moderna, Pfizer/BioNTech, Čína",86982,15,0,0,86997
2021-01-14,"Moderna, Pfizer/BioNTech",102221,19,0,0,102240
2021-01-15,"Moderna, Pfizer/BioNTech, Čína",116225,20,0,0,116245
2021-01-16,"Moderna, Pfizer/BioNTech",119626,24,0,0,119650
2021-01-17,"Moderna, Pfizer/BioNTech",122244,659,0,0,122903
2021-01-18,"Moderna, Pfizer/BioNTech",134718,2481,0,0,137199
2021-01-19,"Moderna, Pfizer/BioNTech",147314,5207,0,0,152521
2021-01-20,"Moderna, Pfizer/BioNTech",161000,7868,0,0,168868
2021-01-21,"Moderna, Pfizer/BioNTech",176645,9614,0,0,186259
2021-01-22,"Moderna, Pfizer/BioNTech",191513,10658,0,0,202171
2021-01-23,"Moderna, Pfizer/BioNTech",194831,11537,0,0,206368
2021-01-24,"Moderna, Pfizer/BioNTech",197086,12410,0,0,209496
2021-01-25,"Moderna, Pfizer/BioNTech",206741,15373,0,0,222114
2021-01-26,"Moderna, Pfizer/BioNTech",217283,19358,0,0,236641
2021-01-27,"Indie/Bahrat Biotech, Moderna, Pfizer/BioNTech, Čína",226309,23887,0,0,250196
2021-01-28,"Moderna, Pfizer/BioNTech",233410,30010,0,0,263420
2021-01-29,"Indie/AstraZeneca, Moderna, Pfizer/BioNTech, Čína",239624,37908,0,0,277532
2021-01-30,"Moderna, Pfizer/BioNTech",240368,38997,0,0,279365
2021-01-31,"Moderna, Pfizer/BioNTech",241087,40179,0,0,281266
2021-02-01,"Moderna, Pfizer/BioNTech",245067,48145,0,0,293212
2021-02-02,"Moderna, Pfizer/BioNTech",249224,58376,0,0,307600
2021-02-03,"Moderna, Pfizer/BioNTech",253652,69384,0,0,323036
2021-02-04,"Moderna, Pfizer/BioNTech",258552,82364,0,0,340916
2021-02-05,"Moderna, Pfizer/BioNTech",264016,93023,0,0,357039
2021-02-06,"Moderna, Oxford/AstraZeneca, Pfizer/BioNTech, Čína",264874,95387,0,0,360261
2021-02-07,"Moderna, Oxford/AstraZeneca, Pfizer/BioNTech",265727,97885,0,0,363612
2021-02-08,"Moderna, Oxford/AstraZeneca, Pfizer/BioNTech",269814,109301,0,0,379115
2021-02-09,"Moderna, Oxford/AstraZeneca, Pfizer/BioNTech",274921,121201,0,0,396122
2021-02-10,"Moderna, Oxford/AstraZeneca, Pfizer/BioNTech",280440,134452,0,0,414892
2021-02-11,"Indie/AstraZeneca, Moderna, Oxford/AstraZeneca, Pfizer/BioNTech",286779,150654,0,0,437433
2021-02-12,"Indie/AstraZeneca, Moderna, Oxford/AstraZeneca, Pfizer/BioNTech",293614,165384,0,0,458998
2021-02-13,"Moderna, Oxford/AstraZeneca, Pfizer/BioNTech",295232,168374,0,0,463606
2021-02-14,"Moderna, Oxford/AstraZeneca, Pfizer/BioNTech",296238,169758,0,0,465996
2021-02-15,"Moderna, Oxford/AstraZeneca, Pfizer/BioNTech",302633,179127,0,0,481760
2021-02-16,"Moderna, Oxford/AstraZeneca, Pfizer/BioNTech",311346,188201,0,0,499547
2021-02-17,"Moderna, Oxford/AstraZeneca, Pfizer/BioNTech",321042,196509,0,0,517551
2021-02-18,"Indie/AstraZeneca, Moderna, Oxford/AstraZeneca, Pfizer/BioNTech",333363,204587,0,0,537950
2021-02-19,"Moderna, Oxford/AstraZeneca, Pfizer/BioNTech",345223,211960,0,0,557183
2021-02-20,"Moderna, Oxford/AstraZeneca, Pfizer/BioNTech, Čína",347233,213146,0,0,560379
2021-02-21,"Moderna, Oxford/AstraZeneca, Pfizer/BioNTech",348371,214172,0,0,562543
2021-02-22,"Moderna, Oxford/AstraZeneca, Pfizer/BioNTech",358492,220211,0,0,578703
2021-02-23,"Moderna, Oxford/AstraZeneca, Pfizer/BioNTech",371452,227195,0,0,598647
2021-02-24,"Moderna, Oxford/AstraZeneca, Pfizer/BioNTech",385326,233236,0,0,618562
2021-02-25,"Moderna, Oxford/AstraZeneca, Pfizer/BioNTech",403301,238785,0,0,642086
2021-02-26,"Moderna, Oxford/AstraZeneca, Pfizer/BioNTech",419468,244142,0,0,663610
2021-02-27,"Moderna, Oxford/AstraZeneca, Pfizer/BioNTech",422477,244702,0,0,667179
2021-02-28,"Moderna, Oxford/AstraZeneca, Pfizer/BioNTech",424835,245252,0,0,670087
2021-03-01,"Moderna, Oxford/AstraZeneca, Pfizer/BioNTech",444423,248696,0,0,693119
2021-03-02,"Indie/AstraZeneca, Moderna, Oxford/AstraZeneca, Pfizer/BioNTech",471642,252250,0,0,723892
2021-03-03,"Moderna, Oxford/AstraZeneca, Pfizer/BioNTech",502587,256758,0,0,759345
2021-03-04,"Moderna, Oxford/AstraZeneca, Pfizer/BioNTech",535856,261443,0,0,797299
2021-03-05,"Johnson&Johnson, Moderna, Oxford/AstraZeneca, Pfizer/BioNTech",564697,266861,0,0,831558
2021-03-06,"Johnson&Johnson, Moderna, Oxford/AstraZeneca, Pfizer/BioNTech",576858,267728,0,0,844586
2021-03-07,"Johnson&Johnson, Moderna, Oxford/AstraZeneca, Pfizer/BioNTech",588398,268573,0,0,856971
2021-03-08,"Johnson&Johnson, Moderna, Oxford/AstraZeneca, Pfizer/BioNTech",618124,273431,0,0,891555
2021-03-09,"Johnson&Johnson, Moderna, Oxford/AstraZeneca, Pfizer/BioNTech",654479,279813,0,0,934292
2021-03-10,"Johnson&Johnson, Moderna, Oxford/AstraZeneca, Pfizer/BioNTech",695783,286774,0,0,982557
2021-03-11,"Indie/AstraZeneca, Johnson&Johnson, Moderna, Oxford/AstraZeneca, Pfizer/BioNTech",740607,295145,0,0,1035752
2021-03-12,"Johnson&Johnson, Moderna, Oxford/AstraZeneca, Pfizer/BioNTech, Čína",779343,303641,0,0,1082984
2021-03-13,"Johnson&Johnson, Moderna, Oxford/AstraZeneca, Pfizer/BioNTech",796438,304956,0,0,1101394
2021-03-14,"Johnson&Johnson, Moderna, Oxford/AstraZeneca, Pfizer/BioNTech",808555,306112,0,0,1114667
2021-03-15,"Johnson&Johnson, Moderna, Oxford/AstraZeneca, Pfizer/BioNTech",836938,314882,0,0,1151820
2021-03-16,"Johnson&Johnson, Moderna, Oxford/AstraZeneca, Pfizer/BioNTech",875805,325413,0,0,1201218
2021-03-17,"Moderna, Oxford/AstraZeneca, Pfizer/BioNTech",913262,335922,0,0,1249184
2021-03-18,"Indie/AstraZeneca, Indie/Bahrat Biotech, Johnson&Johnson, Moderna, Oxford/AstraZeneca, Pfizer/BioNTech",951246,348341,0,0,1299587
2021-03-19,"Johnson&Johnson, Moderna, Oxford/AstraZeneca, Pfizer/BioNTech",985740,361946,0,0,1347686
2021-03-20,"Indie/AstraZeneca, Johnson&Johnson, Moderna, Oxford/AstraZeneca, Pfizer/BioNTech",1000924,363975,0,0,1364899
2021-03-21,"Indie, Johnson&Johnson, Moderna, Oxford/AstraZeneca, Pfizer/BioNTech, Čína",1008375,365537,0,0,1373912
2021-03-22,"Indie/AstraZeneca, Johnson&Johnson, Moderna, Oxford/AstraZeneca, Pfizer/BioNTech",1032942,378029,0,0,1410971
2021-03-23,"Johnson&Johnson, Moderna, Oxford/AstraZeneca, Pfizer/BioNTech",1059589,391391,0,0,1450980
2021-03-24,"Indie/AstraZeneca, Johnson&Johnson, Moderna, Oxford/AstraZeneca, Pfizer/BioNTech, Čína",1086471,407135,0,0,1493606
2021-03-25,"Indie/AstraZeneca, Johnson&Johnson, Moderna, Oxford/AstraZeneca, Pfizer/BioNTech",1112814,424979,0,0,1537793
2021-03-26,"Indie/AstraZeneca, Johnson&Johnson, Moderna, Oxford/AstraZeneca, Pfizer/BioNTech",1137627,442484,0,0,1580111
2021-03-27,"Johnson&Johnson, Moderna, Oxford/AstraZeneca, Pfizer/BioNTech, Čína",1146092,447330,0,0,1593422
2021-03-28,"Moderna, Oxford/AstraZeneca, Pfizer/BioNTech, Čína",1151640,451479,0,0,1603119
2021-03-29,"Johnson&Johnson, Moderna, Oxford/AstraZeneca, Pfizer/BioNTech",1170782,472205,0,0,1642987
2021-03-30,"Johnson&Johnson, Moderna, Oxford/AstraZeneca, Pfizer/BioNTech",1195488,494384,0,0,1689872
2021-03-31,"Indie/AstraZeneca, Johnson&Johnson, Moderna, Oxford/AstraZeneca, Pfizer/BioNTech, Čína",1218643,521431,0,0,1740074
2021-04-01,"Indie/AstraZeneca, Johnson&Johnson, Moderna, Oxford/AstraZeneca, Pfizer/BioNTech",1244336,553466,0,0,1797802
2021-04-02,"Indie/AstraZeneca, Johnson&Johnson, Moderna, Oxford/AstraZeneca, Pfizer/BioNTech",1251330,566264,0,0,1817594
2021-04-03,"Johnson&Johnson, Moderna, Oxford/AstraZeneca, Pfizer/BioNTech",1254989,577195,0,0,1832184
2021-04-04,"Johnson&Johnson, Moderna, Oxford/AstraZeneca, Pfizer/BioNTech",1257534,586118,0,0,1843652
2021-04-05,"Indie/AstraZeneca, Johnson&Johnson, Moderna, Oxford/AstraZeneca, Pfizer/BioNTech",1259974,593320,0,0,1853294
2021-04-06,"Indie/AstraZeneca, Johnson&Johnson, Moderna, Oxford/AstraZeneca, Pfizer/BioNTech, Čína",1276183,622595,0,0,1898778
2021-04-07,"Johnson&Johnson, Moderna, Oxford/AstraZeneca, Pfizer/BioNTech, Čína",1299668,644828,0,0,1944496
2021-04-08,"Indie/AstraZeneca, Johnson&Johnson, Moderna, Oxford/AstraZeneca, Pfizer/BioNTech",1338450,675851,0,0,2014301
2021-04-09,"Indie/AstraZeneca, Johnson&Johnson, Moderna, Oxford/AstraZeneca, Pfizer/BioNTech, Čína",1378020,706043,0,0,2084063
2021-04-10,"Johnson&Johnson, Moderna, Oxford/AstraZeneca, Pfizer/BioNTech",1393588,721346,0,0,2114934
2021-04-11,"Indie/AstraZeneca, Johnson&Johnson, Moderna, Oxford/AstraZeneca, Pfizer/BioNTech",1403378,731400,0,0,2134778
2021-04-12,"Johnson&Johnson, Moderna, Oxford/AstraZeneca, Pfizer/BioNTech",1441667,756533,0,0,2198200
2021-04-13,"Indie/AstraZeneca, Moderna, Oxford/AstraZeneca, Pfizer/BioNTech",1477954,782558,0,0,2260512
2021-04-14,"Moderna, Oxford/AstraZeneca, Pfizer/BioNTech",1516821,809913,0,0,2326734
2021-04-15,"Moderna, Oxford/AstraZeneca, Pfizer/BioNTech",1564616,835677,0,0,2400293
2021-04-16,"Moderna, Oxford/AstraZeneca, Pfizer/BioNTech",1609291,861333,0,0,2470624
2021-04-17,"Indie, Indie/AstraZeneca, Moderna, Oxford/AstraZeneca, Pfizer/BioNTech",1626015,870363,0,0,2496378
2021-04-18,"Moderna, Oxford/AstraZeneca, Pfizer/BioNTech, Čína",1639019,875344,0,0,2514363
2021-04-19,"Johnson&Johnson, Moderna, Oxford/AstraZeneca, Pfizer/BioNTech",1682974,890765,0,0,2573739
2021-04-20,"Johnson&Johnson, Moderna, Oxford/AstraZeneca, Pfizer/BioNTech, Čína",1725521,906650,0,0,2632171
2021-04-21,"Indie, Moderna, Oxford/AstraZeneca, Pfizer/BioNTech",1773251,921016,0,0,2694267
2021-04-22,"Johnson&Johnson, Moderna, Oxford/AstraZeneca, Pfizer/BioNTech, Čína",1827755,938416,0,0,2766171
2021-04-23,"Johnson&Johnson, Moderna, Oxford/AstraZeneca, Pfizer/BioNTech, Čína",1877742,950484,0,0,2828226
2021-04-24,"Indie/AstraZeneca, Johnson&Johnson, Moderna, Oxford/AstraZeneca, Pfizer/BioNTech, Sputnik, Čína",1895622,955758,0,0,2851380
2021-04-25,"Johnson&Johnson, Moderna, Oxford/AstraZeneca, Pfizer/BioNTech",1910323,959761,0,0,2870084
2021-04-26,"Indie, Johnson&Johnson, Moderna, Oxford/AstraZeneca, Pfizer/BioNTech, Čína",1959909,967328,0,0,2927237
2021-04-27,"Indie/AstraZeneca, Johnson&Johnson, Moderna, Oxford/AstraZeneca, Pfizer/BioNTech, Sputnik, Čína",2008882,979577,0,0,2988459
2021-04-28,"Indie/AstraZeneca, Johnson&Johnson, Moderna, Oxford/AstraZeneca, Pfizer/BioNTech, Čína",2067627,993605,0,0,3061232
2021-04-29,"Indie/AstraZeneca, Johnson&Johnson, Moderna, Oxford/AstraZeneca, Pfizer/BioNTech",2133231,1009516,0,0,3142747
2021-04-30,"Indie/AstraZeneca, Johnson&Johnson, Moderna, Oxford/AstraZeneca, Pfizer/BioNTech, Čína",2195516,1019511,0,0,3215027
2021-05-01,"Indie/AstraZeneca, Johnson&Johnson, Moderna, Oxford/AstraZeneca, Pfizer/BioNTech, Sputnik, Čína",2214918,1022982,0,0,3237900
2021-05-02,"Johnson&Johnson, Moderna, Oxford/AstraZeneca, Pfizer/BioNTech",2233869,1025274,0,0,3259143
2021-05-03,"Johnson&Johnson, Moderna, Oxford/AstraZeneca, Pfizer/BioNTech",2301118,1030360,0,0,3331478
2021-05-04,"Johnson&Johnson, Moderna, Oxford/AstraZeneca, Pfizer/BioNTech",2367667,1038736,0,0,3406403
2021-05-05,"Johnson&Johnson, Moderna, Oxford/AstraZeneca, Pfizer/BioNTech, Čína",2440857,1048176,0,0,3489033
2021-05-06,"Indie/Bahrat Biotech, Johnson&Johnson, Moderna, Oxford/AstraZeneca, Pfizer/BioNTech",2521282,1058924,0,0,3580206
2021-05-07,"Indie/AstraZeneca, Johnson&Johnson, Moderna, Oxford/AstraZeneca, Pfizer/BioNTech, Čína",2598607,1069066,0,0,3667673
2021-05-08,"Johnson&Johnson, Moderna, Oxford/AstraZeneca, Pfizer/BioNTech",2628152,1070862,0,0,3699014
2021-05-09,"Johnson&Johnson, Moderna, Oxford/AstraZeneca, Pfizer/BioNTech",2652393,1072086,0,0,3724479
2021-05-10,"Johnson&Johnson, Moderna, Oxford/AstraZeneca, Pfizer/BioNTech",2725180,1079335,0,0,3804515
2021-05-11,"Johnson&Johnson, Moderna, Oxford/AstraZeneca, Pfizer/BioNTech",2801309,1088169,0,0,3889478
2021-05-12,"Johnson&Johnson, Moderna, Oxford/AstraZeneca, Pfizer/BioNTech, Sputnik, Čína",2881245,1097313,0,0,3978558
2021-05-13,"Indie/AstraZeneca, Johnson&Johnson, Moderna, Oxford/AstraZeneca, Pfizer/BioNTech, Čína",2965296,1106498,0,0,4071794
2021-05-14,"Indie/AstraZeneca, Johnson&Johnson, Moderna, Oxford/AstraZeneca, Pfizer/BioNTech, Čína",3044851,1114328,0,0,4159179
2021-05-15,"Indie/AstraZeneca, Johnson&Johnson, Moderna, Oxford/AstraZeneca, Pfizer/BioNTech",3076829,1116614,0,0,4193443
2021-05-16,"Johnson&Johnson, Moderna, Oxford/AstraZeneca, Pfizer/BioNTech, Sputnik",3102644,1117906,0,0,4220550
2021-05-17,"Indie, Indie/AstraZeneca, Johnson&Johnson, Moderna, Oxford/AstraZeneca, Pfizer/BioNTech, Čína",3175185,1124670,0,0,4299855
2021-05-18,"Indie/AstraZeneca, Johnson&Johnson, Moderna, Oxford/AstraZeneca, Pfizer/BioNTech, Čína",3247179,1137789,0,0,4384968
2021-05-19,"Indie/AstraZeneca, Johnson&Johnson, Moderna, Oxford/AstraZeneca, Pfizer/BioNTech, Čína",3324675,1152960,0,0,4477635
2021-05-20,"Indie/AstraZeneca, Johnson&Johnson, Moderna, Oxford/AstraZeneca, Pfizer/BioNTech",3400171,1180012,0,0,4580183
2021-05-21,"Johnson&Johnson, Moderna, Oxford/AstraZeneca, Pfizer/BioNTech",3469028,1207805,0,0,4676833
2021-05-22,"Johnson&Johnson, Moderna, Oxford/AstraZeneca, Pfizer/BioNTech, Čína",3501510,1219048,0,0,4720558
2021-05-23,"Johnson&Johnson, Moderna, Oxford/AstraZeneca, Pfizer/BioNTech, Čína",3523969,1228080,0,0,4752049
2021-05-24,"Indie, Indie/AstraZeneca, Johnson&Johnson, Moderna, Oxford/AstraZeneca, Pfizer/BioNTech, Čína",3571192,1261727,0,0,4832919
2021-05-25,"Indie/AstraZeneca, Johnson&Johnson, Moderna, Oxford/AstraZeneca, Pfizer/BioNTech",3623117,1297551,0,0,4920668
2021-05-26,"Indie, Johnson&Johnson, Moderna, Oxford/AstraZeneca, Pfizer/BioNTech, Čína",3690894,1335103,1,0,5025997
2021-05-27,"Indie/AstraZeneca, Johnson&Johnson, Moderna, Oxford/AstraZeneca, Pfizer/BioNTech",3752328,1382439,1,0,5134767
2021-05-28,"Indie/AstraZeneca, Johnson&Johnson, Moderna, Oxford/AstraZeneca, Pfizer/BioNTech",3814097,1429012,1,0,5243109
2021-05-29,"Indie/AstraZeneca, Johnson&Johnson, Moderna, Oxford/AstraZeneca, Pfizer/BioNTech, Čína",3843382,1446168,1,0,5289550
2021-05-30,"Johnson&Johnson, Moderna, Oxford/AstraZeneca, Pfizer/BioNTech, Čína",3865809,1460636,1,0,5326445
2021-05-31,"Indie/AstraZeneca, Johnson&Johnson, Moderna, Oxford/AstraZeneca, Pfizer/BioNTech, Sputnik",3921553,1508148,1,0,5429701
2021-06-01,"Indie/AstraZeneca, Johnson&Johnson, Moderna, Oxford/AstraZeneca, Pfizer/BioNTech, Sputnik, Čína",3980676,1557017,1,0,5537693
2021-06-02,"Indie/AstraZeneca, Johnson&Johnson, Moderna, Oxford/AstraZeneca, Pfizer/BioNTech, Sputnik, Čína",4043667,1611031,1,0,5654698
2021-06-03,"Indie/AstraZeneca, Johnson&Johnson, Moderna, Oxford/AstraZeneca, Pfizer/BioNTech, Čína",4101936,1671214,1,0,5773150
2021-06-04,"Indie/AstraZeneca, Johnson&Johnson, Moderna, Oxford/AstraZeneca, Pfizer/BioNTech",4165082,1728618,1,0,5893700
2021-06-05,"Indie/AstraZeneca, Johnson&Johnson, Moderna, Oxford/AstraZeneca, Pfizer/BioNTech, Čína",4199297,1747554,1,0,5946851
2021-06-06,"Johnson&Johnson, Moderna, Oxford/AstraZeneca, Pfizer/BioNTech, Čína",4226264,1762726,1,0,5988990
2021-06-07,"Indie, Johnson&Johnson, Moderna, Oxford/AstraZeneca, Pfizer/BioNTech, Čína",4289967,1818360,1,0,6108327
2021-06-08,"Indie/AstraZeneca, Johnson&Johnson, Moderna, Oxford/AstraZeneca, Pfizer/BioNTech, Čína",4353988,1873351,1,0,6227339
2021-06-09,"Indie, Indie/AstraZeneca, Johnson&Johnson, Moderna, Oxford/AstraZeneca, Pfizer/BioNTech, Čína",4413221,1938004,1,0,6351225
2021-06-10,"Indie, Indie/AstraZeneca, Johnson&Johnson, Moderna, Oxford/AstraZeneca, Pfizer/BioNTech, Čína",4467092,2009293,1,0,6476385
2021-06-11,"Indie/Bahrat Biotech, Johnson&Johnson, Moderna, Oxford/AstraZeneca, Pfizer/BioNTech, Čína",4519219,2079125,1,0,6598344
2021-06-12,"Indie/AstraZeneca, Johnson&Johnson, Moderna, Oxford/AstraZeneca, Pfizer/BioNTech, Čína",4551277,2099987,2,0,6651264
2021-06-13,"Johnson&Johnson, Moderna, Oxford/AstraZeneca, Pfizer/BioNTech, Čína",4575316,2118436,2,0,6693752
2021-06-14,"Johnson&Johnson, Moderna, Oxford/AstraZeneca, Pfizer/BioNTech, Čína",4618420,2192815,2,0,6811235
2021-06-15,"Indie/AstraZeneca, Indie/Bahrat Biotech, Johnson&Johnson, Moderna, Oxford/AstraZeneca, Pfizer/BioNTech, Čína",4663108,2265208,2,0,6928316
2021-06-16,"Indie/AstraZeneca, Johnson&Johnson, Moderna, Oxford/AstraZeneca, Pfizer/BioNTech, Čína",4705931,2343422,2,0,7049353
2021-06-17,"Indie/AstraZeneca, Johnson&Johnson, Moderna, Oxford/AstraZeneca, Pfizer/BioNTech, Čína",4745381,2426522,2,0,7171903
2021-06-18,"Indie, Johnson&Johnson, Moderna, Oxford/AstraZeneca, Pfizer/BioNTech, Čína",4787832,2507121,2,0,7294953
2021-06-19,"Indie/AstraZeneca, Johnson&Johnson, Moderna, Oxford/AstraZeneca, Pfizer/BioNTech, Čína",4809635,2536490,2,0,7346125
2021-06-20,"Johnson&Johnson, Moderna, Oxford/AstraZeneca, Pfizer/BioNTech, Čína",4827052,2560372,2,0,7387424
2021-06-21,"Johnson&Johnson, Moderna, Oxford/AstraZeneca, Pfizer/BioNTech, Čína",4859585,2638994,2,0,7498579
2021-06-22,"Indie/AstraZeneca, Johnson&Johnson, Moderna, Oxford/AstraZeneca, Pfizer/BioNTech, Čína",4892579,2721326,2,0,7613905
2021-06-23,"Indie/AstraZeneca, Johnson&Johnson, Moderna, Oxford/AstraZeneca, Pfizer/BioNTech, Čína",4924319,2806581,2,0,7730900
2021-06-24,"Indie/AstraZeneca, Johnson&Johnson, Moderna, Oxford/AstraZeneca, Pfizer/BioNTech, Čína",4954201,2896664,2,0,7850865
2021-06-25,"Johnson&Johnson, Moderna, Oxford/AstraZeneca, Pfizer/BioNTech, Sputnik, Čína",4985308,2982931,2,0,7968239
2021-06-26,"Indie, Johnson&Johnson, Moderna, Oxford/AstraZeneca, Pfizer/BioNTech, Čína",5001211,3017842,2,0,8019053
2021-06-27,"Johnson&Johnson, Moderna, Oxford/AstraZeneca, Pfizer/BioNTech, Čína",5015185,3044570,2,0,8059755
2021-06-28,"Indie/AstraZeneca, Johnson&Johnson, Moderna, Oxford/AstraZeneca, Pfizer/BioNTech, Čína",5043629,3129812,2,0,8173441
2021-06-29,"Indie, Johnson&Johnson, Moderna, Oxford/AstraZeneca, Pfizer/BioNTech, Čína",5072930,3216384,2,0,8289314
2021-06-30,"Indie, Johnson&Johnson, Moderna, Oxford/AstraZeneca, Pfizer/BioNTech",5100459,3307445,3,0,8407904
2021-07-01,"Johnson&Johnson, Moderna, Oxford/AstraZeneca, Pfizer/BioNTech, Čína",5124490,3397555,3,0,8522045
2021-07-02,"Indie/AstraZeneca, Johnson&Johnson, Moderna, Oxford/AstraZeneca, Pfizer/BioNTech, Čína",5151278,3483528,3,0,8634806
2021-07-03,"Indie, Indie/AstraZeneca, Johnson&Johnson, Moderna, Oxford/AstraZeneca, Pfizer/BioNTech, Čína",5158408,3515114,3,0,8673522
2021-07-04,"Johnson&Johnson, Moderna, Oxford/AstraZeneca, Pfizer/BioNTech",5166008,3536948,3,0,8702956
2021-07-05,"Indie, Indie/AstraZeneca, Johnson&Johnson, Moderna, Oxford/AstraZeneca, Pfizer/BioNTech, Čína",5173459,3562401,3,0,8735860
2021-07-06,"Indie/AstraZeneca, Johnson&Johnson, Moderna, Oxford/AstraZeneca, Pfizer/BioNTech, Čína",5178970,3590178,3,0,8769148
2021-07-07,"Indie/AstraZeneca, Johnson&Johnson, Moderna, Oxford/AstraZeneca, Pfizer/BioNTech, Čína",5204816,3669211,3,0,8874027
2021-07-08,"Indie, Johnson&Johnson, Moderna, Oxford/AstraZeneca, Pfizer/BioNTech, Čína",5231457,3739576,3,0,8971033
2021-07-09,"Indie, Indie/AstraZeneca, Indie/Bahrat Biotech, Johnson&Johnson, Moderna, Oxford/AstraZeneca, Pfizer/BioNTech, Čína",5259429,3808940,3,0,9068369
2021-07-10,"Indie, Indie/AstraZeneca, Johnson&Johnson, Moderna, Oxford/AstraZeneca, Pfizer/BioNTech, Čína",5268833,3837637,4,0,9106470
2021-07-11,"Johnson&Johnson, Moderna, Oxford/AstraZeneca, Pfizer/BioNTech, Čína",5277400,3860543,4,0,9137943
2021-07-12,"Indie/AstraZeneca, Johnson&Johnson, Moderna, Oxford/AstraZeneca, Pfizer/BioNTech, Čína",5304979,3929636,4,0,9234615
2021-07-13,"Johnson&Johnson, Moderna, Oxford/AstraZeneca, Pfizer/BioNTech, Čína",5331214,3999553,4,0,9330767
2021-07-14,"Indie/AstraZeneca, Johnson&Johnson, Moderna, Oxford/AstraZeneca, Pfizer/BioNTech",5357077,4071574,4,0,9428651
2021-07-15,"Indie, Indie/AstraZeneca, Johnson&Johnson, Moderna, Oxford/AstraZeneca, Pfizer/BioNTech, Čína",5386289,4137622,4,0,9523911
2021-07-16,"Indie/AstraZeneca, Johnson&Johnson, Moderna, Oxford/AstraZeneca, Pfizer/BioNTech, Sputnik, Čína",5414265,4210392,4,0,9624657
2021-07-17,"Johnson&Johnson, Moderna, Oxford/AstraZeneca, Pfizer/BioNTech, Čína",5423086,4241890,4,0,9664976
2021-07-18,"Indie/AstraZeneca, Johnson&Johnson, Moderna, Oxford/AstraZeneca, Pfizer/BioNTech, Čína",5431545,4267906,4,0,9699451
2021-07-19,"Johnson&Johnson, Moderna, Oxford/AstraZeneca, Pfizer/BioNTech, Čína",5454925,4334944,4,0,9789869
2021-07-20,"Johnson&Johnson, Moderna, Oxford/AstraZeneca, Pfizer/BioNTech, Čína",5476368,4402018,6,0,9878386
2021-07-21,"Indie/AstraZeneca, Johnson&Johnson, Moderna, Oxford/AstraZeneca, Pfizer/BioNTech, Čína",5499852,4465523,6,0,9965375
2021-07-22,"Indie/AstraZeneca, Johnson&Johnson, Moderna, Oxford/AstraZeneca, Pfizer/BioNTech, Čína",5522239,4524193,6,0,10046432
2021-07-23,"Johnson&Johnson, Moderna, Oxford/AstraZeneca, Pfizer/BioNTech, Čína",5545497,4578995,6,0,10124492
2021-07-24,"Indie, Indie/AstraZeneca, Johnson&Johnson, Moderna, Oxford/AstraZeneca, Pfizer/BioNTech, Čína",5552878,4606704,6,0,10159582
2021-07-25,"Johnson&Johnson, Moderna, Oxford/AstraZeneca, Pfizer/BioNTech, Čína",5559547,4628855,6,0,10188402
2021-07-26,"Indie/AstraZeneca, Johnson&Johnson, Moderna, Oxford/AstraZeneca, Pfizer/BioNTech",5583128,4677566,6,0,10260694
2021-07-27,"Johnson&Johnson, Moderna, Oxford/AstraZeneca, Pfizer/BioNTech, Čína",5605903,4724264,6,0,10330167
2021-07-28,"Johnson&Johnson, Moderna, Oxford/AstraZeneca, Pfizer/BioNTech, Čína",5627221,4770328,6,0,10397549
2021-07-29,"Johnson&Johnson, Moderna, Oxford/AstraZeneca, Pfizer/BioNTech, Čína",5648587,4812354,6,0,10460941
2021-07-30,"Indie/AstraZeneca, Johnson&Johnson, Moderna, Oxford/AstraZeneca, Pfizer/BioNTech, Čína",5671904,4854963,7,0,10526867
2021-07-31,"Indie/AstraZeneca, Johnson&Johnson, Moderna, Oxford/AstraZeneca, Pfizer/BioNTech, Čína",5680883,4874533,7,0,10555416
2021-08-01,"Indie, Johnson&Johnson, Moderna, Oxford/AstraZeneca, Pfizer/BioNTech, Čína",5687643,4890717,7,0,10578360
2021-08-02,"Indie, Johnson&Johnson, Moderna, Oxford/AstraZeneca, Pfizer/BioNTech",5706327,4928323,7,0,10634650
2021-08-03,"Indie/Bahrat Biotech, Johnson&Johnson, Moderna, Oxford/AstraZeneca, Pfizer/BioNTech, Čína",5724021,4966499,7,0,10690520
2021-08-04,"Johnson&Johnson, Moderna, Oxford/AstraZeneca, Pfizer/BioNTech, Čína",5740179,5003314,7,0,10743493
2021-08-05,"Indie/AstraZeneca, Johnson&Johnson, Moderna, Oxford/AstraZeneca, Pfizer/BioNTech, Čína",5756248,5043844,7,0,10800092
2021-08-06,"Indie/AstraZeneca, Johnson&Johnson, Moderna, Oxford/AstraZeneca, Pfizer/BioNTech, Čína",5773102,5087204,7,0,10860306
2021-08-07,"Indie, Johnson&Johnson, Moderna, Oxford/AstraZeneca, Pfizer/BioNTech, Čína",5778734,5105403,7,0,10884137
2021-08-08,"Johnson&Johnson, Moderna, Oxford/AstraZeneca, Pfizer/BioNTech, Čína",5783131,5121191,8,0,10904322
2021-08-09,"Indie, Indie/AstraZeneca, Johnson&Johnson, Moderna, Oxford/AstraZeneca, Pfizer/BioNTech, Čína",5795790,5166299,8,0,10962089
2021-08-10,"Indie/AstraZeneca, Johnson&Johnson, Moderna, Oxford/AstraZeneca, Pfizer/BioNTech, Čína",5807679,5205925,8,0,11013604
2021-08-11,"Indie/AstraZeneca, Johnson&Johnson, Moderna, Oxford/AstraZeneca, Pfizer/BioNTech, Čína",5819081,5249105,8,0,11068186
2021-08-12,"Indie/AstraZeneca, Johnson&Johnson, Moderna, Oxford/AstraZeneca, Pfizer/BioNTech",5830523,5286285,8,0,11116808
2021-08-13,"Johnson&Johnson, Moderna, Oxford/AstraZeneca, Pfizer/BioNTech, Čína",5841276,5326675,8,0,11167951
2021-08-14,"Indie/AstraZeneca, Indie/Bahrat Biotech, Johnson&Johnson, Moderna, Oxford/AstraZeneca, Pfizer/BioNTech",5844629,5337420,8,0,11182049
2021-08-15,"Johnson&Johnson, Moderna, Oxford/AstraZeneca, Pfizer/BioNTech",5847230,5347823,8,0,11195053
2021-08-16,"Indie/AstraZeneca, Johnson&Johnson, Moderna, Oxford/AstraZeneca, Pfizer/BioNTech, Čína",5857046,5381947,8,0,11238993
2021-08-17,"Indie/AstraZeneca, Johnson&Johnson, Moderna, Oxford/AstraZeneca, Pfizer/BioNTech",5866667,5409097,8,0,11275764
2021-08-18,"Indie, Indie/AstraZeneca, Johnson&Johnson, Moderna, Oxford/AstraZeneca, Pfizer/BioNTech, Čína",5876065,5448029,8,0,11324094
2021-08-19,"Johnson&Johnson, Moderna, Oxford/AstraZeneca, Pfizer/BioNTech, Čína",5885760,5486413,8,0,11372173
2021-08-20,"Indie/AstraZeneca, Johnson&Johnson, Moderna, Oxford/AstraZeneca, Pfizer/BioNTech, Čína",5897174,5526665,8,0,11423839
2021-08-21,"Indie, Indie/AstraZeneca, Johnson&Johnson, Moderna, Oxford/AstraZeneca, Pfizer/BioNTech",5899909,5539477,8,0,11439386
2021-08-22,"Indie, Johnson&Johnson, Moderna, Oxford/AstraZeneca, Pfizer/BioNTech, Čína",5902266,5551475,8,0,11453741
2021-08-23,"Indie, Indie/AstraZeneca, Johnson&Johnson, Moderna, Oxford/AstraZeneca, Pfizer/BioNTech, Čína",5912816,5590800,10,0,11503616
2021-08-24,"Johnson&Johnson, Moderna, Oxford/AstraZeneca, Pfizer/BioNTech",5922702,5624072,10,0,11546774
2021-08-25,"Indie/AstraZeneca, Johnson&Johnson, Moderna, Oxford/AstraZeneca, Pfizer/BioNTech, Čína",5931589,5652530,11,0,11584119
2021-08-26,"Indie/AstraZeneca, Johnson&Johnson, Moderna, Oxford/AstraZeneca, Pfizer/BioNTech, Čína",5940056,5678733,13,0,11618789
2021-08-27,"Indie/AstraZeneca, Johnson&Johnson, Moderna, Oxford/AstraZeneca, Pfizer/BioNTech, Čína",5950393,5704781,14,0,11655174
2021-08-28,"Indie, Indie/AstraZeneca, Johnson&Johnson, Moderna, Oxford/AstraZeneca, Pfizer/BioNTech, Čína",5953142,5711894,14,0,11665036
2021-08-29,"Indie, Johnson&Johnson, Moderna, Oxford/AstraZeneca, Pfizer/BioNTech, Čína",5955560,5718534,14,0,11674094
2021-08-30,"Indie, Johnson&Johnson, Moderna, Oxford/AstraZeneca, Pfizer/BioNTech",5964101,5740466,14,0,11704567
2021-08-31,"Indie/AstraZeneca, Johnson&Johnson, Moderna, Oxford/AstraZeneca, Pfizer/BioNTech, Čína",5971795,5758619,14,0,11730414
2021-09-01,"Johnson&Johnson, Moderna, Oxford/AstraZeneca, Pfizer/BioNTech, Čína",5977749,5772667,15,0,11750416
2021-09-02,"Indie/AstraZeneca, Johnson&Johnson, Moderna, Oxford/AstraZeneca, Pfizer/BioNTech, Čína",5984609,5787102,15,0,11771711
2021-09-03,"Johnson&Johnson, Moderna, Oxford/AstraZeneca, Pfizer/BioNTech, Čína",5994178,5802876,15,0,11797054
2021-09-04,"Indie/AstraZeneca, Johnson&Johnson, Moderna, Oxford/AstraZeneca, Pfizer/BioNTech",5996267,5806466,15,0,11802733
2021-09-05,"Johnson&Johnson, Moderna, Oxford/AstraZeneca, Pfizer/BioNTech, Čína",5998322,5809328,15,0,11807650
2021-09-06,"Indie, Indie/AstraZeneca, Johnson&Johnson, Moderna, Oxford/AstraZeneca, Pfizer/BioNTech, Čína",6004571,5821909,15,0,11826480
2021-09-07,"Indie/AstraZeneca, Johnson&Johnson, Moderna, Oxford/AstraZeneca, Pfizer/BioNTech, Čína",6008977,5833049,16,0,11842026
2021-09-08,"Johnson&Johnson, Moderna, Oxford/AstraZeneca, Pfizer/BioNTech, Čína",6014670,5842940,19,0,11857610
2021-09-09,"Indie/AstraZeneca, Johnson&Johnson, Moderna, Oxford/AstraZeneca, Pfizer/BioNTech, Čína",6021367,5853037,21,0,11874404
2021-09-10,"Indie/AstraZeneca, Johnson&Johnson, Moderna, Oxford/AstraZeneca, Pfizer/BioNTech, Čína",6029085,5865266,22,0,11894351
2021-09-11,"Indie/AstraZeneca, Johnson&Johnson, Moderna, Oxford/AstraZeneca, Pfizer/BioNTech, Čína",6030972,5867793,22,0,11898765
2021-09-12,"Indie/AstraZeneca, Johnson&Johnson, Moderna, Oxford/AstraZeneca, Pfizer/BioNTech",6032097,5869441,23,0,11901538
2021-09-13,"Johnson&Johnson, Moderna, Oxford/AstraZeneca, Pfizer/BioNTech, Čína",6037549,5879770,23,0,11917319
2021-09-14,"Indie/AstraZeneca, Johnson&Johnson, Moderna, Oxford/AstraZeneca, Pfizer/BioNTech, Čína",6042966,5888808,23,0,11931774
2021-09-15,"Indie/AstraZeneca, Johnson&Johnson, Moderna, Oxford/AstraZeneca, Pfizer/BioNTech",6048201,5897360,29,0,11945561
2021-09-16,"Johnson&Johnson, Moderna, Oxford/AstraZeneca, Pfizer/BioNTech, Čína",6053574,5905655,29,0,11959229
2021-09-17,"Indie/AstraZeneca, Johnson&Johnson, Moderna, Oxford/AstraZeneca, Pfizer/BioNTech, Čína",6060154,5915912,32,0,11976066
2021-09-18,"Indie/AstraZeneca, Johnson&Johnson, Moderna, Oxford/AstraZeneca, Pfizer/BioNTech, Čína",6061898,5918291,34,0,11980189
2021-09-19,"Johnson&Johnson, Moderna, Oxford/AstraZeneca, Pfizer/BioNTech",6062853,5919866,36,0,11982719
2021-09-20,"Indie/AstraZeneca, Johnson&Johnson, Moderna, Oxford/AstraZeneca, Pfizer/BioNTech",6066888,5928092,470,0,11994980
2021-09-21,"Johnson&Johnson, Moderna, Oxford/AstraZeneca, Pfizer/BioNTech",6071139,5935647,925,0,12006786
2021-09-22,"Johnson&Johnson, Moderna, Oxford/AstraZeneca, Pfizer/BioNTech, Čína",6075345,5941204,1380,0,12016549
2021-09-23,"Johnson&Johnson, Moderna, Oxford/AstraZeneca, Pfizer/BioNTech, Čína",6080322,5947644,2393,0,12027966
2021-09-24,"Indie/AstraZeneca, Johnson&Johnson, Moderna, Oxford/AstraZeneca, Pfizer/BioNTech",6086085,5957282,2889,0,12043367
2021-09-25,"Indie, Indie/AstraZeneca, Johnson&Johnson, Moderna, Oxford/AstraZeneca, Pfizer/BioNTech, Čína",6087595,5959291,2970,0,12046886
2021-09-26,"Johnson&Johnson, Moderna, Oxford/AstraZeneca, Pfizer/BioNTech, Čína",6088347,5960935,3041,0,12049282
2021-09-27,"Indie, Indie/AstraZeneca, Johnson&Johnson, Moderna, Oxford/AstraZeneca, Pfizer/BioNTech, Čína",6092246,5967482,3790,0,12059728
2021-09-28,"Indie, Johnson&Johnson, Moderna, Oxford/AstraZeneca, Pfizer/BioNTech, Čína",6092638,5968132,3852,0,12060770
2021-09-29,"Indie/AstraZeneca, Johnson&Johnson, Moderna, Oxford/AstraZeneca, Pfizer/BioNTech, Čína",6096425,5975616,4864,0,12072041
2021-09-30,"Johnson&Johnson, Moderna, Oxford/AstraZeneca, Pfizer/BioNTech",6100954,5983340,6027,0,12084294
2021-10-01,"Indie/AstraZeneca, Johnson&Johnson, Moderna, Oxford/AstraZeneca, Pfizer/BioNTech, Čína",6105287,5991346,7893,0,12096633
2021-10-02,"Johnson&Johnson, Moderna, Oxford/AstraZeneca, Pfizer/BioNTech, Čína",6106361,5992907,8000,0,12099268
2021-10-03,"Johnson&Johnson, Moderna, Oxford/AstraZeneca, Pfizer/BioNTech",6107089,5993784,8086,0,12100873
2021-10-04,"Johnson&Johnson, Moderna, Oxford/AstraZeneca, Pfizer/BioNTech, Čína",6110182,5999377,9815,0,12109559
2021-10-05,"Johnson&Johnson, Moderna, Oxford/AstraZeneca, Pfizer/BioNTech, Sputnik, Čína",6113362,6004482,11946,0,12117844
2021-10-06,"Johnson&Johnson, Moderna, Oxford/AstraZeneca, Pfizer/BioNTech, Čína",6116895,6009674,14566,0,12126569
2021-10-07,"Johnson&Johnson, Moderna, Oxford/AstraZeneca, Pfizer/BioNTech",6120189,6014946,16972,0,12135135
2021-10-08,"Johnson&Johnson, Moderna, Oxford/AstraZeneca, Pfizer/BioNTech, Čína",6124997,6021612,20902,0,12146609
2021-10-09,"Indie/AstraZeneca, Johnson&Johnson, Moderna, Oxford/AstraZeneca, Pfizer/BioNTech",6126244,6023293,21364,0,12149537
2021-10-10,"Johnson&Johnson, Moderna, Oxford/AstraZeneca, Pfizer/BioNTech",6127201,6024139,21605,0,12151340
2021-10-11,"Indie/AstraZeneca, Johnson&Johnson, Moderna, Oxford/AstraZeneca, Pfizer/BioNTech, Čína",6130135,6028580,24266,0,12158715
2021-10-12,"Johnson&Johnson, Moderna, Oxford/AstraZeneca, Pfizer/BioNTech, Čína",6133088,6032590,27715,0,12165678
2021-10-13,"Johnson&Johnson, Moderna, Oxford/AstraZeneca, Pfizer/BioNTech, Čína",6136633,6036800,32093,0,12173433
2021-10-14,"Johnson&Johnson, Moderna, Oxford/AstraZeneca, Pfizer/BioNTech",6140317,6041751,36862,0,12182068
2021-10-15,"Indie, Johnson&Johnson, Moderna, Oxford/AstraZeneca, Pfizer/BioNTech, Čína",6145565,6047907,41960,0,12193472
2021-10-16,"Indie, Johnson&Johnson, Moderna, Oxford/AstraZeneca, Pfizer/BioNTech, Čína",6146986,6049445,43046,0,12196431
2021-10-17,"Johnson&Johnson, Moderna, Oxford/AstraZeneca, Pfizer/BioNTech, Čína",6148319,6050503,43611,0,12198822
2021-10-18,"Indie, Johnson&Johnson, Moderna, Oxford/AstraZeneca, Pfizer/BioNTech, Čína",6152451,6054621,50794,0,12207072
2021-10-19,"Johnson&Johnson, Moderna, Oxford/AstraZeneca, Pfizer/BioNTech",6156044,6056744,61732,0,12212788
2021-10-20,"Indie/AstraZeneca, Johnson&Johnson, Moderna, Oxford/AstraZeneca, Pfizer/BioNTech, Čína",6160949,6061217,76736,0,12222166
2021-10-21,"Johnson&Johnson, Moderna, Oxford/AstraZeneca, Pfizer/BioNTech, Čína",6168725,6066826,94313,0,12235551
2021-10-22,"Indie/AstraZeneca, Johnson&Johnson, Moderna, Oxford/AstraZeneca, Pfizer/BioNTech",6179202,6073339,113131,0,12252541
2021-10-23,"Indie/AstraZeneca, Johnson&Johnson, Moderna, Oxford/AstraZeneca, Pfizer/BioNTech, Čína",6182889,6075557,116801,0,12258446
2021-10-24,"Indie/AstraZeneca, Johnson&Johnson, Moderna, Oxford/AstraZeneca, Pfizer/BioNTech",6185582,6077344,119300,0,12262926
2021-10-25,"Indie/AstraZeneca, Johnson&Johnson, Moderna, Oxford/AstraZeneca, Pfizer/BioNTech, Čína",6196093,6083178,139161,0,12279271
2021-10-26,"Johnson&Johnson, Moderna, Oxford/AstraZeneca, Pfizer/BioNTech, Čína",6208101,6089741,161665,0,12297842
2021-10-27,"Johnson&Johnson, Moderna, Oxford/AstraZeneca, Pfizer/BioNTech, Čína",6222703,6097154,188072,0,12319857
2021-10-28,"Johnson&Johnson, Moderna, Oxford/AstraZeneca, Pfizer/BioNTech, Čína",6226153,6098862,192325,0,12325015
2021-10-29,"Indie, Johnson&Johnson, Moderna, Oxford/AstraZeneca, Pfizer/BioNTech, Čína",6240579,6106842,211369,0,12347421
2021-10-30,"Johnson&Johnson, Moderna, Oxford/AstraZeneca, Pfizer/BioNTech",6245120,6109766,215220,0,12354886
2021-10-31,"Johnson&Johnson, Moderna, Oxford/AstraZeneca, Pfizer/BioNTech",6248893,6112250,218927,0,12361143
2021-11-01,"Johnson&Johnson, Moderna, Oxford/AstraZeneca, Pfizer/BioNTech",6264100,6119939,240844,0,12384039
2021-11-02,"Johnson&Johnson, Moderna, Oxford/AstraZeneca, Pfizer/BioNTech, Čína",6279537,6127493,266327,0,12407030
2021-11-03,"Indie/AstraZeneca, Johnson&Johnson, Moderna, Oxford/AstraZeneca, Pfizer/BioNTech, Sputnik, Čína",6296722,6134796,296594,0,12431518
2021-11-04,"Johnson&Johnson, Moderna, Oxford/AstraZeneca, Pfizer/BioNTech, Čína",6315059,6142977,327737,0,12458036
2021-11-05,"Indie, Johnson&Johnson, Moderna, Oxford/AstraZeneca, Pfizer/BioNTech",6337848,6154272,358699,0,12492120
2021-11-06,"Indie/AstraZeneca, Johnson&Johnson, Moderna, Oxford/AstraZeneca, Pfizer/BioNTech, Čína",6344365,6157343,365513,0,12501708
2021-11-07,"Johnson&Johnson, Moderna, Oxford/AstraZeneca, Pfizer/BioNTech",6348394,6159785,370171,0,12508179
2021-11-08,"Johnson&Johnson, Moderna, Oxford/AstraZeneca, Pfizer/BioNTech, Čína",6364657,6167421,395423,0,12532078
2021-11-09,"Johnson&Johnson, Moderna, Oxford/AstraZeneca, Pfizer/BioNTech",6379469,6174735,423637,0,12554204
2021-11-10,"Johnson&Johnson, Moderna, Oxford/AstraZeneca, Pfizer/BioNTech, Čína",6395217,6182134,452387,0,12577351
2021-11-11,"Johnson&Johnson, Moderna, Oxford/AstraZeneca, Pfizer/BioNTech, Čína",6410689,6191250,480061,0,12601939
2021-11-12,"Johnson&Johnson, Moderna, Oxford/AstraZeneca, Pfizer/BioNTech",6430476,6204052,507601,0,12634528
2021-11-13,"Johnson&Johnson, Moderna, Oxford/AstraZeneca, Pfizer/BioNTech",6435868,6207939,513350,0,12643807
2021-11-14,"Johnson&Johnson, Moderna, Oxford/AstraZeneca, Pfizer/BioNTech, Čína",6439773,6210956,517001,0,12650729
2021-11-15,"Johnson&Johnson, Moderna, Oxford/AstraZeneca, Pfizer/BioNTech, Čína",6454862,6221680,539561,0,12676542
2021-11-16,"Johnson&Johnson, Moderna, Oxford/AstraZeneca, Pfizer/BioNTech, Čína",6472376,6233673,566643,0,12706049
2021-11-17,"Johnson&Johnson, Moderna, Oxford/AstraZeneca, Pfizer/BioNTech, Čína",6476631,6237254,571165,0,12713885
2021-11-18,"Johnson&Johnson, Moderna, Oxford/AstraZeneca, Pfizer/BioNTech, Čína",6496039,6248957,596900,0,12744996
2021-11-19,"Indie, Johnson&Johnson, Moderna, Oxford/AstraZeneca, Pfizer/BioNTech",6520636,6265929,622368,0,12786565
2021-11-20,"Indie/AstraZeneca, Johnson&Johnson, Moderna, Oxford/AstraZeneca, Pfizer/BioNTech",6529207,6270923,627960,0,12800130
2021-11-21,"Johnson&Johnson, Moderna, Oxford/AstraZeneca, Pfizer/BioNTech",6535968,6274707,630959,0,12810675
2021-11-22,"Johnson&Johnson, Moderna, Oxford/AstraZeneca, Pfizer/BioNTech, Čína",6554466,6288837,653567,0,12843303
2021-11-23,"Johnson&Johnson, Moderna, Oxford/AstraZeneca, Pfizer/BioNTech, Čína",6573495,6302093,682236,0,12875588
2021-11-24,"Johnson&Johnson, Moderna, Oxford/AstraZeneca, Pfizer/BioNTech, Čína",6592501,6317944,711330,0,12910445
2021-11-25,"Johnson&Johnson, Moderna, Oxford/AstraZeneca, Pfizer/BioNTech, Čína",6611626,6332982,744804,0,12944608
2021-11-26,"Indie, Johnson&Johnson, Moderna, Oxford/AstraZeneca, Pfizer/BioNTech, Pfizer/BioNTech Kids",6633272,6352119,779633,0,12985391
2021-11-27,"Johnson&Johnson, Moderna, Oxford/AstraZeneca, Pfizer/BioNTech, Pfizer/BioNTech Kids",6640734,6357678,787601,0,12998412
2021-11-28,"Johnson&Johnson, Moderna, Oxford/AstraZeneca, Pfizer/BioNTech",6644060,6360817,794605,0,13004877
2021-11-29,"Johnson&Johnson, Moderna, Oxford/AstraZeneca, Pfizer/BioNTech, Pfizer/BioNTech Kids, Čína",6659261,6374475,833664,0,13033736
2021-11-30,"Johnson&Johnson, Moderna, Oxford/AstraZeneca, Pfizer/BioNTech, Pfizer/BioNTech Kids",6672465,6385714,884960,0,13058179
2021-12-01,"Johnson&Johnson, Moderna, Oxford/AstraZeneca, Pfizer/BioNTech, Pfizer/BioNTech Kids, Čína",6686511,6398179,949148,0,13084690
2021-12-02,"Johnson&Johnson, Moderna, Oxford/AstraZeneca, Pfizer/BioNTech, Pfizer/BioNTech Kids, Čína",6697155,6410684,1022330,0,13107839
2021-12-03,"Indie/AstraZeneca, Johnson&Johnson, Moderna, Oxford/AstraZeneca, Pfizer/BioNTech, Pfizer/BioNTech Kids, Čína",6706786,6426273,1098230,0,13133059
2021-12-04,"Indie/AstraZeneca, Johnson&Johnson, Moderna, Pfizer/BioNTech, Pfizer/BioNTech Kids",6709344,6430234,1124752,0,13139578
2021-12-05,"Johnson&Johnson, Moderna, Oxford/AstraZeneca, Pfizer/BioNTech, Pfizer/BioNTech Kids",6710708,6432581,1143815,0,13143289
2021-12-06,"Johnson&Johnson, Moderna, Oxford/AstraZeneca, Pfizer/BioNTech, Pfizer/BioNTech Kids, Sputnik, Čína",6718861,6444127,1210668,0,13162988
2021-12-07,"Johnson&Johnson, Moderna, Oxford/AstraZeneca, Pfizer/BioNTech, Pfizer/BioNTech Kids",6726747,6456140,1288731,0,13182887
2021-12-08,"Johnson&Johnson, Moderna, Oxford/AstraZeneca, Pfizer/BioNTech, Pfizer/BioNTech Kids, Čína",6734996,6462078,1370650,0,13197074
2021-12-09,"Johnson&Johnson, Moderna, Oxford/AstraZeneca, Pfizer/BioNTech, Pfizer/BioNTech Kids",6742113,6474905,1451681,0,13217018
2021-12-10,"Johnson&Johnson, Moderna, Oxford/AstraZeneca, Pfizer/BioNTech, Pfizer/BioNTech Kids, Čína",6749034,6492719,1528188,0,13241753
2021-12-11,"Johnson&Johnson, Moderna, Oxford/AstraZeneca, Pfizer/BioNTech, Pfizer/BioNTech Kids",6750686,6497987,1554248,0,13248673
2021-12-12,"Johnson&Johnson, Moderna, Oxford/AstraZeneca, Pfizer/BioNTech, Pfizer/BioNTech Kids",6751994,6502430,1570299,0,13254424
2021-12-13,"Johnson&Johnson, Moderna, Oxford/AstraZeneca, Pfizer/BioNTech, Pfizer/BioNTech Kids",6758354,6515744,1630960,0,13274098
2021-12-14,"Johnson&Johnson, Moderna, Oxford/AstraZeneca, Pfizer/BioNTech, Pfizer/BioNTech Kids",6764564,6529411,1704380,0,13293975
2021-12-15,"Johnson&Johnson, Moderna, Oxford/AstraZeneca, Pfizer/BioNTech, Pfizer/BioNTech Kids, Čína",6770766,6543022,1778153,0,13313788
2021-12-16,"Indie/Bahrat Biotech, Johnson&Johnson, Moderna, Oxford/AstraZeneca, Pfizer/BioNTech, Pfizer/BioNTech Kids, Čína",6777704,6557866,1853031,0,13335570
2021-12-17,"Indie, Johnson&Johnson, Moderna, Oxford/AstraZeneca, Pfizer/BioNTech, Pfizer/BioNTech Kids",6786063,6575142,1927191,0,13361205
2021-12-18,"Johnson&Johnson, Moderna, Oxford/AstraZeneca, Pfizer/BioNTech, Pfizer/BioNTech Kids",6788675,6580597,1952849,0,13369272
2021-12-19,"Johnson&Johnson, Moderna, Pfizer/BioNTech, Pfizer/BioNTech Kids",6790448,6583104,1970995,0,13373552
2021-12-20,"Johnson&Johnson, Moderna, Oxford/AstraZeneca, Pfizer/BioNTech, Pfizer/BioNTech Kids, Čína",6796302,6597178,2036295,0,13393480
2021-12-21,"Johnson&Johnson, Moderna, Oxford/AstraZeneca, Pfizer/BioNTech, Pfizer/BioNTech Kids, Čína",6802967,6609201,2105719,0,13412168
2021-12-22,"Indie/AstraZeneca, Johnson&Johnson, Moderna, Oxford/AstraZeneca, Pfizer/BioNTech, Pfizer/BioNTech Kids",6808002,6622252,2163605,0,13430254
2021-12-23,"Johnson&Johnson, Moderna, Oxford/AstraZeneca, Pfizer/BioNTech, Pfizer/BioNTech Kids",6810874,6627868,2191170,0,13438742
2021-12-24,"Johnson&Johnson, Moderna, Oxford/AstraZeneca, Pfizer/BioNTech",6810922,6627980,2191603,0,13438902
2021-12-25,"Moderna, Pfizer/BioNTech, Pfizer/BioNTech Kids",6810925,6627998,2191627,0,13438923
2021-12-26,"Moderna, Pfizer/BioNTech, Pfizer/BioNTech Kids",6811028,6628202,2192626,0,13439230
2021-12-27,"Johnson&Johnson, Moderna, Pfizer/BioNTech, Pfizer/BioNTech Kids",6814888,6637957,2242216,0,13452845
2021-12-28,"Johnson&Johnson, Moderna, Oxford/AstraZeneca, Pfizer/BioNTech, Pfizer/BioNTech Kids",6820124,6645964,2300735,0,13466088
2021-12-29,"Johnson&Johnson, Moderna, Oxford/AstraZeneca, Pfizer/BioNTech, Pfizer/BioNTech Kids, Čína",6824400,6653695,2357436,0,13478095
2021-12-30,"Johnson&Johnson, Moderna, Pfizer/BioNTech, Pfizer/BioNTech Kids",6828698,6659134,2401138,0,13487832
2021-12-31,"Johnson&Johnson, Moderna, Pfizer/BioNTech, Pfizer/BioNTech Kids",6829206,6660564,2410192,0,13489770
2022-01-01,"Johnson&Johnson, Moderna, Pfizer/BioNTech, Pfizer/BioNTech Kids",6829215,6660583,2410229,0,13489798
2022-01-02,"Johnson&Johnson, Moderna, Oxford/AstraZeneca, Pfizer/BioNTech, Pfizer/BioNTech Kids",6830068,6661962,2423302,0,13492030
2022-01-03,"Johnson&Johnson, Moderna, Oxford/AstraZeneca, Pfizer/BioNTech, Pfizer/BioNTech Kids",6834205,6670872,2482536,0,13505077
2022-01-04,"Indie, Johnson&Johnson, Moderna, Oxford/AstraZeneca, Pfizer/BioNTech, Pfizer/BioNTech Kids",6839291,6678638,2559179,0,13517929
2022-01-05,"Johnson&Johnson, Moderna, Oxford/AstraZeneca, Pfizer/BioNTech, Pfizer/BioNTech Kids, Čína",6845118,6686614,2640010,0,13531732
2022-01-06,"Johnson&Johnson, Moderna, Oxford/AstraZeneca, Pfizer/BioNTech, Pfizer/BioNTech Kids",6851709,6695018,2727074,0,13546727
2022-01-07,"Johnson&Johnson, Moderna, Oxford/AstraZeneca, Pfizer/BioNTech, Pfizer/BioNTech Kids",6859599,6705375,2820993,0,13564974
2022-01-08,"Johnson&Johnson, Moderna, Oxford/AstraZeneca, Pfizer/BioNTech, Pfizer/BioNTech Kids",6862078,6708159,2850262,0,13570237
2022-01-09,"Indie/AstraZeneca, Johnson&Johnson, Moderna, Pfizer/BioNTech, Pfizer/BioNTech Kids",6863161,6709859,2867544,0,13573020
2022-01-10,"Johnson&Johnson, Moderna, Oxford/AstraZeneca, Pfizer/BioNTech, Pfizer/BioNTech Kids",6867673,6716054,2936513,0,13583727
2022-01-11,"Johnson&Johnson, Moderna, Oxford/AstraZeneca, Pfizer/BioNTech, Pfizer/BioNTech Kids",6873129,6722821,3012475,0,13595950
2022-01-12,"Johnson&Johnson, Moderna, Oxford/AstraZeneca, Pfizer/BioNTech, Pfizer/BioNTech Kids",6879094,6728472,3088211,0,13607566
2022-01-13,"Johnson&Johnson, Moderna, Oxford/AstraZeneca, Pfizer/BioNTech, Pfizer/BioNTech Kids",6884988,6733250,3163125,0,13618238
2022-01-14,"Johnson&Johnson, Moderna, Oxford/AstraZeneca, Pfizer/BioNTech, Pfizer/BioNTech Kids, Čína",6891287,6736883,3246166,0,13628170
2022-01-15,"Johnson&Johnson, Moderna, Oxford/AstraZeneca, Pfizer/BioNTech, Pfizer/BioNTech Kids, Sputnik",6892566,6737544,3268847,0,13630110
2022-01-16,"Johnson&Johnson, Moderna, Oxford/AstraZeneca, Pfizer/BioNTech, Pfizer/BioNTech Kids",6893254,6737982,3280640,0,13631236
2022-01-17,"Johnson&Johnson, Moderna, Oxford/AstraZeneca, Pfizer/BioNTech, Pfizer/BioNTech Kids",6896811,6741937,3327229,0,13638748
2022-01-18,"Johnson&Johnson, Moderna, Oxford/AstraZeneca, Pfizer/BioNTech, Pfizer/BioNTech Kids",6900665,6746894,3376293,0,13647559
2022-01-19,"Johnson&Johnson, Moderna, Oxford/AstraZeneca, Pfizer/BioNTech, Pfizer/BioNTech Kids, Čína",6904735,6750833,3420959,0,13655568
2022-01-20,"Johnson&Johnson, Moderna, Oxford/AstraZeneca, Pfizer/BioNTech, Pfizer/BioNTech Kids",6908329,6755295,3467855,0,13663624
2022-01-21,"Johnson&Johnson, Moderna, Oxford/AstraZeneca, Pfizer/BioNTech, Pfizer/BioNTech Kids, Čína",6912333,6757829,3523358,0,13670162
2022-01-22,"Johnson&Johnson, Moderna, Pfizer/BioNTech, Pfizer/BioNTech Kids, Čína",6913116,6758271,3533157,0,13671387
2022-01-23,"Johnson&Johnson, Moderna, Pfizer/BioNTech, Pfizer/BioNTech Kids, Sputnik",6913681,6758906,3538532,0,13672587
2022-01-24,"Johnson&Johnson, Moderna, Oxford/AstraZeneca, Pfizer/BioNTech, Pfizer/BioNTech Kids",6915957,6762346,3571006,0,13678303
2022-01-25,"Johnson&Johnson, Moderna, Oxford/AstraZeneca, Pfizer/BioNTech, Pfizer/BioNTech Kids",6918317,6766341,3602115,0,13684658
2022-01-26,"Johnson&Johnson, Moderna, Oxford/AstraZeneca, Pfizer/BioNTech, Pfizer/BioNTech Kids",6920702,6770910,3634832,0,13691612
2022-01-27,"Johnson&Johnson, Moderna, Oxford/AstraZeneca, Pfizer/BioNTech, Pfizer/BioNTech Kids",6923033,6775727,3667627,0,13698760
2022-01-28,"Johnson&Johnson, Moderna, Oxford/AstraZeneca, Pfizer/BioNTech, Pfizer/BioNTech Kids",6925946,6781887,3715201,0,13707833
2022-01-29,"Johnson&Johnson, Moderna, Oxford/AstraZeneca, Pfizer/BioNTech, Pfizer/BioNTech Kids, Čína",6926549,6783540,3725053,0,13710089
2022-01-30,"Johnson&Johnson, Moderna, Pfizer/BioNTech, Pfizer/BioNTech Kids",6926778,6784324,3728900,0,13711102
2022-01-31,"Johnson&Johnson, Moderna, Pfizer/BioNTech, Pfizer/BioNTech Kids",6928320,6788262,3753741,0,13716582
2022-02-01,"Johnson&Johnson, Moderna, Pfizer/BioNTech, Pfizer/BioNTech Kids",6929912,6792298,3774277,0,13722210
2022-02-02,"Johnson&Johnson, Moderna, Oxford/AstraZeneca, Pfizer/BioNTech, Pfizer/BioNTech Kids",6931479,6796818,3794523,0,13728297
2022-02-03,"Johnson&Johnson, Moderna, Pfizer/BioNTech, Pfizer/BioNTech Kids",6932855,6801308,3815186,0,13734163
2022-02-04,"Johnson&Johnson, Moderna, Oxford/AstraZeneca, Pfizer/BioNTech, Pfizer/BioNTech Kids",6934465,6806430,3844961,0,13740895
2022-02-05,"Johnson&Johnson, Moderna, Pfizer/BioNTech, Pfizer/BioNTech Kids",6934644,6807043,3849869,0,13741687
2022-02-06,"Johnson&Johnson, Moderna, Pfizer/BioNTech, Pfizer/BioNTech Kids",6934737,6807363,3851758,0,13742100
2022-02-07,"Indie/AstraZeneca, Johnson&Johnson, Moderna, Pfizer/BioNTech, Pfizer/BioNTech Kids",6935445,6810581,3864352,0,13746026
2022-02-08,"Johnson&Johnson, Moderna, Pfizer/BioNTech, Pfizer/BioNTech Kids, Sputnik",6936242,6813778,3876477,0,13750020
2022-02-09,"Johnson&Johnson, Moderna, Oxford/AstraZeneca, Pfizer/BioNTech, Pfizer/BioNTech Kids",6937064,6817155,3888470,0,13754219
2022-02-10,"Johnson&Johnson, Moderna, Pfizer/BioNTech, Pfizer/BioNTech Kids",6937877,6820292,3900638,0,13758169
2022-02-11,"Johnson&Johnson, Moderna, Pfizer/BioNTech, Pfizer/BioNTech Kids",6938836,6824215,3919589,0,13763051
2022-02-12,"Johnson&Johnson, Moderna, Pfizer/BioNTech, Pfizer/BioNTech Kids",6938951,6824640,3921956,0,13763591
2022-02-13,"Johnson&Johnson, Moderna, Pfizer/BioNTech, Pfizer/BioNTech Kids",6938991,6825079,3923390,0,13764070
2022-02-14,"Indie, Johnson&Johnson, Moderna, Pfizer/BioNTech, Pfizer/BioNTech Kids",6939450,6827196,3931491,0,13766646
2022-02-15,"Johnson&Johnson, Moderna, Oxford/AstraZeneca, Pfizer/BioNTech, Pfizer/BioNTech Kids",6940006,6829410,3938872,0,13769416
2022-02-16,"Johnson&Johnson, Moderna, Pfizer/BioNTech, Pfizer/BioNTech Kids",6940603,6831515,3946859,0,13772118
2022-02-17,"Johnson&Johnson, Moderna, Pfizer/BioNTech, Pfizer/BioNTech Kids",6941201,6833862,3955235,0,13775063
2022-02-18,"Johnson&Johnson, Moderna, Oxford/AstraZeneca, Pfizer/BioNTech, Pfizer/BioNTech Kids",6941842,6836924,3969051,0,13778766
2022-02-19,"Johnson&Johnson, Moderna, Pfizer/BioNTech, Pfizer/BioNTech Kids",6941922,6837209,3971008,0,13779131
2022-02-20,"Johnson&Johnson, Moderna, Oxford/AstraZeneca, Pfizer/BioNTech, Pfizer/BioNTech Kids",6941964,6837359,3971751,0,13779323
2022-02-21,"Johnson&Johnson, Moderna, Oxford/AstraZeneca, Pfizer/BioNTech, Pfizer/BioNTech Kids",6942331,6839065,3977659,0,13781396
2022-02-22,"Johnson&Johnson, Moderna, Oxford/AstraZeneca, Pfizer/BioNTech, Pfizer/BioNTech Kids, Čína",6942732,6840767,3983272,0,13783499
2022-02-23,"Johnson&Johnson, Moderna, Pfizer/BioNTech, Pfizer/BioNTech Kids, Čína",6943189,6842414,3989062,0,13785603
2022-02-24,"Johnson&Johnson, Moderna, Pfizer/BioNTech, Pfizer/BioNTech Kids, Sputnik",6943599,6844049,3995167,0,13787648
2022-02-25,"Johnson&Johnson, Moderna, Pfizer/BioNTech, Pfizer/BioNTech Kids, Čína",6944182,6846148,4006326,0,13790330
2022-02-26,"Johnson&Johnson, Moderna, Pfizer/BioNTech, Pfizer/BioNTech Kids",6944242,6846314,4007970,0,13790556
2022-02-27,"Johnson&Johnson, Moderna, Pfizer/BioNTech, Pfizer/BioNTech Kids",6944273,6846391,4008588,0,13790664
2022-02-28,"Johnson&Johnson, Moderna, Pfizer/BioNTech, Pfizer/BioNTech Kids",6944520,6847370,4013320,0,13791890
2022-03-01,"Johnson&Johnson, Moderna, Pfizer/BioNTech, Pfizer/BioNTech Kids",6944824,6848157,4016301,0,13792981
2022-03-02,"Indie, Johnson&Johnson, Moderna, Pfizer/BioNTech, Pfizer/BioNTech Kids",6945196,6849070,4020103,0,13794266
2022-03-03,"Indie, Johnson&Johnson, Moderna, Pfizer/BioNTech, Pfizer/BioNTech Kids",6945533,6850018,4023813,0,13795551
2022-03-04,"Indie, Johnson&Johnson, Moderna, Pfizer/BioNTech, Pfizer/BioNTech Kids",6946164,6851243,4031053,0,13797407
2022-03-05,"Indie, Johnson&Johnson, Moderna, Pfizer/BioNTech, Pfizer/BioNTech Kids",6946244,6851336,4031674,0,13797580
2022-03-06,"Indie, Moderna, Oxford/AstraZeneca, Pfizer/BioNTech, Pfizer/BioNTech Kids",6946257,6851354,4031874,0,13797611
2022-03-07,"Indie, Johnson&Johnson, Moderna, Pfizer/BioNTech, Pfizer/BioNTech Kids",6946594,6851915,4034620,0,13798509
2022-03-08,"Indie, Johnson&Johnson, Moderna, Oxford/AstraZeneca, Pfizer/BioNTech, Pfizer/BioNTech Kids, Čína",6946930,6852462,4037158,0,13799392
2022-03-09,"Indie, Johnson&Johnson, Moderna, Pfizer/BioNTech, Pfizer/BioNTech Kids",6947319,6853060,4040465,0,13800379
2022-03-10,"Indie, Johnson&Johnson, Moderna, Pfizer/BioNTech, Pfizer/BioNTech Kids",6947733,6853740,4043570,0,13801473
2022-03-11,"Indie, Johnson&Johnson, Moderna, Pfizer/BioNTech, Pfizer/BioNTech Kids, Čína",6948484,6854651,4049920,0,13803135
2022-03-12,"Indie, Johnson&Johnson, Moderna, Pfizer/BioNTech, Pfizer/BioNTech Kids",6948557,6854755,4050817,0,13803312
2022-03-13,"Indie, Johnson&Johnson, Moderna, Pfizer/BioNTech, Pfizer/BioNTech Kids",6948571,6854778,4051004,0,13803349
2022-03-14,"Indie, Johnson&Johnson, Moderna, Pfizer/BioNTech, Pfizer/BioNTech Kids",6948837,6855165,4053769,0,13804002
2022-03-15,"Indie, Johnson&Johnson, Moderna, Pfizer/BioNTech, Pfizer/BioNTech Kids",6949124,6855604,4056395,0,13804728
2022-03-16,"Indie, Johnson&Johnson, Moderna, Oxford/AstraZeneca, Pfizer/BioNTech, Pfizer/BioNTech Kids",6949445,6856149,4059320,0,13805594
2022-03-17,"Indie, Johnson&Johnson, Moderna, Oxford/AstraZeneca, Pfizer/BioNTech, Pfizer/BioNTech Kids",6949740,6856581,4062420,0,13806321
2022-03-18,"Indie, Johnson&Johnson, Moderna, Pfizer/BioNTech, Pfizer/BioNTech Kids",6950439,6857380,4069158,0,13807819
2022-03-19,"Indie, Moderna, Pfizer/BioNTech, Pfizer/BioNTech Kids",6950495,6857424,4069606,0,13807919
2022-03-20,"Indie, Moderna, Pfizer/BioNTech, Pfizer/BioNTech Kids",6950512,6857437,4069785,0,13807949
2022-03-21,"Indie, Johnson&Johnson, Moderna, Pfizer/BioNTech, Pfizer/BioNTech Kids",6950699,6857765,4072254,0,13808464
2022-03-22,"Indie, Johnson&Johnson, Moderna, Pfizer/BioNTech, Pfizer/BioNTech Kids",6950943,6858167,4074509,0,13809110
2022-03-23,"Indie, Johnson&Johnson, Moderna, Pfizer/BioNTech, Pfizer/BioNTech Kids",6951282,6858606,4077344,0,13809888
2022-03-24,"Indie, Johnson&Johnson, Moderna, Pfizer/BioNTech, Pfizer/BioNTech Kids",6951595,6859078,4080505,0,13810673
2022-03-25,"Indie, Johnson&Johnson, Moderna, Pfizer/BioNTech, Pfizer/BioNTech Kids",6952093,6859892,4087091,0,13811985
2022-03-26,"Indie, Johnson&Johnson, Moderna, Pfizer/BioNTech, Pfizer/BioNTech Kids",6952145,6859970,4087484,0,13812115
2022-03-27,"Indie, Moderna, Pfizer/BioNTech, Pfizer/BioNTech Kids",6952161,6859987,4087601,0,13812148
2022-03-28,"Indie, Johnson&Johnson, Moderna, Pfizer/BioNTech, Pfizer/BioNTech Kids",6952318,6860369,4089936,0,13812687
2022-03-29,"Indie, Johnson&Johnson, Moderna, Pfizer/BioNTech, Pfizer/BioNTech Kids",6952581,6860777,4092244,0,13813358
2022-03-30,"Indie, Johnson&Johnson, Moderna, Pfizer/BioNTech, Pfizer/BioNTech Kids",6952886,6861271,4095080,0,13814157
2022-03-31,"Indie, Johnson&Johnson, Moderna, Pfizer/BioNTech, Pfizer/BioNTech Kids",6953187,6861767,4098376,0,13814954
2022-04-01,"Indie, Johnson&Johnson, Moderna, Pfizer/BioNTech, Pfizer/BioNTech Kids",6953797,6862528,4104284,0,13816325
2022-04-02,"Indie, Moderna, Pfizer/BioNTech, Pfizer/BioNTech Kids",6953854,6862613,4105097,0,13816467
2022-04-03,"Indie, Moderna, Pfizer/BioNTech, Pfizer/BioNTech Kids",6953867,6862642,4105267,0,13816509
2022-04-04,"Indie, Johnson&Johnson, Moderna, Pfizer/BioNTech, Pfizer/BioNTech Kids",6954052,6862926,4107105,0,13816978
2022-04-05,"Indie, Johnson&Johnson, Moderna, Pfizer/BioNTech, Pfizer/BioNTech Kids",6954243,6863164,4108719,0,13817407
2022-04-06,"Indie, Johnson&Johnson, Moderna, Pfizer/BioNTech, Pfizer/BioNTech Kids",6954463,6863511,4111464,0,13817974
2022-04-07,"Indie, Johnson&Johnson, Moderna, Pfizer/BioNTech, Pfizer/BioNTech Kids",6954688,6863927,4114311,0,13818615
2022-04-08,"Indie, Johnson&Johnson, Moderna, Pfizer/BioNTech, Pfizer/BioNTech Kids",6955144,6864652,4120355,0,13819796
2022-04-09,"Indie, Johnson&Johnson, Moderna, Pfizer/BioNTech, Pfizer/BioNTech Kids",6955204,6864724,4120880,0,13819928
2022-04-10,"Indie, Moderna, Pfizer/BioNTech, Pfizer/BioNTech Kids",6955218,6864734,4121002,0,13819952
2022-04-11,"Indie, Johnson&Johnson, Moderna, Pfizer/BioNTech, Pfizer/BioNTech Kids",6955380,6864965,4122857,0,13820345
2022-04-12,"Indie, Johnson&Johnson, Moderna, Pfizer/BioNTech, Pfizer/BioNTech Kids, Čína",6955629,6865266,4124773,0,13820895
2022-04-13,"Indie, Johnson&Johnson, Moderna, Pfizer/BioNTech, Pfizer/BioNTech Kids",6955873,6865623,4127900,0,13821496
2022-04-14,"Indie, Johnson&Johnson, Moderna, Pfizer/BioNTech, Pfizer/BioNTech Kids",6956138,6866009,4131632,0,13822147
2022-04-15,"Indie, Moderna, Pfizer/BioNTech, Pfizer/BioNTech Kids",6956154,6866040,4131779,0,13822194
2022-04-16,"Indie, Johnson&Johnson, Moderna, Pfizer/BioNTech, Pfizer/BioNTech Kids",6956174,6866075,4131996,0,13822249
2022-04-17,"Indie, Moderna, Pfizer/BioNTech",6956175,6866076,4132047,0,13822251
2022-04-18,"Indie, Johnson&Johnson, Moderna, Oxford/AstraZeneca, Pfizer/BioNTech, Pfizer/BioNTech Kids",6956192,6866096,4132058,0,13822288
2022-04-19,"Indie, Johnson&Johnson, Moderna, Oxford/AstraZeneca, Pfizer/BioNTech, Pfizer/BioNTech Kids",6956331,6866436,4133845,0,13822767
2022-04-20,"Indie, Johnson&Johnson, Moderna, Oxford/AstraZeneca, Pfizer/BioNTech, Pfizer/BioNTech Kids, Čína",6956557,6866827,4136354,0,13823384
2022-04-21,"Indie, Johnson&Johnson, Moderna, Pfizer/BioNTech, Pfizer/BioNTech Kids",6956775,6867253,4138768,0,13824028
2022-04-22,"Indie, Johnson&Johnson, Moderna, Pfizer/BioNTech, Pfizer/BioNTech Kids",6957244,6868082,4144366,0,13825326
2022-04-23,"Indie, Moderna, Pfizer/BioNTech, Pfizer/BioNTech Kids",6957275,6868161,4145155,0,13825436
2022-04-24,"Indie, Moderna, Pfizer/BioNTech, Pfizer/BioNTech Kids",6957281,6868172,4145284,0,13825453
2022-04-25,"Indie, Johnson&Johnson, Moderna, Pfizer/BioNTech, Pfizer/BioNTech Kids",6957437,6868382,4147130,0,13825819
2022-04-26,"Indie, Johnson&Johnson, Moderna, Pfizer/BioNTech, Pfizer/BioNTech Kids",6957577,6868646,4148697,0,13826223
2022-04-27,"Indie, Johnson&Johnson, Moderna, Pfizer/BioNTech, Pfizer/BioNTech Kids",6957848,6868981,4151143,0,13826829
2022-04-28,"Indie, Johnson&Johnson, Moderna, Pfizer/BioNTech, Pfizer/BioNTech Kids",6958043,6869272,4153570,0,13827315
2022-04-29,"Indie, Johnson&Johnson, Moderna, Pfizer/BioNTech, Pfizer/BioNTech Kids",6958483,6869861,4158351,0,13828344
2022-04-30,"Indie, Moderna, Pfizer/BioNTech, Pfizer/BioNTech Kids",6958529,6869928,4158929,0,13828457
2022-05-01,"Indie, Moderna, Oxford/AstraZeneca, Pfizer/BioNTech, Pfizer/BioNTech Kids",6958534,6869938,4159030,0,13828472
2022-05-02,"Indie, Johnson&Johnson, Moderna, Pfizer/BioNTech, Pfizer/BioNTech Kids",6958673,6870121,4160320,0,13828794
2022-05-03,"Indie, Johnson&Johnson, Moderna, Pfizer/BioNTech, Pfizer/BioNTech Kids",6958830,6870377,4161708,0,13829207
2022-05-04,"Indie, Johnson&Johnson, Moderna, Pfizer/BioNTech, Pfizer/BioNTech Kids",6959036,6870653,4163838,0,13829689
2022-05-05,"Indie, Johnson&Johnson, Moderna, Pfizer/BioNTech, Pfizer/BioNTech Kids",6959244,6870944,4165969,0,13830188
2022-05-06,"Indie, Johnson&Johnson, Moderna, Pfizer/BioNTech, Pfizer/BioNTech Kids",6959618,6871287,4170917,0,13830905
2022-05-07,"Indie, Moderna, Pfizer/BioNTech, Pfizer/BioNTech Kids",6959645,6871314,4171259,0,13830959
2022-05-08,"Moderna, Pfizer/BioNTech, Pfizer/BioNTech Kids",6959647,6871323,4171304,0,13830970
2022-05-09,"Indie, Johnson&Johnson, Moderna, Pfizer/BioNTech, Pfizer/BioNTech Kids",6959755,6871413,4172593,0,13831168
2022-05-10,"Indie, Johnson&Johnson, Moderna, Pfizer/BioNTech, Pfizer/BioNTech Kids",6959909,6871653,4174210,0,13831562
2022-05-11,"Indie, Johnson&Johnson, Moderna, Oxford/AstraZeneca, Pfizer/BioNTech, Pfizer/BioNTech Kids",6960132,6871924,4176527,0,13832056
2022-05-12,"Indie, Johnson&Johnson, Moderna, Pfizer/BioNTech, Pfizer/BioNTech Kids",6960341,6872203,4178657,0,13832544
2022-05-13,"Indie, Johnson&Johnson, Moderna, Pfizer/BioNTech, Pfizer/BioNTech Kids",6960688,6872706,4182875,0,13833394
2022-05-14,"Indie, Johnson&Johnson, Moderna, Pfizer/BioNTech, Pfizer/BioNTech Kids",6960729,6872746,4183464,0,13833475
2022-05-15,"Indie, Johnson&Johnson, Moderna, Pfizer/BioNTech, Pfizer/BioNTech Kids",6960744,6872758,4183566,0,13833502
2022-05-16,"Indie, Johnson&Johnson, Moderna, Pfizer/BioNTech, Pfizer/BioNTech Kids",6960855,6872878,4184904,0,13833733
2022-05-17,"Indie, Johnson&Johnson, Moderna, Pfizer/BioNTech, Pfizer/BioNTech Kids",6960998,6873036,4186317,0,13834034
2022-05-18,"Indie, Indie/AstraZeneca, Johnson&Johnson, Moderna, Pfizer/BioNTech, Pfizer/BioNTech Kids",6961235,6873371,4188336,0,13834606
2022-05-19,"Indie, Johnson&Johnson, Moderna, Pfizer/BioNTech, Pfizer/BioNTech Kids",6961431,6873623,4190173,0,13835054
2022-05-20,"Indie, Johnson&Johnson, Moderna, Pfizer/BioNTech, Pfizer/BioNTech Kids",6961736,6874177,4194198,0,13835913
2022-05-21,"Indie, Johnson&Johnson, Moderna, Pfizer/BioNTech, Pfizer/BioNTech Kids",6961775,6874206,4194470,0,13835981
2022-05-22,"Johnson&Johnson, Moderna, Pfizer/BioNTech, Pfizer/BioNTech Kids",6961785,6874215,4194613,0,13836000
2022-05-23,"Indie, Johnson&Johnson, Moderna, Pfizer/BioNTech, Pfizer/BioNTech Kids",6961907,6874370,4195938,0,13836277
2022-05-24,"Indie, Johnson&Johnson, Moderna, Pfizer/BioNTech, Pfizer/BioNTech Kids",6962037,6874546,4197190,0,13836583
2022-05-25,"Indie, Indie/AstraZeneca, Johnson&Johnson, Moderna, Oxford/AstraZeneca, Pfizer/BioNTech, Pfizer/BioNTech Kids",6962220,6874796,4199563,0,13837016
2022-05-26,"Indie, Johnson&Johnson, Moderna, Pfizer/BioNTech, Pfizer/BioNTech Kids",6962376,6875022,4201223,0,13837398
2022-05-27,"Indie, Johnson&Johnson, Moderna, Pfizer/BioNTech, Pfizer/BioNTech Kids",6962648,6875490,4204981,0,13838138
2022-05-28,"Indie, Moderna, Pfizer/BioNTech, Pfizer/BioNTech Kids",6962686,6875539,4205370,0,13838225
2022-05-29,"Indie, Moderna, Pfizer/BioNTech, Pfizer/BioNTech Kids",6962695,6875543,4205486,0,13838238
2022-05-30,"Indie, Johnson&Johnson, Moderna, Oxford/AstraZeneca, Pfizer/BioNTech, Pfizer/BioNTech Kids",6962786,6875707,4206570,0,13838493
2022-05-31,"Indie, Johnson&Johnson, Moderna, Pfizer/BioNTech, Pfizer/BioNTech Kids",6962938,6875906,4207826,0,13838844
2022-06-01,"Indie, Johnson&Johnson, Moderna, Pfizer/BioNTech, Pfizer/BioNTech Kids",6963077,6876135,4209264,0,13839212
2022-06-02,"Indie, Moderna, Pfizer/BioNTech, Pfizer/BioNTech Kids",6963210,6876379,4210602,0,13839589
2022-06-03,"Indie, Johnson&Johnson, Moderna, Pfizer/BioNTech, Pfizer/BioNTech Kids",6963473,6876840,4213524,0,13840313
2022-06-04,"Indie, Johnson&Johnson, Moderna, Pfizer/BioNTech, Pfizer/BioNTech Kids",6963505,6876878,4213928,0,13840383
2022-06-05,"Indie, Moderna, Pfizer/BioNTech, Pfizer/BioNTech Kids",6963512,6876884,4214035,0,13840396
2022-06-06,"Indie, Johnson&Johnson, Moderna, Pfizer/BioNTech, Pfizer/BioNTech Kids",6963602,6877027,4215155,0,13840629
2022-06-07,"Indie, Johnson&Johnson, Moderna, Pfizer/BioNTech, Pfizer/BioNTech Kids",6963689,6877187,4216013,0,13840876
2022-06-08,"Indie, Indie/AstraZeneca, Johnson&Johnson, Moderna, Pfizer/BioNTech, Pfizer/BioNTech Kids",6963825,6877437,4217515,0,13841262
2022-06-09,"Indie, Johnson&Johnson, Moderna, Pfizer/BioNTech, Pfizer/BioNTech Kids",6963927,6877639,4218722,0,13841566
2022-06-10,"Indie, Johnson&Johnson, Moderna, Pfizer/BioNTech, Pfizer/BioNTech Kids",6964116,6877982,4221006,0,13842098
2022-06-11,"Indie, Moderna, Pfizer/BioNTech, Pfizer/BioNTech Kids",6964130,6878021,4221184,0,13842151
2022-06-12,"Indie, Moderna, Pfizer/BioNTech, Pfizer/BioNTech Kids",6964136,6878044,4221266,0,13842180
2022-06-13,"Indie, Johnson&Johnson, Moderna, Oxford/AstraZeneca, Pfizer/BioNTech, Pfizer/BioNTech Kids",6964203,6878170,4222115,0,13842373
2022-06-14,"Indie, Johnson&Johnson, Moderna, Pfizer/BioNTech, Pfizer/BioNTech Kids",6964283,6878319,4222913,0,13842602
2022-06-15,"Indie, Johnson&Johnson, Moderna, Pfizer/BioNTech, Pfizer/BioNTech Kids",6964367,6878515,4224079,0,13842882
2022-06-16,"Indie, Johnson&Johnson, Moderna, Pfizer/BioNTech, Pfizer/BioNTech Kids",6964433,6878693,4225037,0,13843126
2022-06-17,"Indie, Johnson&Johnson, Moderna, Pfizer/BioNTech, Pfizer/BioNTech Kids, Čína",6964588,6878981,4227205,0,13843569
2022-06-18,"Indie, Moderna, Pfizer/BioNTech, Pfizer/BioNTech Kids, Čína",6964600,6879021,4227315,0,13843621
2022-06-19,"Moderna, Pfizer/BioNTech, Pfizer/BioNTech Kids",6964604,6879029,4227374,0,13843633
2022-06-20,"Indie, Johnson&Johnson, Moderna, Pfizer/BioNTech, Pfizer/BioNTech Kids",6964670,6879153,4228090,0,13843823
2022-06-21,"Indie, Johnson&Johnson, Moderna, Pfizer/BioNTech, Pfizer/BioNTech Kids",6964733,6879280,4228871,0,13844013
2022-06-22,"Indie, Johnson&Johnson, Moderna, Pfizer/BioNTech, Pfizer/BioNTech Kids",6964831,6879466,4230001,0,13844297
2022-06-23,"Indie, Johnson&Johnson, Moderna, Pfizer/BioNTech, Pfizer/BioNTech Kids",6964891,6879637,4230991,0,13844528
2022-06-24,"Indie, Johnson&Johnson, Moderna, Pfizer/BioNTech, Pfizer/BioNTech Kids",6965053,6879988,4232892,0,13845041
2022-06-25,"Indie, Moderna, Pfizer/BioNTech, Pfizer/BioNTech Kids",6965072,6880041,4233241,0,13845113
2022-06-26,"Moderna, Pfizer/BioNTech, Pfizer/BioNTech Kids",6965074,6880052,4233308,0,13845126
2022-06-27,"Indie, Johnson&Johnson, Moderna, Pfizer/BioNTech, Pfizer/BioNTech Kids",6965148,6880168,4234146,0,13845316
2022-06-28,"Indie, Johnson&Johnson, Moderna, Pfizer/BioNTech, Pfizer/BioNTech Kids",6965223,6880284,4234969,0,13845507
2022-06-29,"Indie, Johnson&Johnson, Moderna, Pfizer/BioNTech, Pfizer/BioNTech Kids",6965344,6880469,4236296,0,13845813
2022-06-30,"Indie, Johnson&Johnson, Moderna, Pfizer/BioNTech, Pfizer/BioNTech Kids",6965443,6880628,4237472,0,13846071
2022-07-01,"Indie, Johnson&Johnson, Moderna, Oxford/AstraZeneca, Pfizer/BioNTech, Pfizer/BioNTech Kids",6965628,6880882,4239537,0,13846510
2022-07-02,"Indie, Moderna, Pfizer/BioNTech, Pfizer/BioNTech Kids",6965642,6880889,4239679,0,13846531
2022-07-03,"Moderna, Pfizer/BioNTech, Pfizer/BioNTech Kids",6965645,6880899,4239744,0,13846544
2022-07-04,"Indie, Johnson&Johnson, Moderna, Pfizer/BioNTech, Pfizer/BioNTech Kids",6965730,6880966,4240533,0,13846696
2022-07-05,"Indie, Moderna, Pfizer/BioNTech, Pfizer/BioNTech Kids",6965741,6880969,4240569,0,13846710
2022-07-06,"Moderna, Pfizer/BioNTech",6965749,6880977,4240607,0,13846726
2022-07-07,"Indie, Johnson&Johnson, Moderna, Pfizer/BioNTech, Pfizer/BioNTech Kids",6965859,6881080,4241595,0,13846939
2022-07-08,"Indie, Johnson&Johnson, Moderna, Pfizer/BioNTech, Pfizer/BioNTech Kids",6966026,6881274,4243730,0,13847300
2022-07-09,"Indie, Johnson&Johnson, Moderna, Pfizer/BioNTech, Pfizer/BioNTech Kids",6966036,6881283,4243850,0,13847319
2022-07-10,"Moderna, Pfizer/BioNTech, Pfizer/BioNTech Kids",6966040,6881293,4243923,0,13847333
2022-07-11,"Indie, Johnson&Johnson, Moderna, Pfizer/BioNTech, Pfizer/BioNTech Kids",6966140,6881384,4245006,0,13847524
2022-07-12,"Indie, Johnson&Johnson, Moderna, Pfizer/BioNTech, Pfizer/BioNTech Kids",6966243,6881479,4246062,0,13847722
2022-07-13,"Indie, Johnson&Johnson, Moderna, Pfizer/BioNTech, Pfizer/BioNTech Kids",6966420,6881607,4247947,0,13848027
2022-07-14,"Indie, Johnson&Johnson, Moderna, Pfizer/BioNTech, Pfizer/BioNTech Kids",6966554,6881704,4249266,0,13848258
2022-07-15,"Indie, Johnson&Johnson, Moderna, Pfizer/BioNTech, Pfizer/BioNTech Kids",6966814,6881918,4252501,44,13848732
2022-07-16,"Indie, Johnson&Johnson, Moderna, Pfizer/BioNTech, Pfizer/BioNTech Kids",6966851,6881950,4252904,46,13848801
2022-07-17,"Moderna, Pfizer/BioNTech, Pfizer/BioNTech Kids, Čína",6966857,6881957,4253002,46,13848814
2022-07-18,"Indie, Johnson&Johnson, Moderna, Oxford/AstraZeneca, Pfizer/BioNTech, Pfizer/BioNTech Kids",6966996,6882060,4254049,2003,13849056
2022-07-19,"Indie, Johnson&Johnson, Moderna, Pfizer/BioNTech, Pfizer/BioNTech Kids",6967091,6882130,4255067,5054,13849221
2022-07-20,"Indie, Johnson&Johnson, Moderna, Pfizer/BioNTech, Pfizer/BioNTech Kids",6967194,6882239,4256817,8859,13849433
2022-07-21,"Indie, Johnson&Johnson, Moderna, Pfizer/BioNTech, Pfizer/BioNTech Kids",6967312,6882324,4258170,13093,13849636
2022-07-22,"Indie, Johnson&Johnson, Moderna, Oxford/AstraZeneca, Pfizer/BioNTech, Pfizer/BioNTech Kids, Čína",6967525,6882542,4261003,20941,13850067
2022-07-23,"Indie, Johnson&Johnson, Moderna, Pfizer/BioNTech, Pfizer/BioNTech Kids",6967549,6882558,4261132,21298,13850107
2022-07-24,"Moderna, Pfizer/BioNTech, Pfizer/BioNTech Kids",6967554,6882568,4261195,21518,13850122
2022-07-25,"Indie, Johnson&Johnson, Moderna, Pfizer/BioNTech, Pfizer/BioNTech Kids",6967648,6882650,4262188,25589,13850298
2022-07-26,"Indie, Johnson&Johnson, Moderna, Pfizer/BioNTech, Pfizer/BioNTech Kids",6967758,6882725,4263373,30989,13850483
2022-07-27,"Indie, Johnson&Johnson, Moderna, Pfizer/BioNTech, Pfizer/BioNTech Kids",6967886,6882816,4265112,37423,13850702
2022-07-28,"Indie, Johnson&Johnson, Moderna, Pfizer/BioNTech, Pfizer/BioNTech Kids",6968008,6882946,4266631,43040,13850954
2022-07-29,"Indie, Johnson&Johnson, Moderna, Pfizer/BioNTech, Pfizer/BioNTech Kids",6968249,6883164,4269194,49479,13851413
2022-07-30,"Indie, Johnson&Johnson, Moderna, Pfizer/BioNTech, Pfizer/BioNTech Kids",6968265,6883179,4269386,50186,13851444
2022-07-31,"Johnson&Johnson, Moderna, Pfizer/BioNTech, Pfizer/BioNTech Kids",6968280,6883184,4269473,50296,13851464
2022-08-01,"Indie, Johnson&Johnson, Moderna, Pfizer/BioNTech, Pfizer/BioNTech Kids",6968377,6883277,4270389,52979,13851654
2022-08-02,"Indie, Johnson&Johnson, Moderna, Pfizer/BioNTech, Pfizer/BioNTech Kids",6968492,6883364,4271452,57235,13851856
2022-08-03,"Indie, Johnson&Johnson, Moderna, Pfizer/BioNTech, Pfizer/BioNTech Kids",6968630,6883502,4272792,61792,13852132
2022-08-04,"Indie, Johnson&Johnson, Moderna, Pfizer/BioNTech, Pfizer/BioNTech Kids",6968775,6883664,4274242,66932,13852439
2022-08-05,"Indie, Johnson&Johnson, Moderna, Pfizer/BioNTech, Pfizer/BioNTech Kids",6969013,6883918,4276277,72557,13852931
2022-08-06,"Indie, Johnson&Johnson, Moderna, Pfizer/BioNTech, Pfizer/BioNTech Kids, Čína",6969030,6883946,4276575,72785,13852976
2022-08-07,"Moderna, Pfizer/BioNTech, Pfizer/BioNTech Kids",6969035,6883950,4276642,72866,13852985
2022-08-08,"Indie, Johnson&Johnson, Moderna, Pfizer/BioNTech, Pfizer/BioNTech Kids, Čína",6969136,6884063,4277420,75808,13853199
2022-08-09,"Indie, Johnson&Johnson, Moderna, Pfizer/BioNTech, Pfizer/BioNTech Kids",6969245,6884148,4278509,80353,13853393
2022-08-10,"Indie, Johnson&Johnson, Moderna, Pfizer/BioNTech, Pfizer/BioNTech Kids",6969371,6884258,4279657,85134,13853629
2022-08-11,"Indie, Johnson&Johnson, Moderna, Pfizer/BioNTech, Pfizer/BioNTech Kids",6969477,6884391,4280813,90019,13853868
2022-08-12,"Indie, Johnson&Johnson, Moderna, Pfizer/BioNTech, Pfizer/BioNTech Kids",6969625,6884603,4282626,95468,13854228
2022-08-13,"Johnson&Johnson, Moderna, Pfizer/BioNTech, Pfizer/BioNTech Kids",6969640,6884632,4282720,95656,13854272
2022-08-14,"Moderna, Pfizer/BioNTech, Pfizer/BioNTech Kids",6969643,6884637,4282771,95695,13854280
2022-08-15,"Indie, Johnson&Johnson, Moderna, Pfizer/BioNTech, Pfizer/BioNTech Kids",6969734,6884757,4283556,98776,13854491
2022-08-16,"Indie, Johnson&Johnson, Moderna, Pfizer/BioNTech, Pfizer/BioNTech Kids, Čína",6969832,6884870,4284472,103069,13854702
2022-08-17,"Indie, Johnson&Johnson, Moderna, Pfizer/BioNTech, Pfizer/BioNTech Kids, Čína",6969921,6884997,4285503,108452,13854918
2022-08-18,"Indie, Johnson&Johnson, Moderna, Pfizer/BioNTech, Pfizer/BioNTech Kids",6970028,6885143,4286684,114416,13855171
2022-08-19,"Indie, Johnson&Johnson, Moderna, Pfizer/BioNTech, Pfizer/BioNTech Kids",6970205,6885362,4288517,121478,13855567
2022-08-20,"Indie, Moderna, Oxford/AstraZeneca, Pfizer/BioNTech, Pfizer/BioNTech Kids",6970216,6885373,4288688,122375,13855589
2022-08-21,"Moderna, Pfizer/BioNTech, Pfizer/BioNTech Kids",6970218,6885382,4288738,122590,13855600
2022-08-22,"Indie, Johnson&Johnson, Moderna, Oxford/AstraZeneca, Pfizer/BioNTech, Pfizer/BioNTech Kids",6970305,6885486,4289514,126408,13855791
2022-08-23,"Indie, Johnson&Johnson, Moderna, Pfizer/BioNTech, Pfizer/BioNTech Kids",6970438,6885628,4290444,131109,13856066
2022-08-24,"Indie, Johnson&Johnson, Moderna, Pfizer/BioNTech, Pfizer/BioNTech Kids",6970532,6885762,4291515,136536,13856294
2022-08-25,"Indie, Johnson&Johnson, Moderna, Pfizer/BioNTech, Pfizer/BioNTech Kids",6970647,6885878,4292716,142709,13856525
2022-08-26,"Indie, Johnson&Johnson, Moderna, Pfizer/BioNTech, Pfizer/BioNTech Kids",6970813,6886112,4294398,149433,13856925
2022-08-27,"Indie, Johnson&Johnson, Moderna, Pfizer/BioNTech, Pfizer/BioNTech Kids",6970848,6886141,4294622,149780,13856989
2022-08-28,"Indie, Moderna, Pfizer/BioNTech, Pfizer/BioNTech Kids",6970856,6886154,4294667,149865,13857010
2022-08-29,"Indie, Johnson&Johnson, Moderna, Pfizer/BioNTech, Pfizer/BioNTech Kids",6970932,6886254,4295442,153353,13857186
2022-08-30,"Indie, Johnson&Johnson, Moderna, Pfizer/BioNTech, Pfizer/BioNTech Kids",6971030,6886357,4296356,158312,13857387
2022-08-31,"Indie, Johnson&Johnson, Moderna, Pfizer/BioNTech, Pfizer/BioNTech Kids",6971150,6886496,4297354,162904,13857646
2022-09-01,"Indie, Johnson&Johnson, Moderna, Pfizer/BioNTech, Pfizer/BioNTech Kids",6971262,6886616,4298315,168627,13857878
2022-09-02,"Indie, Johnson&Johnson, Moderna, Pfizer/BioNTech, Pfizer/BioNTech Kids",6971436,6886811,4299672,174837,13858247
2022-09-03,"Indie, Johnson&Johnson, Moderna, Pfizer/BioNTech, Pfizer/BioNTech Kids",6971451,6886827,4299752,174945,13858278
2022-09-04,"Indie, Moderna, Pfizer/BioNTech, Pfizer/BioNTech Kids",6971456,6886831,4299784,174979,13858287
2022-09-05,"Indie, Johnson&Johnson, Moderna, Pfizer/BioNTech, Pfizer/BioNTech Kids",6971533,6886929,4300519,178814,13858462
2022-09-06,"Indie, Johnson&Johnson, Moderna, Pfizer/BioNTech, Pfizer/BioNTech Kids, Čína",6971607,6887022,4301249,183580,13858629
2022-09-07,"Indie, Johnson&Johnson, Moderna, Oxford/AstraZeneca, Pfizer/BioNTech, Pfizer/BioNTech Kids, Pfizer/BioNTech original + BA.1, Pfizer/BioNTech original + BA.4/5",6971688,6887114,4302146,189357,13858802
2022-09-08,"Indie, Johnson&Johnson, Moderna, Pfizer/BioNTech, Pfizer/BioNTech Kids, Pfizer/BioNTech original + BA.1",6971777,6887211,4303143,195335,13858988
2022-09-09,"Indie, Johnson&Johnson, Moderna, Pfizer/BioNTech, Pfizer/BioNTech Kids, Pfizer/BioNTech original + BA.1, Pfizer/BioNTech original + BA.4/5",6971927,6887356,4304315,201071,13859283
2022-09-10,"Indie, Moderna, Pfizer/BioNTech, Pfizer/BioNTech Kids, Pfizer/BioNTech original + BA.1",6971938,6887371,4304401,201217,13859309
2022-09-11,"Moderna, Pfizer/BioNTech, Pfizer/BioNTech Kids, Pfizer/BioNTech original + BA.1",6971946,6887374,4304424,201255,13859320
2022-09-12,"Indie, Johnson&Johnson, Moderna, Moderna bivalent BA.1, Pfizer/BioNTech, Pfizer/BioNTech Kids, Pfizer/BioNTech original + BA.1, Pfizer/BioNTech original + BA.4/5",6972043,6887471,4305028,204633,13859514
2022-09-13,"Indie, Johnson&Johnson, Moderna, Pfizer/BioNTech, Pfizer/BioNTech Kids, Pfizer/BioNTech original + BA.1",6972131,6887566,4305750,209883,13859697
2022-09-14,"Indie, Johnson&Johnson, Moderna, Pfizer/BioNTech, Pfizer/BioNTech Kids, Pfizer/BioNTech original + BA.1, Pfizer/BioNTech original + BA.4/5",6972225,6887676,4306581,216132,13859901
2022-09-15,"Indie, Johnson&Johnson, Moderna, Oxford/AstraZeneca, Pfizer/BioNTech, Pfizer/BioNTech Kids, Pfizer/BioNTech original + BA.1, Pfizer/BioNTech original + BA.4/5",6972328,6887772,4307584,223549,13860100
2022-09-16,"Indie, Johnson&Johnson, Moderna, Moderna bivalent BA.1, Pfizer/BioNTech, Pfizer/BioNTech Kids, Pfizer/BioNTech original + BA.1, Pfizer/BioNTech original + BA.4/5",6972480,6887949,4308960,232819,13860429
2022-09-17,"Johnson&Johnson, Moderna, Pfizer/BioNTech, Pfizer/BioNTech Kids, Pfizer/BioNTech original + BA.1",6972488,6887969,4309152,233655,13860457
2022-09-18,"Indie, Johnson&Johnson, Moderna, Pfizer/BioNTech, Pfizer/BioNTech Kids, Pfizer/BioNTech original + BA.1, Pfizer/BioNTech original + BA.4/5",6972494,6887978,4309229,233887,13860472
2022-09-19,"Indie, Johnson&Johnson, Moderna, Moderna bivalent BA.1, Pfizer/BioNTech, Pfizer/BioNTech Kids, Pfizer/BioNTech original + BA.1, Pfizer/BioNTech original + BA.4/5",6972557,6888039,4309871,239477,13860596
2022-09-20,"Indie, Johnson&Johnson, Moderna, Pfizer/BioNTech, Pfizer/BioNTech Kids, Pfizer/BioNTech original + BA.1, Pfizer/BioNTech original + BA.4/5",6972646,6888116,4310806,247633,13860762
2022-09-21,"Indie, Moderna, Moderna bivalent BA.1, Oxford/AstraZeneca, Pfizer/BioNTech, Pfizer/BioNTech Kids, Pfizer/BioNTech original + BA.1, Pfizer/BioNTech original + BA.4/5",6972729,6888213,4311857,257177,13860942
2022-09-22,"Indie, Johnson&Johnson, Moderna, Moderna bivalent BA.1, Pfizer/BioNTech, Pfizer/BioNTech Kids, Pfizer/BioNTech original + BA.1, Pfizer/BioNTech original + BA.4/5",6972792,6888305,4312762,266622,13861097
2022-09-23,"Indie, Johnson&Johnson, Moderna, Moderna bivalent BA.1, Pfizer/BioNTech, Pfizer/BioNTech Kids, Pfizer/BioNTech original + BA.1, Pfizer/BioNTech original + BA.4/5",6972913,6888455,4313980,277333,13861368
2022-09-24,"Indie, Moderna, Moderna bivalent BA.1, Pfizer/BioNTech, Pfizer/BioNTech Kids, Pfizer/BioNTech original + BA.1, Pfizer/BioNTech original + BA.4/5",6972918,6888471,4314072,277711,13861389
2022-09-25,"Moderna, Pfizer/BioNTech, Pfizer/BioNTech original + BA.1, Pfizer/BioNTech original + BA.4/5",6972920,6888472,4314098,277855,13861392
2022-09-26,"Indie, Johnson&Johnson, Moderna, Moderna bivalent BA.1, Pfizer/BioNTech, Pfizer/BioNTech Kids, Pfizer/BioNTech original + BA.1, Pfizer/BioNTech original + BA.4/5",6972953,6888541,4314800,284447,13861494
2022-09-27,"Indie, Johnson&Johnson, Moderna, Moderna bivalent BA.1, Pfizer/BioNTech, Pfizer/BioNTech Kids, Pfizer/BioNTech original + BA.1, Pfizer/BioNTech original + BA.4/5",6973031,6888646,4315669,293217,13861677
2022-09-28,"Moderna, Pfizer/BioNTech, Pfizer/BioNTech Kids, Pfizer/BioNTech original + BA.1, Pfizer/BioNTech original + BA.4/5, Valneva",6973036,6888647,4315682,293285,13861683
2022-09-29,"Indie, Johnson&Johnson, Moderna, Moderna bivalent BA.1, Pfizer/BioNTech, Pfizer/BioNTech Kids, Pfizer/BioNTech original + BA.1, Pfizer/BioNTech original + BA.4/5",6973096,6888739,4316630,302550,13861835
2022-09-30,"Indie, Johnson&Johnson, Moderna, Moderna bivalent BA.1, Pfizer/BioNTech, Pfizer/BioNTech Kids, Pfizer/BioNTech original + BA.1, Pfizer/BioNTech original + BA.4/5",6973226,6888907,4318020,314043,13862133
2022-10-01,"Moderna, Moderna bivalent BA.1, Pfizer/BioNTech, Pfizer/BioNTech Kids, Pfizer/BioNTech original + BA.1, Pfizer/BioNTech original + BA.4/5",6973234,6888918,4318117,314609,13862152
2022-10-02,"Indie, Moderna bivalent BA.1, Pfizer/BioNTech, Pfizer/BioNTech original + BA.4/5",6973237,6888919,4318193,315148,13862156
2022-10-03,"Indie, Johnson&Johnson, Moderna, Moderna bivalent BA.1, Pfizer/BioNTech, Pfizer/BioNTech Kids, Pfizer/BioNTech original + BA.1, Pfizer/BioNTech original + BA.4/5",6973329,6889006,4318961,323091,13862335
2022-10-04,"Indie, Johnson&Johnson, Moderna, Moderna bivalent BA.1, Pfizer/BioNTech, Pfizer/BioNTech Kids, Pfizer/BioNTech original + BA.1, Pfizer/BioNTech original + BA.4/5, Čína",6973410,6889105,4319805,333245,13862515
2022-10-05,"Indie, Johnson&Johnson, Moderna, Moderna bivalent BA.1, Pfizer/BioNTech, Pfizer/BioNTech Kids, Pfizer/BioNTech original + BA.1, Pfizer/BioNTech original + BA.4/5",6973476,6889199,4320869,345302,13862675
2022-10-06,"Indie, Johnson&Johnson, Moderna, Moderna bivalent BA.1, Pfizer/BioNTech, Pfizer/BioNTech Kids, Pfizer/BioNTech original + BA.1, Pfizer/BioNTech original + BA.4/5, Čína",6973569,6889333,4322065,358719,13862902
2022-10-07,"Indie, Johnson&Johnson, Moderna, Moderna bivalent BA.1, Pfizer/BioNTech, Pfizer/BioNTech Kids, Pfizer/BioNTech original + BA.1, Pfizer/BioNTech original + BA.4/5",6973709,6889498,4323707,375788,13863207
2022-10-08,"Indie, Moderna bivalent BA.1, Pfizer/BioNTech, Pfizer/BioNTech Kids, Pfizer/BioNTech original + BA.1, Pfizer/BioNTech original + BA.4/5",6973725,6889504,4323843,376743,13863229
2022-10-09,"Moderna bivalent BA.1, Pfizer/BioNTech, Pfizer/BioNTech original + BA.1, Pfizer/BioNTech original + BA.4/5",6973725,6889505,4323872,376897,13863230
2022-10-10,"Indie, Johnson&Johnson, Moderna, Moderna bivalent BA.1, Pfizer/BioNTech, Pfizer/BioNTech Kids, Pfizer/BioNTech original + BA.1, Pfizer/BioNTech original + BA.4/5",6973772,6889576,4324639,386154,13863348
2022-10-11,"Indie, Johnson&Johnson, Moderna, Moderna bivalent BA.1, Pfizer/BioNTech, Pfizer/BioNTech Kids, Pfizer/BioNTech original + BA.1, Pfizer/BioNTech original + BA.4/5",6973838,6889677,4325721,398848,13863515
2022-10-12,"Indie, Moderna, Moderna bivalent BA.1, Pfizer/BioNTech, Pfizer/BioNTech Kids, Pfizer/BioNTech original + BA.1, Pfizer/BioNTech original + BA.4/5",6973935,6889773,4326990,412641,13863708
2022-10-13,"Indie, Johnson&Johnson, Moderna, Moderna bivalent BA.1, Pfizer/BioNTech, Pfizer/BioNTech Kids, Pfizer/BioNTech original + BA.1, Pfizer/BioNTech original + BA.4/5",6974019,6889870,4328320,427601,13863889
2022-10-14,"Indie, Johnson&Johnson, Moderna, Moderna bivalent BA.1, Pfizer/BioNTech, Pfizer/BioNTech Kids, Pfizer/BioNTech original + BA.1, Pfizer/BioNTech original + BA.4/5",6974151,6890015,4330277,446362,13864166
2022-10-15,"Moderna bivalent BA.1, Pfizer/BioNTech, Pfizer/BioNTech Kids, Pfizer/BioNTech original + BA.1, Pfizer/BioNTech original + BA.4/5",6974166,6890026,4330438,447600,13864192
2022-10-16,"Indie, Moderna, Moderna bivalent BA.1, Pfizer/BioNTech, Pfizer/BioNTech Kids, Pfizer/BioNTech original + BA.1, Pfizer/BioNTech original + BA.4/5",6974168,6890029,4330466,447773,13864197
2022-10-17,"Indie, Johnson&Johnson, Moderna, Moderna bivalent BA.1, Pfizer/BioNTech, Pfizer/BioNTech Kids, Pfizer/BioNTech original + BA.1, Pfizer/BioNTech original + BA.4/5",6974223,6890082,4331318,456506,13864305
2022-10-18,"Indie, Johnson&Johnson, Moderna, Moderna bivalent BA.1, Pfizer/BioNTech, Pfizer/BioNTech Kids, Pfizer/BioNTech original + BA.1, Pfizer/BioNTech original + BA.4/5",6974285,6890145,4332445,469061,13864430
2022-10-19,"Indie, Johnson&Johnson, Moderna, Moderna bivalent BA.1, Pfizer/BioNTech, Pfizer/BioNTech Kids, Pfizer/BioNTech original + BA.1, Pfizer/BioNTech original + BA.4/5",6974337,6890204,4333677,482549,13864541
2022-10-20,"Indie, Moderna, Moderna bivalent BA.1, Pfizer/BioNTech, Pfizer/BioNTech Kids, Pfizer/BioNTech original + BA.1, Pfizer/BioNTech original + BA.4/5",6974404,6890271,4335002,497945,13864675
2022-10-21,"Indie, Johnson&Johnson, Moderna, Moderna bivalent BA.1, Pfizer/BioNTech, Pfizer/BioNTech Kids, Pfizer/BioNTech original + BA.1, Pfizer/BioNTech original + BA.4/5",6974522,6890381,4336841,516717,13864903
2022-10-22,"Indie, Johnson&Johnson, Moderna, Moderna bivalent BA.1, Pfizer/BioNTech, Pfizer/BioNTech Kids, Pfizer/BioNTech original + BA.1, Pfizer/BioNTech original + BA.4/5",6974538,6890396,4336985,518240,13864934
2022-10-23,"Indie, Moderna, Moderna bivalent BA.1, Pfizer/BioNTech, Pfizer/BioNTech Kids, Pfizer/BioNTech original + BA.1, Pfizer/BioNTech original + BA.4/5",6974540,6890400,4337013,518404,13864940
2022-10-24,"Indie, Johnson&Johnson, Moderna, Moderna bivalent BA.1, Pfizer/BioNTech, Pfizer/BioNTech Kids, Pfizer/BioNTech original + BA.1, Pfizer/BioNTech original + BA.4/5",6974572,6890454,4337794,527176,13865026
2022-10-25,"Indie, Johnson&Johnson, Moderna, Moderna bivalent BA.1, Pfizer/BioNTech, Pfizer/BioNTech Kids, Pfizer/BioNTech original + BA.1, Pfizer/BioNTech original + BA.4/5",6974640,6890531,4338778,539053,13865171
2022-10-26,"Indie, Johnson&Johnson, Moderna, Moderna bivalent BA.1, Pfizer/BioNTech, Pfizer/BioNTech Kids, Pfizer/BioNTech original + BA.1, Pfizer/BioNTech original + BA.4/5",6974693,6890589,4339871,551433,13865282
2022-10-27,"Indie, Johnson&Johnson, Moderna, Moderna bivalent BA.1, Pfizer/BioNTech, Pfizer/BioNTech Kids, Pfizer/BioNTech original + BA.1, Pfizer/BioNTech original + BA.4/5",6974728,6890677,4341121,564866,13865405
2022-10-28,"Moderna, Pfizer/BioNTech, Pfizer/BioNTech original + BA.1, Pfizer/BioNTech original + BA.4/5, Valneva",6974732,6890683,4341159,565326,13865415
2022-10-29,"Indie, Johnson&Johnson, Moderna, Moderna bivalent BA.1, Pfizer/BioNTech, Pfizer/BioNTech Kids, Pfizer/BioNTech original + BA.1, Pfizer/BioNTech original + BA.4/5",6974738,6890698,4341290,566240,13865436
2022-10-30,"Moderna, Moderna bivalent BA.1, Pfizer/BioNTech, Pfizer/BioNTech Kids, Pfizer/BioNTech original + BA.4/5",6974741,6890701,4341311,566673,13865442
2022-10-31,"Indie, Johnson&Johnson, Moderna, Moderna bivalent BA.1, Pfizer/BioNTech, Pfizer/BioNTech Kids, Pfizer/BioNTech original + BA.1, Pfizer/BioNTech original + BA.4/5",6974794,6890789,4341944,573612,13865583
2022-11-01,"Indie, Johnson&Johnson, Moderna, Moderna bivalent BA.1, Pfizer/BioNTech, Pfizer/BioNTech Kids, Pfizer/BioNTech original + BA.1, Pfizer/BioNTech original + BA.4/5",6974840,6890845,4342746,583754,13865685
2022-11-02,"Indie, Johnson&Johnson, Moderna, Moderna bivalent BA.1, Pfizer/BioNTech, Pfizer/BioNTech Kids, Pfizer/BioNTech original + BA.1, Pfizer/BioNTech original + BA.4/5",6974876,6890923,4343603,594529,13865799
2022-11-03,"Indie, Johnson&Johnson, Moderna, Moderna bivalent BA.1, Pfizer/BioNTech, Pfizer/BioNTech Kids, Pfizer/BioNTech original + BA.1, Pfizer/BioNTech original + BA.4/5",6974915,6891003,4344487,606287,13865918
2022-11-04,"Indie, Johnson&Johnson, Moderna, Moderna bivalent BA.1, Pfizer/BioNTech, Pfizer/BioNTech Kids, Pfizer/BioNTech original + BA.1, Pfizer/BioNTech original + BA.4/5",6975038,6891151,4345851,621584,13866189
2022-11-05,"Indie, Moderna, Moderna bivalent BA.1, Pfizer/BioNTech, Pfizer/BioNTech Kids, Pfizer/BioNTech original + BA.1, Pfizer/BioNTech original + BA.4/5",6975046,6891162,4345947,622413,13866208
2022-11-06,"Indie, Moderna bivalent BA.1, Pfizer/BioNTech, Pfizer/BioNTech original + BA.1, Pfizer/BioNTech original + BA.4/5",6975048,6891162,4345973,622544,13866210
2022-11-07,"Indie, Johnson&Johnson, Moderna, Moderna bivalent BA.1, Pfizer/BioNTech, Pfizer/BioNTech Kids, Pfizer/BioNTech original + BA.1, Pfizer/BioNTech original + BA.4/5",6975089,6891226,4346534,629294,13866315
2022-11-08,"Indie, Johnson&Johnson, Moderna, Moderna bivalent BA.1, Pfizer/BioNTech, Pfizer/BioNTech Kids, Pfizer/BioNTech original + BA.1, Pfizer/BioNTech original + BA.4/5",6975138,6891293,4347212,638793,13866431
2022-11-09,"Indie, Johnson&Johnson, Moderna, Moderna bivalent BA.1, Pfizer/BioNTech, Pfizer/BioNTech Kids, Pfizer/BioNTech original + BA.1, Pfizer/BioNTech original + BA.4/5",6975185,6891345,4347943,647481,13866530
2022-11-10,"Indie, Johnson&Johnson, Moderna, Moderna bivalent BA.1, Pfizer/BioNTech, Pfizer/BioNTech Kids, Pfizer/BioNTech original + BA.1, Pfizer/BioNTech original + BA.4/5",6975243,6891412,4348667,656581,13866655
2022-11-11,"Indie, Johnson&Johnson, Moderna, Moderna bivalent BA.1, Pfizer/BioNTech, Pfizer/BioNTech Kids, Pfizer/BioNTech original + BA.1, Pfizer/BioNTech original + BA.4/5",6975335,6891538,4349627,667599,13866873
2022-11-12,"Indie, Johnson&Johnson, Moderna bivalent BA.1, Pfizer/BioNTech, Pfizer/BioNTech Kids, Pfizer/BioNTech original + BA.4/5",6975341,6891545,4349664,667837,13866886
2022-11-13,"Indie, Moderna, Pfizer/BioNTech original + BA.4/5",6975342,6891547,4349685,667935,13866889
2022-11-14,"Indie, Johnson&Johnson, Moderna, Moderna bivalent BA.1, Pfizer/BioNTech, Pfizer/BioNTech Kids, Pfizer/BioNTech original + BA.1, Pfizer/BioNTech original + BA.4/5",6975386,6891601,4350058,672941,13866987
2022-11-15,"Indie, Johnson&Johnson, Moderna, Moderna bivalent BA.1, Pfizer/BioNTech, Pfizer/BioNTech Kids, Pfizer/BioNTech original + BA.1, Pfizer/BioNTech original + BA.4/5",6975439,6891670,4350648,680481,13867109
2022-11-16,"Indie, Johnson&Johnson, Moderna, Moderna bivalent BA.1, Pfizer/BioNTech, Pfizer/BioNTech Kids, Pfizer/BioNTech Mini, Pfizer/BioNTech original + BA.1, Pfizer/BioNTech original + BA.4/5",6975493,6891746,4351297,688595,13867239
2022-11-17,"Moderna, Moderna bivalent BA.1, Pfizer/BioNTech, Pfizer/BioNTech original + BA.1, Pfizer/BioNTech original + BA.4/5",6975494,6891747,4351314,688802,13867241
2022-11-18,"Indie, Johnson&Johnson, Moderna, Moderna bivalent BA.1, Pfizer/BioNTech, Pfizer/BioNTech Kids, Pfizer/BioNTech original + BA.1, Pfizer/BioNTech original + BA.4/5",6975551,6891795,4351876,695123,13867346
2022-11-19,"Indie, Johnson&Johnson, Moderna bivalent BA.1, Pfizer/BioNTech, Pfizer/BioNTech Kids, Pfizer/BioNTech original + BA.1, Pfizer/BioNTech original + BA.4/5",6975553,6891798,4351908,695434,13867351
2022-11-20,"Moderna bivalent BA.1, Pfizer/BioNTech, Pfizer/BioNTech original + BA.1, Pfizer/BioNTech original + BA.4/5",6975556,6891799,4351935,695723,13867355
2022-11-21,"Indie, Johnson&Johnson, Moderna, Moderna bivalent BA.1, Pfizer/BioNTech, Pfizer/BioNTech Kids, Pfizer/BioNTech original + BA.1, Pfizer/BioNTech original + BA.4/5",6975599,6891849,4352243,699874,13867448
2022-11-22,"Indie, Johnson&Johnson, Moderna, Moderna bivalent BA.1, Pfizer/BioNTech, Pfizer/BioNTech Kids, Pfizer/BioNTech original + BA.1, Pfizer/BioNTech original + BA.4/5",6975641,6891921,4352678,705616,13867562
2022-11-23,"Indie, Johnson&Johnson, Moderna, Moderna bivalent BA.1, Pfizer/BioNTech, Pfizer/BioNTech Kids, Pfizer/BioNTech original + BA.1, Pfizer/BioNTech original + BA.4/5",6975677,6891965,4353177,711309,13867642
2022-11-24,"Indie, Johnson&Johnson, Moderna, Moderna bivalent BA.1, Pfizer/BioNTech, Pfizer/BioNTech Kids, Pfizer/BioNTech original + BA.1, Pfizer/BioNTech original + BA.4/5",6975722,6892008,4353697,717951,13867730
2022-11-25,"Indie, Johnson&Johnson, Moderna, Moderna bivalent BA.1, Pfizer/BioNTech, Pfizer/BioNTech Kids, Pfizer/BioNTech original + BA.1, Pfizer/BioNTech original + BA.4/5",6975805,6892114,4354327,726076,13867919
2022-11-26,"Moderna, Moderna bivalent BA.1, Pfizer/BioNTech, Pfizer/BioNTech Kids, Pfizer/BioNTech original + BA.4/5",6975809,6892126,4354381,726237,13867935
2022-11-27,"Pfizer/BioNTech, Pfizer/BioNTech Kids, Pfizer/BioNTech original + BA.4/5",6975809,6892127,4354402,726325,13867936
2022-11-28,"Indie, Johnson&Johnson, Moderna, Moderna bivalent BA.1, Pfizer/BioNTech, Pfizer/BioNTech Kids, Pfizer/BioNTech Mini, Pfizer/BioNTech original + BA.1, Pfizer/BioNTech original + BA.4/5",6975837,6892159,4354655,729274,13867996
2022-11-29,"Indie, Johnson&Johnson, Moderna, Moderna bivalent BA.1, Pfizer/BioNTech, Pfizer/BioNTech Kids, Pfizer/BioNTech original + BA.1, Pfizer/BioNTech original + BA.4/5",6975869,6892211,4355033,733763,13868080
2022-11-30,"Indie, Moderna, Moderna bivalent BA.1, Pfizer/BioNTech, Pfizer/BioNTech Kids, Pfizer/BioNTech original + BA.1, Pfizer/BioNTech original + BA.4/5",6975921,6892266,4355426,738080,13868187
2022-12-01,"Indie, Johnson&Johnson, Moderna, Moderna bivalent BA.1, Pfizer/BioNTech, Pfizer/BioNTech Kids, Pfizer/BioNTech original + BA.1, Pfizer/BioNTech original + BA.4/5",6975960,6892297,4355758,742109,13868257
2022-12-02,"Indie, Johnson&Johnson, Moderna, Moderna bivalent BA.1, Pfizer/BioNTech, Pfizer/BioNTech Kids, Pfizer/BioNTech original + BA.1, Pfizer/BioNTech original + BA.4/5",6975993,6892344,4356147,746676,13868337
2022-12-03,"Moderna bivalent BA.1, Pfizer/BioNTech, Pfizer/BioNTech Kids, Pfizer/BioNTech original + BA.1, Pfizer/BioNTech original + BA.4/5",6975993,6892358,4356187,747113,13868351
2022-12-04,"Moderna, Moderna bivalent BA.1, Pfizer/BioNTech, Pfizer/BioNTech Kids, Pfizer/BioNTech original + BA.4/5",6975995,6892358,4356198,747164,13868353
2022-12-05,"Indie, Johnson&Johnson, Moderna, Moderna bivalent BA.1, Pfizer/BioNTech, Pfizer/BioNTech Kids, Pfizer/BioNTech original + BA.1, Pfizer/BioNTech original + BA.4/5",6976022,6892387,4356416,749235,13868409
2022-12-06,"Indie, Johnson&Johnson, Moderna, Moderna bivalent BA.1, Pfizer/BioNTech, Pfizer/BioNTech Kids, Pfizer/BioNTech original + BA.1, Pfizer/BioNTech original + BA.4/5",6976040,6892417,4356652,752430,13868457
2022-12-07,"Indie, Johnson&Johnson, Moderna, Moderna bivalent BA.1, Pfizer/BioNTech, Pfizer/BioNTech Kids, Pfizer/BioNTech Mini, Pfizer/BioNTech original + BA.1, Pfizer/BioNTech original + BA.4/5",6976079,6892467,4356983,755866,13868546
2022-12-08,"Indie, Johnson&Johnson, Moderna, Moderna bivalent BA.1, Pfizer/BioNTech, Pfizer/BioNTech Kids, Pfizer/BioNTech original + BA.1, Pfizer/BioNTech original + BA.4/5",6976108,6892496,4357316,759244,13868604
2022-12-09,"Indie, Johnson&Johnson, Moderna, Moderna bivalent BA.1, Pfizer/BioNTech, Pfizer/BioNTech Kids, Pfizer/BioNTech original + BA.1, Pfizer/BioNTech original + BA.4/5",6976150,6892539,4357667,762620,13868689
2022-12-10,"Indie, Moderna bivalent BA.1, Pfizer/BioNTech, Pfizer/BioNTech Kids, Pfizer/BioNTech original + BA.4/5",6976152,6892541,4357693,762689,13868693
2022-12-11,"Indie, Pfizer/BioNTech, Pfizer/BioNTech Kids, Pfizer/BioNTech original + BA.4/5",6976154,6892543,4357711,762722,13868697
2022-12-12,"Indie, Johnson&Johnson, Moderna, Moderna bivalent BA.1, Pfizer/BioNTech, Pfizer/BioNTech Kids, Pfizer/BioNTech Mini, Pfizer/BioNTech original + BA.1, Pfizer/BioNTech original + BA.4/5",6976176,6892585,4357854,764037,13868761
2022-12-13,"Indie, Johnson&Johnson, Moderna, Moderna bivalent BA.1, Pfizer/BioNTech, Pfizer/BioNTech Kids, Pfizer/BioNTech Mini, Pfizer/BioNTech original + BA.1, Pfizer/BioNTech original + BA.4/5",6976208,6892620,4358059,766083,13868828
2022-12-14,"Indie, Moderna, Moderna bivalent BA.1, Pfizer/BioNTech, Pfizer/BioNTech Kids, Pfizer/BioNTech Mini, Pfizer/BioNTech original + BA.1, Pfizer/BioNTech original + BA.4/5",6976230,6892652,4358294,768096,13868882
2022-12-15,"Indie, Moderna, Moderna bivalent BA.1, Pfizer/BioNTech, Pfizer/BioNTech Kids, Pfizer/BioNTech original + BA.1, Pfizer/BioNTech original + BA.4/5",6976247,6892684,4358540,770204,13868931
2022-12-16,"Indie, Johnson&Johnson, Moderna, Moderna bivalent BA.1, Pfizer/BioNTech, Pfizer/BioNTech Kids, Pfizer/BioNTech original + BA.1, Pfizer/BioNTech original + BA.4/5",6976287,6892733,4358779,772474,13869020
2022-12-17,"Pfizer/BioNTech, Pfizer/BioNTech Kids, Pfizer/BioNTech original + BA.4/5",6976288,6892737,4358805,772581,13869025
2022-12-18,Pfizer/BioNTech original + BA.4/5,6976288,6892737,4358810,772604,13869025
2022-12-19,"Indie, Johnson&Johnson, Moderna, Moderna bivalent BA.1, Pfizer/BioNTech, Pfizer/BioNTech Kids, Pfizer/BioNTech Mini, Pfizer/BioNTech original + BA.1, Pfizer/BioNTech original + BA.4/5",6976313,6892773,4358949,773545,13869086
2022-12-20,"Indie, Johnson&Johnson, Moderna, Moderna bivalent BA.1, Pfizer/BioNTech, Pfizer/BioNTech Kids, Pfizer/BioNTech Mini, Pfizer/BioNTech original + BA.1, Pfizer/BioNTech original + BA.4/5",6976340,6892801,4359100,774411,13869141
2022-12-21,"Indie, Johnson&Johnson, Moderna, Moderna bivalent BA.1, Pfizer/BioNTech, Pfizer/BioNTech Kids, Pfizer/BioNTech Mini, Pfizer/BioNTech original + BA.1, Pfizer/BioNTech original + BA.4/5",6976362,6892830,4359226,775220,13869192
2022-12-22,"Indie, Moderna, Moderna bivalent BA.1, Pfizer/BioNTech, Pfizer/BioNTech Kids, Pfizer/BioNTech original + BA.1, Pfizer/BioNTech original + BA.4/5",6976391,6892861,4359346,775761,13869252
2022-12-23,"Johnson&Johnson, Moderna, Moderna bivalent BA.1, Pfizer/BioNTech, Pfizer/BioNTech Kids, Pfizer/BioNTech original + BA.1, Pfizer/BioNTech original + BA.4/5",6976402,6892880,4359381,775911,13869282
2022-12-25,Pfizer/BioNTech,6976402,6892880,4359381,775912,13869282
2022-12-26,Johnson&Johnson,6976403,6892881,4359381,775912,13869284
2022-12-27,"Indie, Moderna, Pfizer/BioNTech, Pfizer/BioNTech original + BA.1, Pfizer/BioNTech original + BA.4/5",6976404,6892893,4359401,776074,13869297
2022-12-28,"Indie, Johnson&Johnson, Moderna, Moderna bivalent BA.1, Pfizer/BioNTech, Pfizer/BioNTech Kids, Pfizer/BioNTech original + BA.1, Pfizer/BioNTech original + BA.4/5",6976420,6892912,4359477,776400,13869332
2022-12-29,"Indie, Moderna bivalent BA.1, Pfizer/BioNTech, Pfizer/BioNTech Kids, Pfizer/BioNTech original + BA.1, Pfizer/BioNTech original + BA.4/5",6976424,6892926,4359528,776646,13869350
2022-12-30,"Johnson&Johnson, Moderna, Moderna bivalent BA.1, Pfizer/BioNTech, Pfizer/BioNTech Kids, Pfizer/BioNTech original + BA.1, Pfizer/BioNTech original + BA.4/5",6976433,6892948,4359578,776797,13869381
2022-12-31,"Indie, Pfizer/BioNTech original + BA.4/5",6976433,6892950,4359579,776801,13869383
2023-01-01,"Pfizer/BioNTech, Pfizer/BioNTech original + BA.4/5",6976433,6892950,4359581,776805,13869383
2023-01-02,"Johnson&Johnson, Moderna, Moderna bivalent BA.1, Pfizer/BioNTech, Pfizer/BioNTech Kids, Pfizer/BioNTech original + BA.1, Pfizer/BioNTech original + BA.4/5",6976474,6892976,4359661,777143,13869450
2023-01-03,"Indie, Johnson&Johnson, Moderna, Moderna bivalent BA.1, Pfizer/BioNTech, Pfizer/BioNTech Kids, Pfizer/BioNTech original + BA.1, Pfizer/BioNTech original + BA.4/5",6976486,6893008,4359740,777585,13869494
2023-01-04,"Indie, Johnson&Johnson, Moderna, Moderna bivalent BA.1, Pfizer/BioNTech, Pfizer/BioNTech Kids, Pfizer/BioNTech Mini, Pfizer/BioNTech original + BA.1, Pfizer/BioNTech original + BA.4/5",6976512,6893039,4359884,778336,13869551
2023-01-05,"Indie, Johnson&Johnson, Moderna, Moderna bivalent BA.1, Pfizer/BioNTech, Pfizer/BioNTech Kids, Pfizer/BioNTech original + BA.1, Pfizer/BioNTech original + BA.4/5",6976539,6893062,4360021,779172,13869601
2023-01-06,"Indie, Johnson&Johnson, Moderna, Moderna bivalent BA.1, Pfizer/BioNTech, Pfizer/BioNTech Kids, Pfizer/BioNTech original + BA.1, Pfizer/BioNTech original + BA.4/5",6976595,6893136,4360304,780626,13869731
2023-01-07,"Pfizer/BioNTech, Pfizer/BioNTech Kids, Pfizer/BioNTech original + BA.4/5",6976597,6893141,4360333,780765,13869738
2023-01-08,"Pfizer/BioNTech, Pfizer/BioNTech original + BA.4/5",6976598,6893141,4360343,780784,13869739
2023-01-09,"Indie, Johnson&Johnson, Moderna, Moderna bivalent BA.1, Pfizer/BioNTech, Pfizer/BioNTech Kids, Pfizer/BioNTech Mini, Pfizer/BioNTech original + BA.1, Pfizer/BioNTech original + BA.4/5",6976656,6893203,4360487,781455,13869859
2023-01-10,"Johnson&Johnson, Moderna, Moderna bivalent BA.1, Pfizer/BioNTech, Pfizer/BioNTech Kids, Pfizer/BioNTech Mini, Pfizer/BioNTech original + BA.1, Pfizer/BioNTech original + BA.4/5",6976709,6893232,4360622,782207,13869941
2023-01-11,"Johnson&Johnson, Moderna, Moderna bivalent BA.1, Pfizer/BioNTech, Pfizer/BioNTech Kids, Pfizer/BioNTech Mini, Pfizer/BioNTech original + BA.1, Pfizer/BioNTech original + BA.4/5",6976745,6893265,4360845,783329,13870010
2023-01-12,"Indie, Johnson&Johnson, Moderna, Moderna bivalent BA.1, Pfizer/BioNTech, Pfizer/BioNTech Kids, Pfizer/BioNTech original + BA.1, Pfizer/BioNTech original + BA.4/5",6976782,6893296,4361046,784417,13870078
2023-01-13,"Indie, Johnson&Johnson, Moderna, Moderna bivalent BA.1, Pfizer/BioNTech, Pfizer/BioNTech Kids, Pfizer/BioNTech Mini, Pfizer/BioNTech original + BA.1, Pfizer/BioNTech original + BA.4/5",6976837,6893353,4361290,785680,13870190
2023-01-14,"Johnson&Johnson, Pfizer/BioNTech, Pfizer/BioNTech Kids, Pfizer/BioNTech original + BA.4/5",6976843,6893357,4361315,785734,13870200
2023-01-15,"Moderna, Moderna bivalent BA.1, Pfizer/BioNTech, Pfizer/BioNTech original + BA.4/5",6976844,6893357,4361316,785764,13870201
2023-01-16,"Johnson&Johnson, Moderna, Moderna bivalent BA.1, Pfizer/BioNTech, Pfizer/BioNTech Kids, Pfizer/BioNTech original + BA.1, Pfizer/BioNTech original + BA.4/5",6976869,6893375,4361433,786345,13870244
2023-01-17,"Moderna, Moderna bivalent BA.1, Pfizer/BioNTech, Pfizer/BioNTech Kids, Pfizer/BioNTech Mini, Pfizer/BioNTech original + BA.1, Pfizer/BioNTech original + BA.4/5",6976894,6893406,4361557,787012,13870300
2023-01-18,"Moderna, Moderna bivalent BA.1, Moderna bivalent BA.4-5, Pfizer/BioNTech, Pfizer/BioNTech Kids, Pfizer/BioNTech original + BA.1, Pfizer/BioNTech original + BA.4/5",6976914,6893418,4361721,787769,13870332
2023-01-19,"Indie, Johnson&Johnson, Moderna, Moderna bivalent BA.1, Pfizer/BioNTech, Pfizer/BioNTech Kids, Pfizer/BioNTech original + BA.1, Pfizer/BioNTech original + BA.4/5",6976943,6893437,4361838,788504,13870380
2023-01-20,"Johnson&Johnson, Moderna, Moderna bivalent BA.1, Moderna bivalent BA.4-5, Pfizer/BioNTech, Pfizer/BioNTech Kids, Pfizer/BioNTech original + BA.1, Pfizer/BioNTech original + BA.4/5",6976987,6893467,4362002,789474,13870454
2023-01-21,"Johnson&Johnson, Pfizer/BioNTech, Pfizer/BioNTech Kids, Pfizer/BioNTech original + BA.4/5",6976992,6893473,4362021,789501,13870465
2023-01-22,"Moderna, Pfizer/BioNTech original + BA.4/5",6976992,6893473,4362025,789512,13870465
2023-01-23,"Johnson&Johnson, Moderna, Moderna bivalent BA.1, Pfizer/BioNTech, Pfizer/BioNTech Kids, Pfizer/BioNTech original + BA.1, Pfizer/BioNTech original + BA.4/5",6977025,6893506,4362117,789817,13870531
2023-01-24,"Indie, Johnson&Johnson, Moderna, Moderna bivalent BA.1, Pfizer/BioNTech, Pfizer/BioNTech Kids, Pfizer/BioNTech original + BA.1, Pfizer/BioNTech original + BA.4/5",6977039,6893519,4362217,790194,13870558
2023-01-25,"Indie, Johnson&Johnson, Moderna, Moderna bivalent BA.1, Moderna bivalent BA.4-5, Pfizer/BioNTech, Pfizer/BioNTech Kids, Pfizer/BioNTech Mini, Pfizer/BioNTech original + BA.1, Pfizer/BioNTech original + BA.4/5",6977059,6893539,4362335,790772,13870598
2023-01-26,"Johnson&Johnson, Moderna, Moderna bivalent BA.1, Pfizer/BioNTech, Pfizer/BioNTech Kids, Pfizer/BioNTech original + BA.1, Pfizer/BioNTech original + BA.4/5",6977084,6893577,4362431,791235,13870661
2023-01-27,"Johnson&Johnson, Moderna, Moderna bivalent BA.1, Moderna bivalent BA.4-5, Pfizer/BioNTech, Pfizer/BioNTech Kids, Pfizer/BioNTech original + BA.1, Pfizer/BioNTech original + BA.4/5",6977138,6893632,4362589,791979,13870770
2023-01-28,"Pfizer/BioNTech, Pfizer/BioNTech Kids, Pfizer/BioNTech original + BA.4/5",6977138,6893635,4362601,792047,13870773
2023-01-30,"Johnson&Johnson, Moderna, Moderna bivalent BA.1, Pfizer/BioNTech, Pfizer/BioNTech Kids, Pfizer/BioNTech Mini, Pfizer/BioNTech original + BA.1, Pfizer/BioNTech original + BA.4/5",6977173,6893660,4362690,792386,13870833
2023-01-31,"Johnson&Johnson, Moderna bivalent BA.1, Pfizer/BioNTech, Pfizer/BioNTech Kids, Pfizer/BioNTech original + BA.1, Pfizer/BioNTech original + BA.4/5",6977200,6893684,4362754,792749,13870884
2023-02-01,"Johnson&Johnson, Moderna, Moderna bivalent BA.1, Pfizer/BioNTech, Pfizer/BioNTech Kids, Pfizer/BioNTech Mini, Pfizer/BioNTech original + BA.1, Pfizer/BioNTech original + BA.4/5",6977232,6893713,4362833,793085,13870945
2023-02-02,"Johnson&Johnson, Moderna, Moderna bivalent BA.1, Pfizer/BioNTech, Pfizer/BioNTech Kids, Pfizer/BioNTech original + BA.1, Pfizer/BioNTech original + BA.4/5",6977256,6893747,4362917,793430,13871003
2023-02-03,"Johnson&Johnson, Moderna, Moderna bivalent BA.1, Pfizer/BioNTech, Pfizer/BioNTech Kids, Pfizer/BioNTech original + BA.1, Pfizer/BioNTech original + BA.4/5",6977302,6893806,4363069,793959,13871108
2023-02-04,"Johnson&Johnson, Pfizer/BioNTech, Pfizer/BioNTech Kids, Pfizer/BioNTech original + BA.4/5",6977306,6893809,4363070,793964,13871115
2023-02-05,Moderna,6977308,6893810,4363070,793965,13871118
2023-02-06,"Johnson&Johnson, Moderna, Pfizer/BioNTech, Pfizer/BioNTech Kids, Pfizer/BioNTech original + BA.1, Pfizer/BioNTech original + BA.4/5",6977345,6893837,4363116,794145,13871182
2023-02-07,"Johnson&Johnson, Moderna, Moderna bivalent BA.1, Pfizer/BioNTech, Pfizer/BioNTech Kids, Pfizer/BioNTech original + BA.1, Pfizer/BioNTech original + BA.4/5",6977362,6893853,4363181,794439,13871215
2023-02-08,"Johnson&Johnson, Moderna, Moderna bivalent BA.1, Pfizer/BioNTech, Pfizer/BioNTech Kids, Pfizer/BioNTech Mini, Pfizer/BioNTech original + BA.1, Pfizer/BioNTech original + BA.4/5",6977376,6893881,4363238,794671,13871257
2023-02-09,"Johnson&Johnson, Moderna bivalent BA.1, Pfizer/BioNTech, Pfizer/BioNTech Kids, Pfizer/BioNTech original + BA.1, Pfizer/BioNTech original + BA.4/5",6977395,6893904,4363306,794988,13871299
2023-02-10,"Johnson&Johnson, Moderna, Moderna bivalent BA.1, Pfizer/BioNTech, Pfizer/BioNTech Kids, Pfizer/BioNTech original + BA.1, Pfizer/BioNTech original + BA.4/5",6977428,6893955,4363409,795316,13871383
2023-02-11,"Pfizer/BioNTech, Pfizer/BioNTech original + BA.4/5",6977429,6893957,4363412,795324,13871386
2023-02-12,Pfizer/BioNTech original + BA.4/5,6977429,6893957,4363412,795326,13871386
2023-02-13,"Johnson&Johnson, Moderna, Moderna bivalent BA.1, Pfizer/BioNTech, Pfizer/BioNTech Kids, Pfizer/BioNTech original + BA.1, Pfizer/BioNTech original + BA.4/5",6977448,6894000,4363466,795490,13871448
2023-02-14,"Johnson&Johnson, Moderna bivalent BA.1, Pfizer/BioNTech, Pfizer/BioNTech Kids, Pfizer/BioNTech Mini, Pfizer/BioNTech original + BA.1, Pfizer/BioNTech original + BA.4/5",6977467,6894017,4363505,795644,13871484
2023-02-15,"Johnson&Johnson, Moderna, Moderna bivalent BA.1, Pfizer/BioNTech, Pfizer/BioNTech Kids, Pfizer/BioNTech Mini, Pfizer/BioNTech original + BA.4/5",6977483,6894037,4363560,795848,13871520
2023-02-16,"Johnson&Johnson, Moderna, Moderna bivalent BA.1, Pfizer/BioNTech, Pfizer/BioNTech Kids, Pfizer/BioNTech Mini, Pfizer/BioNTech original + BA.1, Pfizer/BioNTech original + BA.4/5",6977497,6894056,4363612,796077,13871553
2023-02-17,"Johnson&Johnson, Moderna, Moderna bivalent BA.1, Pfizer/BioNTech, Pfizer/BioNTech Kids, Pfizer/BioNTech original + BA.1, Pfizer/BioNTech original + BA.4/5",6977521,6894092,4363703,796448,13871613
2023-02-18,"Johnson&Johnson, Pfizer/BioNTech, Pfizer/BioNTech Kids, Pfizer/BioNTech original + BA.4/5",6977526,6894094,4363709,796453,13871620
2023-02-20,"Johnson&Johnson, Moderna, Pfizer/BioNTech, Pfizer/BioNTech Kids, Pfizer/BioNTech Mini, Pfizer/BioNTech original + BA.1, Pfizer/BioNTech original + BA.4/5",6977539,6894114,4363758,796558,13871653
2023-02-21,"Johnson&Johnson, Moderna, Moderna bivalent BA.1, Pfizer/BioNTech, Pfizer/BioNTech Kids, Pfizer/BioNTech original + BA.1, Pfizer/BioNTech original + BA.4/5",6977557,6894135,4363804,796708,13871692
2023-02-22,"Johnson&Johnson, Moderna, Moderna bivalent BA.1, Pfizer/BioNTech, Pfizer/BioNTech Kids, Pfizer/BioNTech original + BA.1, Pfizer/BioNTech original + BA.4/5",6977566,6894152,4363853,796873,13871718
2023-02-23,"Johnson&Johnson, Moderna, Moderna bivalent BA.1, Pfizer/BioNTech, Pfizer/BioNTech Kids, Pfizer/BioNTech Mini, Pfizer/BioNTech original + BA.1, Pfizer/BioNTech original + BA.4/5",6977579,6894176,4363925,797120,13871755
2023-02-24,"Johnson&Johnson, Moderna, Moderna bivalent BA.1, Pfizer/BioNTech, Pfizer/BioNTech Kids, Pfizer/BioNTech original + BA.1, Pfizer/BioNTech original + BA.4/5",6977609,6894210,4363994,797453,13871819
2023-02-25,"Moderna, Pfizer/BioNTech, Pfizer/BioNTech Kids, Pfizer/BioNTech original + BA.1, Pfizer/BioNTech original + BA.4/5",6977610,6894211,4364010,797490,13871821
2023-02-26,Pfizer/BioNTech original + BA.4/5,6977610,6894211,4364011,797490,13871821
2023-02-27,"Johnson&Johnson, Moderna, Moderna bivalent BA.1, Pfizer/BioNTech, Pfizer/BioNTech Kids, Pfizer/BioNTech Mini, Pfizer/BioNTech original + BA.1, Pfizer/BioNTech original + BA.4/5",6977628,6894231,4364053,797618,13871859
2023-02-28,"Johnson&Johnson, Moderna bivalent BA.1, Pfizer/BioNTech, Pfizer/BioNTech Kids, Pfizer/BioNTech Mini, Pfizer/BioNTech original + BA.1, Pfizer/BioNTech original + BA.4/5",6977647,6894267,4364084,797748,13871914
2023-03-01,"Johnson&Johnson, Moderna, Moderna bivalent BA.1, Pfizer/BioNTech, Pfizer/BioNTech Kids, Pfizer/BioNTech Mini, Pfizer/BioNTech original + BA.1, Pfizer/BioNTech original + BA.4/5, Čína",6977678,6894281,4364123,797837,13871959
2023-03-02,"Johnson&Johnson, Moderna, Moderna bivalent BA.1, Pfizer/BioNTech, Pfizer/BioNTech Kids, Pfizer/BioNTech original + BA.1, Pfizer/BioNTech original + BA.4/5",6977684,6894293,4364175,797954,13871977
2023-03-03,"Johnson&Johnson, Moderna, Moderna bivalent BA.1, Pfizer/BioNTech, Pfizer/BioNTech Kids, Pfizer/BioNTech original + BA.1, Pfizer/BioNTech original + BA.4/5",6977713,6894316,4364251,798165,13872029
2023-03-04,"Pfizer/BioNTech, Pfizer/BioNTech original + BA.4/5",6977714,6894317,4364255,798171,13872031
2023-03-05,Pfizer/BioNTech original + BA.4/5,6977714,6894317,4364256,798171,13872031
2023-03-06,"Johnson&Johnson, Moderna, Moderna bivalent BA.1, Pfizer/BioNTech, Pfizer/BioNTech Kids, Pfizer/BioNTech Mini, Pfizer/BioNTech original + BA.1, Pfizer/BioNTech original + BA.4/5",6977733,6894330,4364280,798275,13872063
2023-03-07,"Johnson&Johnson, Moderna, Moderna bivalent BA.1, Pfizer/BioNTech, Pfizer/BioNTech Kids, Pfizer/BioNTech original + BA.1, Pfizer/BioNTech original + BA.4/5",6977747,6894348,4364305,798391,13872095
2023-03-08,"Johnson&Johnson, Moderna bivalent BA.1, Pfizer/BioNTech, Pfizer/BioNTech Kids, Pfizer/BioNTech original + BA.1, Pfizer/BioNTech original + BA.4/5",6977768,6894359,4364327,798494,13872127
2023-03-09,"Johnson&Johnson, Moderna, Moderna bivalent BA.1, Pfizer/BioNTech, Pfizer/BioNTech Mini, Pfizer/BioNTech original + BA.1, Pfizer/BioNTech original + BA.4/5",6977786,6894372,4364368,798661,13872158
2023-03-10,"Johnson&Johnson, Moderna, Moderna bivalent BA.1, Pfizer/BioNTech, Pfizer/BioNTech Kids, Pfizer/BioNTech Mini, Pfizer/BioNTech original + BA.1, Pfizer/BioNTech original + BA.4/5",6977828,6894413,4364439,798903,13872241
2023-03-11,"Pfizer/BioNTech, Pfizer/BioNTech original + BA.4/5",6977828,6894415,4364439,798907,13872243
2023-03-12,Pfizer/BioNTech,6977830,6894415,4364439,799011,13872245
2023-03-13,"Johnson&Johnson, Moderna bivalent BA.1, Pfizer/BioNTech, Pfizer/BioNTech Kids, Pfizer/BioNTech original + BA.1, Pfizer/BioNTech original + BA.4/5",6977846,6894432,4364464,799076,13872278
2023-03-14,"Johnson&Johnson, Moderna, Moderna bivalent BA.1, Pfizer/BioNTech, Pfizer/BioNTech Kids, Pfizer/BioNTech Mini, Pfizer/BioNTech original + BA.1, Pfizer/BioNTech original + BA.4/5",6977858,6894446,4364492,799159,13872304
2023-03-15,"Johnson&Johnson, Moderna bivalent BA.1, Pfizer/BioNTech, Pfizer/BioNTech Kids, Pfizer/BioNTech Mini, Pfizer/BioNTech original + BA.1, Pfizer/BioNTech original + BA.4/5",6977874,6894458,4364552,799256,13872332
2023-03-16,"Johnson&Johnson, Moderna bivalent BA.1, Pfizer/BioNTech, Pfizer/BioNTech Kids, Pfizer/BioNTech original + BA.1, Pfizer/BioNTech original + BA.4/5",6977882,6894470,4364583,799364,13872352
2023-03-17,"Johnson&Johnson, Moderna, Moderna bivalent BA.1, Pfizer/BioNTech, Pfizer/BioNTech Kids, Pfizer/BioNTech Mini, Pfizer/BioNTech original + BA.1, Pfizer/BioNTech original + BA.4/5",6977892,6894488,4364631,799490,13872380
2023-03-18,"Johnson&Johnson, Pfizer/BioNTech, Pfizer/BioNTech Kids, Pfizer/BioNTech original + BA.4/5",6977894,6894490,4364631,799491,13872384
2023-03-20,"Johnson&Johnson, Moderna, Pfizer/BioNTech, Pfizer/BioNTech Kids, Pfizer/BioNTech original + BA.1, Pfizer/BioNTech original + BA.4/5",6977906,6894509,4364675,799593,13872415
2023-03-21,"Moderna bivalent BA.1, Pfizer/BioNTech, Pfizer/BioNTech original + BA.4/5",6977913,6894525,4364700,799648,13872438
2023-03-22,"Johnson&Johnson, Moderna bivalent BA.1, Pfizer/BioNTech, Pfizer/BioNTech Kids, Pfizer/BioNTech Mini, Pfizer/BioNTech original + BA.1, Pfizer/BioNTech original + BA.4/5",6977931,6894542,4364740,799707,13872473
2023-03-23,"Johnson&Johnson, Moderna, Moderna bivalent BA.1, Pfizer/BioNTech, Pfizer/BioNTech Kids, Pfizer/BioNTech original + BA.4/5",6977936,6894557,4364768,799773,13872493
2023-03-24,"Johnson&Johnson, Moderna, Moderna bivalent BA.1, Pfizer/BioNTech, Pfizer/BioNTech Kids, Pfizer/BioNTech original + BA.1, Pfizer/BioNTech original + BA.4/5",6977957,6894581,4364827,799858,13872538
2023-03-25,"Pfizer/BioNTech, Pfizer/BioNTech Kids, Pfizer/BioNTech original + BA.4/5",6977957,6894583,4364837,799871,13872540
2023-03-27,"Johnson&Johnson, Moderna bivalent BA.1, Pfizer/BioNTech, Pfizer/BioNTech Kids, Pfizer/BioNTech original + BA.1, Pfizer/BioNTech original + BA.4/5",6977969,6894599,4364864,799937,13872568
2023-03-28,"Johnson&Johnson, Moderna bivalent BA.1, Pfizer/BioNTech, Pfizer/BioNTech original + BA.1, Pfizer/BioNTech original + BA.4/5",6977982,6894609,4364884,799995,13872591
2023-03-29,"Moderna bivalent BA.1, Moderna bivalent BA.4-5, Pfizer/BioNTech, Pfizer/BioNTech Kids, Pfizer/BioNTech Mini, Pfizer/BioNTech original + BA.1, Pfizer/BioNTech original + BA.4/5",6977988,6894630,4364918,800041,13872618
2023-03-30,"Moderna bivalent BA.1, Pfizer/BioNTech, Pfizer/BioNTech original + BA.1, Pfizer/BioNTech original + BA.4/5",6977995,6894643,4364950,800154,13872638
2023-03-31,"Johnson&Johnson, Moderna, Moderna bivalent BA.1, Pfizer/BioNTech, Pfizer/BioNTech Kids, Pfizer/BioNTech Mini, Pfizer/BioNTech original + BA.1, Pfizer/BioNTech original + BA.4/5",6978037,6894687,4364995,800255,13872724
2023-04-01,"Pfizer/BioNTech, Pfizer/BioNTech Kids, Pfizer/BioNTech original + BA.4/5",6978037,6894690,4365001,800259,13872727
2023-04-02,"Moderna, Pfizer/BioNTech original + BA.1, Pfizer/BioNTech original + BA.4/5",6978038,6894692,4365002,800259,13872730
2023-04-03,"Moderna, Moderna bivalent BA.1, Pfizer/BioNTech, Pfizer/BioNTech original + BA.1, Pfizer/BioNTech original + BA.4/5",6978045,6894704,4365017,800285,13872749
2023-04-04,"Moderna, Moderna bivalent BA.1, Pfizer/BioNTech, Pfizer/BioNTech Kids, Pfizer/BioNTech original + BA.1, Pfizer/BioNTech original + BA.4/5",6978053,6894716,4365030,800313,13872769
2023-04-05,"Johnson&Johnson, Moderna bivalent BA.1, Pfizer/BioNTech, Pfizer/BioNTech Kids, Pfizer/BioNTech Mini, Pfizer/BioNTech original + BA.1, Pfizer/BioNTech original + BA.4/5",6978066,6894734,4365068,800372,13872800
2023-04-06,"Johnson&Johnson, Moderna, Moderna bivalent BA.1, Pfizer/BioNTech, Pfizer/BioNTech Kids, Pfizer/BioNTech original + BA.1, Pfizer/BioNTech original + BA.4/5",6978091,6894757,4365091,800433,13872848
2023-04-07,"Pfizer/BioNTech Kids, Pfizer/BioNTech original + BA.1",6978093,6894757,4365091,800433,13872850
2023-04-10,"Johnson&Johnson, Pfizer/BioNTech",6978094,6894758,4365091,800434,13872852
2023-04-11,"Johnson&Johnson, Moderna, Moderna bivalent BA.1, Pfizer/BioNTech, Pfizer/BioNTech Kids, Pfizer/BioNTech Mini, Pfizer/BioNTech original + BA.1, Pfizer/BioNTech original + BA.4/5",6978102,6894766,4365113,800453,13872868
2023-04-12,"Johnson&Johnson, Moderna bivalent BA.4-5, Pfizer/BioNTech, Pfizer/BioNTech Kids, Pfizer/BioNTech Mini, Pfizer/BioNTech original + BA.4/5",6978114,6894782,4365139,800488,13872896
2023-04-13,"Moderna bivalent BA.1, Pfizer/BioNTech, Pfizer/BioNTech original + BA.1, Pfizer/BioNTech original + BA.4/5",6978119,6894788,4365161,800521,13872907
2023-04-14,"Johnson&Johnson, Moderna, Moderna bivalent BA.1, Pfizer/BioNTech, Pfizer/BioNTech Kids, Pfizer/BioNTech original + BA.1, Pfizer/BioNTech original + BA.4/5",6978147,6894812,4365201,800569,13872959
2023-04-15,Pfizer/BioNTech original + BA.4/5,6978147,6894812,4365208,800570,13872959
2023-04-17,"Moderna, Moderna bivalent BA.1, Moderna bivalent BA.4-5, Pfizer/BioNTech, Pfizer/BioNTech original + BA.4/5",6978155,6894826,4365233,800596,13872981
2023-04-18,"Moderna bivalent BA.1, Pfizer/BioNTech, Pfizer/BioNTech Mini, Pfizer/BioNTech original + BA.1, Pfizer/BioNTech original + BA.4/5",6978165,6894835,4365257,800682,13873000
2023-04-19,"Johnson&Johnson, Moderna bivalent BA.1, Pfizer/BioNTech, Pfizer/BioNTech Kids, Pfizer/BioNTech Mini, Pfizer/BioNTech original + BA.4/5",6978175,6894849,4365295,800728,13873024
2023-04-20,"Johnson&Johnson, Moderna bivalent BA.1, Pfizer/BioNTech, Pfizer/BioNTech original + BA.1, Pfizer/BioNTech original + BA.4/5",6978186,6894860,4365317,800795,13873046
2023-04-21,"Johnson&Johnson, Moderna bivalent BA.1, Pfizer/BioNTech, Pfizer/BioNTech original + BA.1, Pfizer/BioNTech original + BA.4/5",6978218,6894889,4365354,800822,13873107
2023-04-22,"Pfizer/BioNTech, Pfizer/BioNTech Kids, Pfizer/BioNTech original + BA.4/5",6978218,6894890,4365360,800827,13873108
2023-04-24,"Johnson&Johnson, Moderna bivalent BA.1, Pfizer/BioNTech, Pfizer/BioNTech Kids, Pfizer/BioNTech original + BA.1, Pfizer/BioNTech original + BA.4/5",6978228,6894904,4365379,800866,13873132
2023-04-25,"Moderna bivalent BA.1, Pfizer/BioNTech, Pfizer/BioNTech Mini, Pfizer/BioNTech original + BA.1, Pfizer/BioNTech original + BA.4/5",6978230,6894916,4365401,800885,13873146
2023-04-26,"Moderna, Moderna bivalent BA.1, Moderna bivalent BA.4-5, Pfizer/BioNTech, Pfizer/BioNTech Kids, Pfizer/BioNTech Mini, Pfizer/BioNTech original + BA.1, Pfizer/BioNTech original + BA.4/5",6978238,6894928,4365431,800920,13873166
2023-04-27,"Johnson&Johnson, Moderna, Moderna bivalent BA.1, Pfizer/BioNTech, Pfizer/BioNTech original + BA.1, Pfizer/BioNTech original + BA.4/5",6978249,6894942,4365446,800934,13873191
2023-04-28,"Johnson&Johnson, Moderna, Moderna bivalent BA.1, Pfizer/BioNTech, Pfizer/BioNTech Kids, Pfizer/BioNTech original + BA.1, Pfizer/BioNTech original + BA.4/5",6978266,6894969,4365468,800983,13873235
2023-04-30,"Moderna, Pfizer/BioNTech original + BA.1, Pfizer/BioNTech original + BA.4/5",6978266,6894973,4365469,800983,13873239
2023-05-02,"Moderna, Moderna bivalent BA.1, Pfizer/BioNTech, Pfizer/BioNTech original + BA.1, Pfizer/BioNTech original + BA.4/5",6978269,6894979,4365487,800998,13873248
2023-05-03,"Johnson&Johnson, Moderna, Pfizer/BioNTech, Pfizer/BioNTech Kids, Pfizer/BioNTech original + BA.1, Pfizer/BioNTech original + BA.4/5",6978279,6894989,4365513,801025,13873268
2023-05-04,"Johnson&Johnson, Moderna, Moderna bivalent BA.1, Pfizer/BioNTech, Pfizer/BioNTech original + BA.1, Pfizer/BioNTech original + BA.4/5",6978286,6895003,4365536,801061,13873289
2023-05-05,"Johnson&Johnson, Moderna bivalent BA.1, Pfizer/BioNTech, Pfizer/BioNTech Kids, Pfizer/BioNTech original + BA.4/5",6978297,6895018,4365554,801091,13873315
2023-05-06,Pfizer/BioNTech,6978299,6895018,4365554,801091,13873317
2023-05-08,Pfizer/BioNTech original + BA.4/5,6978301,6895018,4365555,801091,13873319
2023-05-09,"Johnson&Johnson, Pfizer/BioNTech, Pfizer/BioNTech Kids, Pfizer/BioNTech original + BA.4/5",6978307,6895023,4365563,801105,13873330
2023-05-10,"Johnson&Johnson, Pfizer/BioNTech, Pfizer/BioNTech Kids, Pfizer/BioNTech Mini, Pfizer/BioNTech original + BA.1, Pfizer/BioNTech original + BA.4/5",6978319,6895030,4365579,801131,13873349
2023-05-11,"Johnson&Johnson, Pfizer/BioNTech, Pfizer/BioNTech original + BA.1, Pfizer/BioNTech original + BA.4/5",6978325,6895036,4365587,801147,13873361
2023-05-12,"Johnson&Johnson, Moderna bivalent BA.4-5, Pfizer/BioNTech, Pfizer/BioNTech original + BA.4/5",6978336,6895055,4365597,801162,13873391
2023-05-13,Pfizer/BioNTech original + BA.4/5,6978336,6895055,4365598,801164,13873391
2023-05-15,"Pfizer/BioNTech, Pfizer/BioNTech original + BA.1, Pfizer/BioNTech original + BA.4/5",6978338,6895059,4365608,801180,13873397
2023-05-16,"Moderna bivalent BA.1, Pfizer/BioNTech, Pfizer/BioNTech Mini, Pfizer/BioNTech original + BA.1, Pfizer/BioNTech original + BA.4/5",6978342,6895063,4365613,801192,13873405
2023-05-17,"Moderna, Pfizer/BioNTech, Pfizer/BioNTech Kids, Pfizer/BioNTech Mini, Pfizer/BioNTech original + BA.4/5",6978348,6895071,4365629,801208,13873419
2023-05-18,"Johnson&Johnson, Moderna bivalent BA.1, Pfizer/BioNTech, Pfizer/BioNTech original + BA.4/5",6978353,6895080,4365638,801222,13873433
2023-05-19,"Moderna bivalent BA.1, Pfizer/BioNTech, Pfizer/BioNTech Kids, Pfizer/BioNTech original + BA.4/5",6978355,6895085,4365647,801251,13873440
2023-05-20,"Pfizer/BioNTech, Pfizer/BioNTech Kids, Pfizer/BioNTech original + BA.4/5",6978356,6895085,4365650,801251,13873441
2023-05-22,"Pfizer/BioNTech, Pfizer/BioNTech original + BA.4/5",6978356,6895085,4365652,801260,13873441
2023-05-23,"Moderna bivalent BA.1, Pfizer/BioNTech, Pfizer/BioNTech original + BA.4/5",6978357,6895089,4365656,801267,13873446
2023-05-24,"Pfizer/BioNTech, Pfizer/BioNTech Kids, Pfizer/BioNTech Mini, Pfizer/BioNTech original + BA.4/5",6978360,6895095,4365659,801273,13873455
2023-05-25,"Johnson&Johnson, Moderna bivalent BA.1, Pfizer/BioNTech, Pfizer/BioNTech Mini, Pfizer/BioNTech original + BA.4/5",6978366,6895104,4365664,801285,13873470
2023-05-26,"Moderna bivalent BA.1, Pfizer/BioNTech, Pfizer/BioNTech original + BA.1, Pfizer/BioNTech original + BA.4/5",6978373,6895109,4365688,801305,13873482
2023-05-27,Pfizer/BioNTech original + BA.4/5,6978373,6895109,4365688,801306,13873482
2023-05-28,Pfizer/BioNTech original + BA.1,6978374,6895109,4365688,801306,13873483
2023-05-29,"Pfizer/BioNTech, Pfizer/BioNTech original + BA.4/5",6978375,6895112,4365690,801313,13873487
2023-05-30,"Pfizer/BioNTech, Pfizer/BioNTech Kids, Pfizer/BioNTech original + BA.4/5",6978380,6895116,4365697,801323,13873496
2023-05-31,"Pfizer/BioNTech, Pfizer/BioNTech Kids, Pfizer/BioNTech Mini, Pfizer/BioNTech original + BA.1, Pfizer/BioNTech original + BA.4/5",6978388,6895121,4365713,801339,13873509
2023-06-01,"Moderna bivalent BA.1, Pfizer/BioNTech, Pfizer/BioNTech original + BA.1, Pfizer/BioNTech original + BA.4/5",6978390,6895124,4365722,801345,13873514
2023-06-02,"Pfizer/BioNTech, Pfizer/BioNTech Kids, Pfizer/BioNTech original + BA.4/5",6978393,6895130,4365729,801356,13873523
2023-06-03,Pfizer/BioNTech original + BA.4/5,6978393,6895130,4365729,801358,13873523
2023-06-05,"Moderna bivalent BA.1, Pfizer/BioNTech, Pfizer/BioNTech original + BA.4/5",6978394,6895131,4365741,801365,13873525
2023-06-06,"Pfizer/BioNTech, Pfizer/BioNTech original + BA.1, Pfizer/BioNTech original + BA.4/5",6978395,6895131,4365743,801369,13873526
2023-06-07,"Moderna bivalent BA.1, Pfizer/BioNTech, Pfizer/BioNTech Kids, Pfizer/BioNTech Mini, Pfizer/BioNTech original + BA.1, Pfizer/BioNTech original + BA.4/5",6978396,6895138,4365753,801400,13873534
2023-06-08,"Johnson&Johnson, Moderna bivalent BA.1, Pfizer/BioNTech, Pfizer/BioNTech original + BA.4/5",6978399,6895139,4365759,801411,13873538
2023-06-09,"Johnson&Johnson, Moderna bivalent BA.4-5, Pfizer/BioNTech, Pfizer/BioNTech original + BA.1, Pfizer/BioNTech original + BA.4/5",6978403,6895144,4365762,801426,13873547
2023-06-10,"Pfizer/BioNTech, Pfizer/BioNTech Kids, Pfizer/BioNTech original + BA.4/5",6978405,6895145,4365763,801426,13873550
2023-06-12,"Moderna bivalent BA.4-5, Pfizer/BioNTech, Pfizer/BioNTech original + BA.4/5",6978406,6895148,4365769,801433,13873554
2023-06-13,"Moderna, Pfizer/BioNTech, Pfizer/BioNTech original + BA.4/5",6978407,6895155,4365770,801436,13873562
2023-06-14,"Pfizer/BioNTech, Pfizer/BioNTech Mini, Pfizer/BioNTech original + BA.4/5",6978410,6895160,4365778,801483,13873570
2023-06-15,"Pfizer/BioNTech, Pfizer/BioNTech original + BA.4/5",6978411,6895161,4365780,801489,13873572
2023-06-16,"Johnson&Johnson, Moderna bivalent BA.1, Pfizer/BioNTech, Pfizer/BioNTech original + BA.4/5",6978413,6895166,4365780,801492,13873579
2023-06-17,Pfizer/BioNTech original + BA.4/5,6978413,6895166,4365780,801493,13873579
2023-06-19,"Johnson&Johnson, Moderna bivalent BA.1, Pfizer/BioNTech, Pfizer/BioNTech original + BA.1, Pfizer/BioNTech original + BA.4/5",6978415,6895169,4365796,801503,13873584
2023-06-20,"Pfizer/BioNTech, Pfizer/BioNTech original + BA.1, Pfizer/BioNTech original + BA.4/5",6978416,6895171,4365800,801504,13873587
2023-06-21,"Moderna bivalent BA.4-5, Pfizer/BioNTech, Pfizer/BioNTech Kids, Pfizer/BioNTech Mini, Pfizer/BioNTech original + BA.4/5",6978417,6895175,4365805,801508,13873592
2023-06-22,"Moderna bivalent BA.1, Pfizer/BioNTech, Pfizer/BioNTech original + BA.4/5",6978418,6895178,4365809,801511,13873596
2023-06-23,"Pfizer/BioNTech, Pfizer/BioNTech original + BA.4/5",6978419,6895180,4365811,801519,13873599
2023-06-26,"Moderna, Pfizer/BioNTech, Pfizer/BioNTech Kids, Pfizer/BioNTech Mini, Pfizer/BioNTech original + BA.4/5",6978422,6895184,4365814,801526,13873606
2023-06-27,Pfizer/BioNTech original + BA.4/5,6978423,6895184,4365818,801526,13873607
2023-06-28,"Moderna bivalent BA.1, Moderna bivalent BA.4-5, Pfizer/BioNTech, Pfizer/BioNTech Kids, Pfizer/BioNTech Mini, Pfizer/BioNTech original + BA.4/5",6978427,6895186,4365823,801538,13873613
2023-06-29,"Moderna bivalent BA.1, Pfizer/BioNTech, Pfizer/BioNTech original + BA.4/5",6978427,6895188,4365828,801544,13873615
2023-06-30,"Johnson&Johnson, Pfizer/BioNTech, Pfizer/BioNTech original + BA.4/5",6978429,6895192,4365830,801549,13873621
2023-07-02,Pfizer/BioNTech,6978429,6895193,4365830,801549,13873622
2023-07-03,"Moderna bivalent BA.1, Pfizer/BioNTech, Pfizer/BioNTech original + BA.4/5",6978429,6895195,4365832,801553,13873624
2023-07-04,Pfizer/BioNTech original + BA.4/5,6978430,6895195,4365834,801554,13873625
2023-07-05,Pfizer/BioNTech,6978430,6895195,4365834,801555,13873625
2023-07-06,Pfizer/BioNTech original + BA.1,6978430,6895196,4365834,801555,13873626
2023-07-10,"Pfizer/BioNTech, Pfizer/BioNTech original + BA.4/5",6978430,6895198,4365835,801556,13873628
2023-07-11,"Johnson&Johnson, Pfizer/BioNTech original + BA.4/5",6978431,6895199,4365836,801559,13873630
2023-07-12,"Pfizer/BioNTech Kids, Pfizer/BioNTech original + BA.4/5",6978433,6895200,4365841,801563,13873633
2023-07-13,"Moderna, Pfizer/BioNTech original + BA.4/5",6978433,6895201,4365843,801569,13873634
2023-07-14,"Moderna bivalent BA.4-5, Pfizer/BioNTech, Pfizer/BioNTech original + BA.4/5",6978434,6895203,4365846,801572,13873637
2023-07-17,"Pfizer/BioNTech Kids, Pfizer/BioNTech original + BA.4/5",6978435,6895204,4365850,801575,13873639
2023-07-18,Pfizer/BioNTech original + BA.4/5,6978435,6895204,4365851,801578,13873639
2023-07-19,"Pfizer/BioNTech Kids, Pfizer/BioNTech Mini, Pfizer/BioNTech original + BA.4/5",6978437,6895207,4365854,801586,13873644
2023-07-20,"Johnson&Johnson, Pfizer/BioNTech original + BA.4/5",6978438,6895209,4365855,801591,13873647
2023-07-21,Pfizer/BioNTech original + BA.4/5,6978438,6895210,4365856,801595,13873648
2023-07-24,"Pfizer/BioNTech, Pfizer/BioNTech Kids, Pfizer/BioNTech original + BA.4/5",6978438,6895211,4365858,801599,13873649
2023-07-25,Pfizer/BioNTech original + BA.4/5,6978438,6895211,4365860,801600,13873649
2023-07-26,"Pfizer/BioNTech, Pfizer/BioNTech Mini, Pfizer/BioNTech original + BA.4/5",6978439,6895211,4365868,801605,13873650
2023-07-27,"Moderna, Pfizer/BioNTech, Pfizer/BioNTech original + BA.4/5",6978440,6895213,4365868,801608,13873653
2023-07-28,"Johnson&Johnson, Pfizer/BioNTech original + BA.4/5",6978441,6895214,4365869,801610,13873655
2023-07-31,Pfizer/BioNTech original + BA.4/5,6978442,6895214,4365870,801616,13873656
2023-08-01,"Johnson&Johnson, Moderna bivalent BA.1, Pfizer/BioNTech, Pfizer/BioNTech original + BA.4/5",6978445,6895215,4365873,801617,13873660
2023-08-02,"Johnson&Johnson, Pfizer/BioNTech original + BA.4/5",6978446,6895216,4365873,801624,13873662
2023-08-03,Pfizer/BioNTech original + BA.4/5,6978448,6895217,4365876,801626,13873665
2023-08-04,Pfizer/BioNTech original + BA.4/5,6978449,6895217,4365877,801629,13873666
2023-08-05,Pfizer/BioNTech,6978449,6895217,4365878,801629,13873666
2023-08-07,Pfizer/BioNTech original + BA.4/5,6978449,6895217,4365878,801631,13873666
2023-08-08,"Pfizer/BioNTech Mini, Pfizer/BioNTech original + BA.4/5",6978449,6895218,4365879,801632,13873667
2023-08-09,"Pfizer/BioNTech, Pfizer/BioNTech original + BA.1, Pfizer/BioNTech original + BA.4/5",6978450,6895218,4365881,801639,13873668
2023-08-10,Pfizer/BioNTech original + BA.4/5,6978453,6895218,4365883,801641,13873671
2023-08-11,"Pfizer/BioNTech Kids, Pfizer/BioNTech Mini, Pfizer/BioNTech original + BA.4/5",6978453,6895218,4365886,801644,13873671
2023-08-14,"Pfizer/BioNTech original + BA.1, Pfizer/BioNTech original + BA.4/5",6978453,6895218,4365888,801649,13873671
2023-08-15,"Johnson&Johnson, Pfizer/BioNTech original + BA.4/5",6978454,6895219,4365888,801651,13873673
2023-08-16,"Moderna bivalent BA.1, Pfizer/BioNTech original + BA.4/5",6978454,6895219,4365889,801657,13873673
2023-08-17,"Pfizer/BioNTech, Pfizer/BioNTech original + BA.4/5",6978454,6895220,4365891,801662,13873674
2023-08-18,"Pfizer/BioNTech, Pfizer/BioNTech Kids, Pfizer/BioNTech original + BA.4/5",6978454,6895221,4365893,801668,13873675
2023-08-21,"Moderna bivalent BA.1, Pfizer/BioNTech Kids, Pfizer/BioNTech original + BA.1, Pfizer/BioNTech original + BA.4/5",6978456,6895223,4365896,801673,13873679
2023-08-22,"Pfizer/BioNTech, Pfizer/BioNTech original + BA.4/5",6978457,6895224,4365896,801676,13873681
2023-08-23,"Johnson&Johnson, Pfizer/BioNTech original + BA.4/5",6978458,6895225,4365896,801677,13873683
2023-08-24,"Pfizer/BioNTech original + BA.1, Pfizer/BioNTech original + BA.4/5",6978458,6895225,4365922,801687,13873683
2023-08-25,"Moderna bivalent BA.4-5, Pfizer/BioNTech original + BA.1, Pfizer/BioNTech original + BA.4/5",6978458,6895225,4365924,801690,13873683
2023-08-28,"Pfizer/BioNTech, Pfizer/BioNTech Kids, Pfizer/BioNTech original + BA.4/5",6978459,6895226,4365926,801702,13873685
2023-08-29,"Pfizer/BioNTech, Pfizer/BioNTech original + BA.4/5",6978460,6895226,4365929,801709,13873686
2023-08-30,"Pfizer/BioNTech Kids, Pfizer/BioNTech Mini, Pfizer/BioNTech original + BA.4/5",6978462,6895228,4365935,801723,13873690
2023-08-31,"Moderna bivalent BA.4-5, Pfizer/BioNTech, Pfizer/BioNTech original + BA.1, Pfizer/BioNTech original + BA.4/5",6978464,6895228,4365941,801728,13873692
2023-09-01,"Moderna bivalent BA.4-5, Pfizer/BioNTech original + BA.4/5",6978466,6895228,4365942,801731,13873694
2023-09-04,"Pfizer/BioNTech, Pfizer/BioNTech original + BA.4/5",6978467,6895228,4365944,801739,13873695
2023-09-05,Pfizer/BioNTech original + BA.4/5,6978467,6895230,4365944,801744,13873697
2023-09-06,"Pfizer/BioNTech, Pfizer/BioNTech Mini, Pfizer/BioNTech original + BA.1, Pfizer/BioNTech original + BA.4/5",6978469,6895230,4365950,801759,13873699
2023-09-07,Pfizer/BioNTech original + BA.4/5,6978470,6895230,4365952,801768,13873700
2023-09-08,"Moderna bivalent BA.1, Pfizer/BioNTech original + BA.4/5",6978470,6895230,4365954,801784,13873700
2023-09-10,Pfizer/BioNTech,6978470,6895230,4365954,801784,13873700
2023-09-11,"Pfizer/BioNTech Mini, Pfizer/BioNTech original + BA.4/5",6978470,6895230,4365956,801795,13873700
2023-09-12,"Moderna bivalent BA.1, Pfizer/BioNTech, Pfizer/BioNTech original + BA.4/5",6978471,6895230,4365959,801801,13873701
2023-09-13,"Moderna bivalent BA.4-5, Pfizer/BioNTech, Pfizer/BioNTech Mini, Pfizer/BioNTech original + BA.1, Pfizer/BioNTech original + BA.4/5",6978474,6895230,4365961,801825,13873704
2023-09-14,"Moderna bivalent BA.1, Pfizer/BioNTech, Pfizer/BioNTech XBB.1.5, Pfizer/BioNTech original + BA.1, Pfizer/BioNTech original + BA.4/5",6978476,6895231,4365969,801863,13873707
2023-09-15,"Moderna bivalent BA.4-5, Pfizer/BioNTech XBB.1.5, Pfizer/BioNTech original + BA.4/5",6978477,6895231,4365974,801888,13873708
2023-09-16,Pfizer/BioNTech original + BA.4/5,6978477,6895231,4365974,801888,13873708
2023-09-18,"Pfizer/BioNTech, Pfizer/BioNTech Kids, Pfizer/BioNTech XBB.1.5, Pfizer/BioNTech original + BA.4/5",6978478,6895232,4365981,801922,13873710
2023-09-19,"Pfizer/BioNTech, Pfizer/BioNTech XBB.1.5, Pfizer/BioNTech original + BA.1, Pfizer/BioNTech original + BA.4/5",6978481,6895232,4365986,801969,13873713
2023-09-20,"Moderna bivalent BA.1, Pfizer/BioNTech, Pfizer/BioNTech Kids, Pfizer/BioNTech Kids XBB.1.5, Pfizer/BioNTech Mini, Pfizer/BioNTech XBB.1.5, Pfizer/BioNTech original + BA.1, Pfizer/BioNTech original + BA.4/5",6978486,6895235,4365998,802124,13873721
2023-09-21,"Pfizer/BioNTech, Pfizer/BioNTech Kids XBB.1.5, Pfizer/BioNTech XBB.1.5, Pfizer/BioNTech original + BA.1, Pfizer/BioNTech original + BA.4/5",6978493,6895237,4366031,802367,13873730
2023-09-22,"Moderna, Moderna bivalent BA.4-5, Pfizer/BioNTech, Pfizer/BioNTech Kids, Pfizer/BioNTech Kids XBB.1.5, Pfizer/BioNTech XBB.1.5, Pfizer/BioNTech original + BA.1, Pfizer/BioNTech original + BA.4/5",6978506,6895240,4366050,802689,13873746
2023-09-23,Pfizer/BioNTech XBB.1.5,6978506,6895240,4366050,802699,13873746
2023-09-24,Pfizer/BioNTech XBB.1.5,6978506,6895240,4366050,802699,13873746
2023-09-25,"Johnson&Johnson, Moderna, Moderna bivalent BA.4-5, Pfizer/BioNTech, Pfizer/BioNTech Kids XBB.1.5, Pfizer/BioNTech XBB.1.5, Pfizer/BioNTech original + BA.1, Pfizer/BioNTech original + BA.4/5",6978512,6895241,4366068,802950,13873753
2023-09-26,"Moderna bivalent BA.1, Pfizer/BioNTech, Pfizer/BioNTech Kids XBB.1.5, Pfizer/BioNTech XBB.1.5, Pfizer/BioNTech original + BA.1, Pfizer/BioNTech original + BA.4/5",6978538,6895241,4366104,803439,13873779
2023-09-27,"Moderna, Moderna bivalent BA.1, Pfizer/BioNTech, Pfizer/BioNTech Kids, Pfizer/BioNTech Kids XBB.1.5, Pfizer/BioNTech Mini, Pfizer/BioNTech XBB.1.5, Pfizer/BioNTech original + BA.1, Pfizer/BioNTech original + BA.4/5",6978556,6895243,4366159,803940,13873799
2023-09-28,"Pfizer/BioNTech, Pfizer/BioNTech XBB.1.5",6978556,6895243,4366161,803958,13873799
2023-09-29,"Moderna, Moderna bivalent BA.4-5, Pfizer/BioNTech, Pfizer/BioNTech Kids, Pfizer/BioNTech Kids XBB.1.5, Pfizer/BioNTech XBB.1.5, Pfizer/BioNTech original + BA.1, Pfizer/BioNTech original + BA.4/5",6978569,6895244,4366196,804279,13873813
2023-09-30,"Pfizer/BioNTech, Pfizer/BioNTech XBB.1.5",6978569,6895244,4366198,804287,13873813
2023-10-01,"Pfizer/BioNTech, Pfizer/BioNTech XBB.1.5",6978569,6895244,4366199,804292,13873813
2023-10-02,"Moderna bivalent BA.1, Moderna bivalent BA.4-5, Pfizer/BioNTech, Pfizer/BioNTech Kids XBB.1.5, Pfizer/BioNTech XBB.1.5, Pfizer/BioNTech original + BA.1, Pfizer/BioNTech original + BA.4/5",6978580,6895244,4366236,804859,13873824
2023-10-03,"Moderna bivalent BA.1, Pfizer/BioNTech, Pfizer/BioNTech Kids XBB.1.5, Pfizer/BioNTech XBB.1.5, Pfizer/BioNTech original + BA.1, Pfizer/BioNTech original + BA.4/5",6978601,6895246,4366302,805730,13873847
2023-10-04,"Moderna, Moderna bivalent BA.1, Moderna bivalent BA.4-5, Pfizer/BioNTech, Pfizer/BioNTech Kids XBB.1.5, Pfizer/BioNTech Mini, Pfizer/BioNTech XBB.1.5, Pfizer/BioNTech original + BA.1, Pfizer/BioNTech original + BA.4/5",6978640,6895248,4366392,806770,13873888
2023-10-05,"Moderna, Moderna bivalent BA.1, Moderna bivalent BA.4-5, Pfizer/BioNTech, Pfizer/BioNTech Kids XBB.1.5, Pfizer/BioNTech XBB.1.5, Pfizer/BioNTech original + BA.1, Pfizer/BioNTech original + BA.4/5",6978686,6895250,4366518,808020,13873936
2023-10-06,"Moderna, Moderna bivalent BA.1, Moderna bivalent BA.4-5, Pfizer/BioNTech, Pfizer/BioNTech Kids XBB.1.5, Pfizer/BioNTech Mini, Pfizer/BioNTech XBB.1.5, Pfizer/BioNTech original + BA.1, Pfizer/BioNTech original + BA.4/5",6978708,6895252,4366588,809173,13873960
2023-10-07,Pfizer/BioNTech XBB.1.5,6978709,6895252,4366588,809178,13873961
2023-10-08,"Pfizer/BioNTech Kids XBB.1.5, Pfizer/BioNTech XBB.1.5",6978709,6895252,4366589,809184,13873961
2023-10-09,"Moderna, Moderna bivalent BA.1, Moderna bivalent BA.4-5, Pfizer/BioNTech, Pfizer/BioNTech Kids XBB.1.5, Pfizer/BioNTech XBB.1.5, Pfizer/BioNTech original + BA.1, Pfizer/BioNTech original + BA.4/5",6978738,6895252,4366670,810437,13873990
2023-10-10,"Moderna bivalent BA.1, Moderna bivalent BA.4-5, Pfizer/BioNTech, Pfizer/BioNTech Kids, Pfizer/BioNTech Kids XBB.1.5, Pfizer/BioNTech Mini, Pfizer/BioNTech XBB.1.5, Pfizer/BioNTech original + BA.1, Pfizer/BioNTech original + BA.4/5",6978777,6895254,4366792,812109,13874031
2023-10-11,"Moderna, Moderna bivalent BA.1, Moderna bivalent BA.4-5, Pfizer/BioNTech, Pfizer/BioNTech Kids XBB.1.5, Pfizer/BioNTech Mini, Pfizer/BioNTech XBB.1.5, Pfizer/BioNTech original + BA.1, Pfizer/BioNTech original + BA.4/5",6978819,6895255,4366932,813981,13874074
2023-10-12,"Moderna, Moderna bivalent BA.1, Moderna bivalent BA.4-5, Pfizer/BioNTech, Pfizer/BioNTech Kids XBB.1.5, Pfizer/BioNTech XBB.1.5, Pfizer/BioNTech original + BA.1, Pfizer/BioNTech original + BA.4/5",6978857,6895257,4367044,815820,13874114
2023-10-13,"Moderna, Moderna bivalent BA.4-5, Pfizer/BioNTech, Pfizer/BioNTech Kids XBB.1.5, Pfizer/BioNTech XBB.1.5, Pfizer/BioNTech original + BA.1, Pfizer/BioNTech original + BA.4/5",6978887,6895261,4367151,817347,13874148
2023-10-14,"Pfizer/BioNTech, Pfizer/BioNTech XBB.1.5",6978887,6895261,4367152,817371,13874148
2023-10-15,"Pfizer/BioNTech, Pfizer/BioNTech XBB.1.5",6978887,6895261,4367152,817383,13874148
2023-10-16,"Moderna, Moderna bivalent BA.4-5, Pfizer/BioNTech, Pfizer/BioNTech Kids XBB.1.5, Pfizer/BioNTech Mini, Pfizer/BioNTech XBB.1.5, Pfizer/BioNTech original + BA.1, Pfizer/BioNTech original + BA.4/5",6978927,6895261,4367257,818924,13874188
2023-10-17,"Moderna, Moderna bivalent BA.4-5, Pfizer/BioNTech, Pfizer/BioNTech Kids XBB.1.5, Pfizer/BioNTech XBB.1.5, Pfizer/BioNTech original + BA.1, Pfizer/BioNTech original + BA.4/5",6978964,6895264,4367381,820880,13874228
2023-10-18,"Moderna, Moderna bivalent BA.1, Moderna bivalent BA.4-5, Pfizer/BioNTech, Pfizer/BioNTech Kids XBB.1.5, Pfizer/BioNTech Mini, Pfizer/BioNTech XBB.1.5, Pfizer/BioNTech original + BA.1, Pfizer/BioNTech original + BA.4/5",6979030,6895267,4367558,823147,13874297
2023-10-19,"Moderna, Moderna bivalent BA.1, Pfizer/BioNTech, Pfizer/BioNTech Kids XBB.1.5, Pfizer/BioNTech XBB.1.5, Pfizer/BioNTech original + BA.1, Pfizer/BioNTech original + BA.4/5",6979086,6895273,4367702,825324,13874359
2023-10-20,"Moderna, Moderna bivalent BA.4-5, Pfizer/BioNTech, Pfizer/BioNTech Kids XBB.1.5, Pfizer/BioNTech XBB.1.5, Pfizer/BioNTech original + BA.1, Pfizer/BioNTech original + BA.4/5",6979126,6895276,4367835,827237,13874402
2023-10-21,"Pfizer/BioNTech Kids XBB.1.5, Pfizer/BioNTech XBB.1.5",6979126,6895276,4367836,827274,13874402
2023-10-22,"Pfizer/BioNTech Kids XBB.1.5, Pfizer/BioNTech XBB.1.5",6979126,6895276,4367836,827283,13874402
2023-10-23,"Moderna, Moderna bivalent BA.1, Moderna bivalent BA.4-5, Pfizer/BioNTech, Pfizer/BioNTech Kids, Pfizer/BioNTech Kids XBB.1.5, Pfizer/BioNTech XBB.1.5, Pfizer/BioNTech original + BA.1, Pfizer/BioNTech original + BA.4/5",6979156,6895278,4367955,829025,13874434
2023-10-24,"Moderna, Moderna bivalent BA.4-5, Pfizer/BioNTech, Pfizer/BioNTech Kids XBB.1.5, Pfizer/BioNTech XBB.1.5, Pfizer/BioNTech original + BA.1, Pfizer/BioNTech original + BA.4/5",6979221,6895286,4368101,831201,13874507
2023-10-25,"Moderna bivalent BA.1, Pfizer/BioNTech, Pfizer/BioNTech Kids XBB.1.5, Pfizer/BioNTech XBB.1.5, Pfizer/BioNTech original + BA.1, Pfizer/BioNTech original + BA.4/5",6979270,6895288,4368267,833589,13874558
2023-10-26,"Johnson&Johnson, Moderna bivalent BA.1, Pfizer/BioNTech, Pfizer/BioNTech Kids, Pfizer/BioNTech Kids XBB.1.5, Pfizer/BioNTech XBB.1.5, Pfizer/BioNTech original + BA.1, Pfizer/BioNTech original + BA.4/5",6979336,6895294,4368424,835879,13874630
2023-10-27,"Pfizer/BioNTech, Pfizer/BioNTech Kids, Pfizer/BioNTech Kids XBB.1.5, Pfizer/BioNTech XBB.1.5, Pfizer/BioNTech original + BA.1, Pfizer/BioNTech original + BA.4/5",6979372,6895296,4368543,837526,13874668
2023-10-28,"Pfizer/BioNTech, Pfizer/BioNTech XBB.1.5, Pfizer/BioNTech original + BA.4/5",6979374,6895296,4368548,837561,13874670
2023-10-29,"Pfizer/BioNTech, Pfizer/BioNTech XBB.1.5",6979374,6895296,4368548,837570,13874670
2023-10-30,"Moderna bivalent BA.1, Moderna bivalent BA.4-5, Pfizer/BioNTech, Pfizer/BioNTech Kids, Pfizer/BioNTech Kids XBB.1.5, Pfizer/BioNTech XBB.1.5, Pfizer/BioNTech original + BA.1, Pfizer/BioNTech original + BA.4/5",6979427,6895298,4368649,838971,13874725
2023-10-31,"Moderna, Moderna bivalent BA.4-5, Pfizer/BioNTech, Pfizer/BioNTech Kids, Pfizer/BioNTech Kids XBB.1.5, Pfizer/BioNTech XBB.1.5, Pfizer/BioNTech original + BA.1, Pfizer/BioNTech original + BA.4/5",6979461,6895303,4368789,840960,13874764
2023-11-01,"Moderna, Pfizer/BioNTech, Pfizer/BioNTech Kids XBB.1.5, Pfizer/BioNTech Mini, Pfizer/BioNTech XBB.1.5, Pfizer/BioNTech original + BA.1, Pfizer/BioNTech original + BA.4/5",6979509,6895311,4368950,843137,13874820
2023-11-02,"Moderna, Pfizer/BioNTech, Pfizer/BioNTech Kids XBB.1.5, Pfizer/BioNTech XBB.1.5, Pfizer/BioNTech original + BA.1, Pfizer/BioNTech original + BA.4/5",6979545,6895315,4369095,845509,13874860
2023-11-03,"Moderna, Moderna bivalent BA.1, Pfizer/BioNTech, Pfizer/BioNTech Kids XBB.1.5, Pfizer/BioNTech XBB.1.5, Pfizer/BioNTech original + BA.1, Pfizer/BioNTech original + BA.4/5",6979589,6895317,4369217,847440,13874906
2023-11-04,"Pfizer/BioNTech, Pfizer/BioNTech Kids XBB.1.5, Pfizer/BioNTech XBB.1.5",6979589,6895317,4369222,847511,13874906
2023-11-05,Pfizer/BioNTech XBB.1.5,6979590,6895317,4369223,847513,13874907
2023-11-06,"Moderna bivalent BA.1, Moderna bivalent BA.4-5, Pfizer/BioNTech, Pfizer/BioNTech Kids XBB.1.5, Pfizer/BioNTech XBB.1.5, Pfizer/BioNTech original + BA.1, Pfizer/BioNTech original + BA.4/5",6979628,6895322,4369322,848987,13874950
2023-11-07,"Moderna, Moderna bivalent BA.1, Moderna bivalent BA.4-5, Pfizer/BioNTech, Pfizer/BioNTech Kids XBB.1.5, Pfizer/BioNTech XBB.1.5, Pfizer/BioNTech original + BA.1, Pfizer/BioNTech original + BA.4/5",6979665,6895330,4369450,850948,13874995
2023-11-08,"Moderna, Moderna bivalent BA.4-5, Pfizer/BioNTech, Pfizer/BioNTech Kids XBB.1.5, Pfizer/BioNTech Mini, Pfizer/BioNTech XBB.1.5, Pfizer/BioNTech original + BA.1, Pfizer/BioNTech original + BA.4/5",6979706,6895332,4369574,852690,13875038
2023-11-09,"Moderna, Moderna bivalent BA.1, Moderna bivalent BA.4-5, Pfizer/BioNTech, Pfizer/BioNTech Kids XBB.1.5, Pfizer/BioNTech Mini, Pfizer/BioNTech XBB.1.5, Pfizer/BioNTech original + BA.1, Pfizer/BioNTech original + BA.4/5",6979741,6895336,4369678,854324,13875077
2023-11-10,"Moderna bivalent BA.1, Moderna bivalent BA.4-5, Pfizer/BioNTech, Pfizer/BioNTech Kids XBB.1.5, Pfizer/BioNTech XBB.1.5, Pfizer/BioNTech original + BA.1, Pfizer/BioNTech original + BA.4/5",6979769,6895341,4369778,855760,13875110
2023-11-11,"Pfizer/BioNTech, Pfizer/BioNTech XBB.1.5",6979769,6895341,4369782,855804,13875110
2023-11-12,Pfizer/BioNTech XBB.1.5,6979769,6895341,4369782,855812,13875110
2023-11-13,"Moderna, Moderna bivalent BA.4-5, Pfizer/BioNTech, Pfizer/BioNTech Kids, Pfizer/BioNTech Kids XBB.1.5, Pfizer/BioNTech XBB.1.5, Pfizer/BioNTech original + BA.1, Pfizer/BioNTech original + BA.4/5",6979798,6895343,4369868,856909,13875141
2023-11-14,"Moderna, Moderna bivalent BA.4-5, Pfizer/BioNTech, Pfizer/BioNTech Kids XBB.1.5, Pfizer/BioNTech XBB.1.5, Pfizer/BioNTech original + BA.1, Pfizer/BioNTech original + BA.4/5",6979815,6895343,4369947,858238,13875158
2023-11-15,"Moderna, Moderna bivalent BA.4-5, Pfizer/BioNTech, Pfizer/BioNTech Kids XBB.1.5, Pfizer/BioNTech Mini, Pfizer/BioNTech XBB.1.5, Pfizer/BioNTech original + BA.1, Pfizer/BioNTech original + BA.4/5",6979854,6895348,4370040,859787,13875202
2023-11-16,"Moderna bivalent BA.4-5, Pfizer/BioNTech, Pfizer/BioNTech Kids XBB.1.5, Pfizer/BioNTech XBB.1.5, Pfizer/BioNTech original + BA.1, Pfizer/BioNTech original + BA.4/5",6979889,6895349,4370131,861040,13875238
2023-11-17,Pfizer/BioNTech XBB.1.5,6979889,6895349,4370131,861046,13875238
2023-11-18,Pfizer/BioNTech XBB.1.5,6979889,6895349,4370131,861046,13875238
2023-11-19,Pfizer/BioNTech XBB.1.5,6979889,6895349,4370132,861046,13875238
2023-11-20,"Moderna bivalent BA.1, Pfizer/BioNTech, Pfizer/BioNTech Kids XBB.1.5, Pfizer/BioNTech XBB.1.5, Pfizer/BioNTech original + BA.1, Pfizer/BioNTech original + BA.4/5",6979908,6895349,4370189,861790,13875257
2023-11-21,"Moderna, Pfizer/BioNTech, Pfizer/BioNTech Kids XBB.1.5, Pfizer/BioNTech XBB.1.5, Pfizer/BioNTech original + BA.1, Pfizer/BioNTech original + BA.4/5",6979930,6895352,4370249,862895,13875282
2023-11-22,"Moderna bivalent BA.1, Pfizer/BioNTech, Pfizer/BioNTech Kids XBB.1.5, Pfizer/BioNTech Mini, Pfizer/BioNTech XBB.1.5, Pfizer/BioNTech original + BA.1, Pfizer/BioNTech original + BA.4/5",6979961,6895353,4370349,864227,13875314
2023-11-23,"Moderna, Moderna bivalent BA.1, Pfizer/BioNTech, Pfizer/BioNTech Kids XBB.1.5, Pfizer/BioNTech XBB.1.5, Pfizer/BioNTech original + BA.1, Pfizer/BioNTech original + BA.4/5",6979997,6895354,4370437,865584,13875351
2023-11-24,"Moderna, Pfizer/BioNTech, Pfizer/BioNTech Kids, Pfizer/BioNTech Kids XBB.1.5, Pfizer/BioNTech Mini, Pfizer/BioNTech XBB.1.5, Pfizer/BioNTech original + BA.1, Pfizer/BioNTech original + BA.4/5",6980015,6895355,4370539,866839,13875370
2023-11-25,Pfizer/BioNTech XBB.1.5,6980016,6895355,4370540,866853,13875371
2023-11-26,"Pfizer/BioNTech, Pfizer/BioNTech XBB.1.5",6980016,6895355,4370540,866863,13875371
2023-11-27,"Moderna bivalent BA.4-5, Pfizer/BioNTech, Pfizer/BioNTech Kids XBB.1.5, Pfizer/BioNTech XBB.1.5, Pfizer/BioNTech original + BA.1, Pfizer/BioNTech original + BA.4/5",6980046,6895356,4370601,867766,13875402
2023-11-28,"Moderna, Moderna bivalent BA.4-5, Pfizer/BioNTech, Pfizer/BioNTech Kids XBB.1.5, Pfizer/BioNTech XBB.1.5, Pfizer/BioNTech original + BA.1, Pfizer/BioNTech original + BA.4/5",6980079,6895358,4370720,868958,13875437
2023-11-29,"Moderna bivalent BA.1, Pfizer/BioNTech, Pfizer/BioNTech Kids XBB.1.5, Pfizer/BioNTech Mini XBB.1.5, Pfizer/BioNTech XBB.1.5, Pfizer/BioNTech original + BA.1, Pfizer/BioNTech original + BA.4/5",6980122,6895361,4370817,870208,13875483
2023-11-30,"Moderna bivalent BA.1, Moderna bivalent BA.4-5, Pfizer/BioNTech, Pfizer/BioNTech Kids XBB.1.5, Pfizer/BioNTech XBB.1.5, Pfizer/BioNTech original + BA.1, Pfizer/BioNTech original + BA.4/5",6980152,6895364,4370890,871260,13875516
2023-12-01,"Indie, Moderna, Pfizer/BioNTech, Pfizer/BioNTech Kids XBB.1.5, Pfizer/BioNTech XBB.1.5, Pfizer/BioNTech original + BA.1, Pfizer/BioNTech original + BA.4/5",6980165,6895367,4370959,872069,13875532
2023-12-02,Pfizer/BioNTech XBB.1.5,6980166,6895367,4370962,872076,13875533
2023-12-03,"Pfizer/BioNTech XBB.1.5, Pfizer/BioNTech original + BA.1",6980166,6895367,4370962,872077,13875533
2023-12-04,"Pfizer/BioNTech, Pfizer/BioNTech Kids, Pfizer/BioNTech Kids XBB.1.5, Pfizer/BioNTech XBB.1.5, Pfizer/BioNTech original + BA.1, Pfizer/BioNTech original + BA.4/5",6980178,6895368,4370996,872577,13875546
2023-12-05,"Indie, Pfizer/BioNTech, Pfizer/BioNTech Kids XBB.1.5, Pfizer/BioNTech Mini XBB.1.5, Pfizer/BioNTech XBB.1.5, Pfizer/BioNTech original + BA.1, Pfizer/BioNTech original + BA.4/5",6980200,6895369,4371040,873329,13875569
2023-12-06,"Indie, Pfizer/BioNTech, Pfizer/BioNTech Kids XBB.1.5, Pfizer/BioNTech Mini, Pfizer/BioNTech XBB.1.5, Pfizer/BioNTech original + BA.1, Pfizer/BioNTech original + BA.4/5",6980226,6895371,4371088,874163,13875597
2023-12-07,"Indie, Moderna bivalent BA.1, Pfizer/BioNTech, Pfizer/BioNTech Kids XBB.1.5, Pfizer/BioNTech Mini XBB.1.5, Pfizer/BioNTech XBB.1.5, Pfizer/BioNTech original + BA.1, Pfizer/BioNTech original + BA.4/5",6980245,6895376,4371129,874873,13875621
2023-12-08,"Indie, Moderna bivalent BA.1, Pfizer/BioNTech, Pfizer/BioNTech Kids XBB.1.5, Pfizer/BioNTech XBB.1.5, Pfizer/BioNTech original + BA.1, Pfizer/BioNTech original + BA.4/5",6980256,6895376,4371170,875446,13875632
2023-12-09,"Pfizer/BioNTech, Pfizer/BioNTech XBB.1.5",6980256,6895376,4371170,875452,13875632
2023-12-10,Pfizer/BioNTech XBB.1.5,6980256,6895376,4371172,875455,13875632
2023-12-11,"Moderna, Pfizer/BioNTech, Pfizer/BioNTech Kids, Pfizer/BioNTech Kids XBB.1.5, Pfizer/BioNTech XBB.1.5, Pfizer/BioNTech original + BA.1, Pfizer/BioNTech original + BA.4/5",6980271,6895378,4371207,875823,13875649
2023-12-12,"Indie, Pfizer/BioNTech, Pfizer/BioNTech Kids XBB.1.5, Pfizer/BioNTech Mini XBB.1.5, Pfizer/BioNTech XBB.1.5, Pfizer/BioNTech original + BA.1, Pfizer/BioNTech original + BA.4/5",6980287,6895379,4371254,876378,13875666
2023-12-13,"Indie, Moderna, Pfizer/BioNTech, Pfizer/BioNTech Kids XBB.1.5, Pfizer/BioNTech XBB.1.5, Pfizer/BioNTech original + BA.1, Pfizer/BioNTech original + BA.4/5",6980308,6895379,4371300,877046,13875687
2023-12-14,"Moderna bivalent BA.4-5, Pfizer/BioNTech, Pfizer/BioNTech Kids XBB.1.5, Pfizer/BioNTech XBB.1.5, Pfizer/BioNTech original + BA.1, Pfizer/BioNTech original + BA.4/5",6980324,6895380,4371347,877787,13875704
2023-12-15,"Moderna, Pfizer/BioNTech, Pfizer/BioNTech Kids XBB.1.5, Pfizer/BioNTech Mini XBB.1.5, Pfizer/BioNTech XBB.1.5, Pfizer/BioNTech original + BA.1, Pfizer/BioNTech original + BA.4/5",6980338,6895380,4371400,878477,13875718
2023-12-16,Pfizer/BioNTech XBB.1.5,6980338,6895380,4371400,878484,13875718
2023-12-17,Pfizer/BioNTech XBB.1.5,6980338,6895380,4371400,878490,13875718
2023-12-18,"Indie, Moderna bivalent BA.4-5, Pfizer/BioNTech, Pfizer/BioNTech Kids, Pfizer/BioNTech Kids XBB.1.5, Pfizer/BioNTech XBB.1.5, Pfizer/BioNTech original + BA.1, Pfizer/BioNTech original + BA.4/5",6980353,6895383,4371439,879087,13875736
2023-12-19,"Moderna, Moderna bivalent BA.4-5, Pfizer/BioNTech, Pfizer/BioNTech Kids XBB.1.5, Pfizer/BioNTech XBB.1.5, Pfizer/BioNTech original + BA.1, Pfizer/BioNTech original + BA.4/5",6980381,6895384,4371483,879700,13875765
2023-12-20,"Indie, Pfizer/BioNTech, Pfizer/BioNTech Kids XBB.1.5, Pfizer/BioNTech Mini, Pfizer/BioNTech Mini XBB.1.5, Pfizer/BioNTech XBB.1.5, Pfizer/BioNTech original + BA.1, Pfizer/BioNTech original + BA.4/5",6980404,6895385,4371534,880340,13875789
2023-12-21,"Indie, Pfizer/BioNTech, Pfizer/BioNTech Kids XBB.1.5, Pfizer/BioNTech XBB.1.5, Pfizer/BioNTech original + BA.1, Pfizer/BioNTech original + BA.4/5",6980424,6895386,4371563,880761,13875810
2023-12-22,"Indie, Pfizer/BioNTech, Pfizer/BioNTech Kids, Pfizer/BioNTech Kids XBB.1.5, Pfizer/BioNTech Mini XBB.1.5, Pfizer/BioNTech XBB.1.5, Pfizer/BioNTech original + BA.1, Pfizer/BioNTech original + BA.4/5",6980429,6895386,4371592,880968,13875815
2023-12-26,Pfizer/BioNTech XBB.1.5,6980429,6895386,4371592,880968,13875815
2023-12-27,"Pfizer/BioNTech, Pfizer/BioNTech Kids XBB.1.5, Pfizer/BioNTech XBB.1.5, Pfizer/BioNTech original + BA.4/5",6980430,6895386,4371598,881018,13875816
2023-12-28,"Indie, Pfizer/BioNTech, Pfizer/BioNTech Kids XBB.1.5, Pfizer/BioNTech XBB.1.5, Pfizer/BioNTech original + BA.1, Pfizer/BioNTech original + BA.4/5",6980432,6895387,4371601,881100,13875819
2023-12-29,"Pfizer/BioNTech, Pfizer/BioNTech Kids, Pfizer/BioNTech XBB.1.5, Pfizer/BioNTech original + BA.4/5",6980436,6895387,4371608,881135,13875823
2023-12-31,Pfizer/BioNTech XBB.1.5,6980436,6895387,4371608,881137,13875823
2024-01-02,"Indie, Moderna bivalent BA.4-5, Pfizer/BioNTech, Pfizer/BioNTech Kids XBB.1.5, Pfizer/BioNTech XBB.1.5, Pfizer/BioNTech original + BA.1",6980443,6895387,4371621,881219,13875830
2024-01-03,"Indie, Moderna, Pfizer/BioNTech, Pfizer/BioNTech Kids XBB.1.5, Pfizer/BioNTech Mini, Pfizer/BioNTech Mini XBB.1.5, Pfizer/BioNTech XBB.1.5, Pfizer/BioNTech original + BA.1, Pfizer/BioNTech original + BA.4/5",6980451,6895391,4371646,881395,13875842
2024-01-04,"Indie, Pfizer/BioNTech, Pfizer/BioNTech Kids XBB.1.5, Pfizer/BioNTech XBB.1.5, Pfizer/BioNTech original + BA.1, Pfizer/BioNTech original + BA.4/5",6980456,6895391,4371665,881603,13875847
2024-01-05,"Indie, Pfizer/BioNTech, Pfizer/BioNTech Kids XBB.1.5, Pfizer/BioNTech Mini XBB.1.5, Pfizer/BioNTech XBB.1.5, Pfizer/BioNTech original + BA.1, Pfizer/BioNTech original + BA.4/5",6980464,6895392,4371694,881848,13875856
2024-01-06,"Pfizer/BioNTech Kids XBB.1.5, Pfizer/BioNTech XBB.1.5",6980465,6895392,4371696,881859,13875857
2024-01-07,"Pfizer/BioNTech, Pfizer/BioNTech XBB.1.5",6980465,6895392,4371697,881859,13875857
2024-01-08,"Indie, Johnson&Johnson, Pfizer/BioNTech, Pfizer/BioNTech XBB.1.5, Pfizer/BioNTech original + BA.1, Pfizer/BioNTech original + BA.4/5",6980472,6895394,4371717,882083,13875866
2024-01-09,"Indie, Pfizer/BioNTech, Pfizer/BioNTech Kids XBB.1.5, Pfizer/BioNTech XBB.1.5, Pfizer/BioNTech original + BA.1, Pfizer/BioNTech original + BA.4/5",6980478,6895395,4371744,882345,13875873
2024-01-10,"Indie, Pfizer/BioNTech, Pfizer/BioNTech Kids XBB.1.5, Pfizer/BioNTech Mini, Pfizer/BioNTech Mini XBB.1.5, Pfizer/BioNTech XBB.1.5, Pfizer/BioNTech original + BA.1, Pfizer/BioNTech original + BA.4/5",6980497,6895399,4371782,882668,13875896
2024-01-11,"Indie, Pfizer/BioNTech, Pfizer/BioNTech Kids XBB.1.5, Pfizer/BioNTech Mini XBB.1.5, Pfizer/BioNTech XBB.1.5, Pfizer/BioNTech original + BA.1, Pfizer/BioNTech original + BA.4/5",6980503,6895401,4371827,883132,13875904
2024-01-12,"Indie, Pfizer/BioNTech, Pfizer/BioNTech Kids, Pfizer/BioNTech Kids XBB.1.5, Pfizer/BioNTech XBB.1.5, Pfizer/BioNTech original + BA.1, Pfizer/BioNTech original + BA.4/5",6980515,6895401,4371857,883558,13875916
2024-01-13,Pfizer/BioNTech XBB.1.5,6980515,6895401,4371857,883560,13875916
2024-01-14,Pfizer/BioNTech XBB.1.5,6980515,6895401,4371857,883561,13875916
2024-01-15,"Indie, Pfizer/BioNTech, Pfizer/BioNTech Kids XBB.1.5, Pfizer/BioNTech XBB.1.5, Pfizer/BioNTech original + BA.1, Pfizer/BioNTech original + BA.4/5",6980517,6895402,4371879,883808,13875919
2024-01-16,"Indie, Pfizer/BioNTech, Pfizer/BioNTech Kids XBB.1.5, Pfizer/BioNTech XBB.1.5, Pfizer/BioNTech original + BA.1, Pfizer/BioNTech original + BA.4/5",6980529,6895402,4371898,884089,13875931
2024-01-17,"Indie, Pfizer/BioNTech, Pfizer/BioNTech Kids XBB.1.5, Pfizer/BioNTech XBB.1.5, Pfizer/BioNTech original + BA.1, Pfizer/BioNTech original + BA.4/5",6980538,6895403,4371921,884387,13875941
2024-01-18,"Indie, Moderna, Pfizer/BioNTech, Pfizer/BioNTech Kids XBB.1.5, Pfizer/BioNTech XBB.1.5, Pfizer/BioNTech original + BA.4/5",6980550,6895403,4371942,884703,13875953
2024-01-19,"Indie, Pfizer/BioNTech, Pfizer/BioNTech Kids XBB.1.5, Pfizer/BioNTech XBB.1.5, Pfizer/BioNTech original + BA.1, Pfizer/BioNTech original + BA.4/5",6980557,6895403,4371963,885034,13875960
2024-01-21,Pfizer/BioNTech XBB.1.5,6980559,6895403,4371963,885035,13875962
2024-01-22,"Indie, Moderna, Pfizer/BioNTech, Pfizer/BioNTech Kids XBB.1.5, Pfizer/BioNTech Mini XBB.1.5, Pfizer/BioNTech XBB.1.5, Pfizer/BioNTech original + BA.4/5",6980565,6895404,4371976,885157,13875969
2024-01-23,"Indie, Pfizer/BioNTech, Pfizer/BioNTech Kids XBB.1.5, Pfizer/BioNTech Mini XBB.1.5, Pfizer/BioNTech XBB.1.5, Pfizer/BioNTech original + BA.1, Pfizer/BioNTech original + BA.4/5",6980570,6895405,4371999,885328,13875975
2024-01-24,"Indie, Pfizer/BioNTech, Pfizer/BioNTech Kids XBB.1.5, Pfizer/BioNTech Mini XBB.1.5, Pfizer/BioNTech XBB.1.5, Pfizer/BioNTech original + BA.4/5",6980578,6895407,4372021,885576,13875985
2024-01-25,"Indie, Pfizer/BioNTech, Pfizer/BioNTech Kids XBB.1.5, Pfizer/BioNTech XBB.1.5, Pfizer/BioNTech original + BA.4/5",6980584,6895407,4372041,885786,13875991
2024-01-26,"Indie, Pfizer/BioNTech, Pfizer/BioNTech Kids XBB.1.5, Pfizer/BioNTech XBB.1.5, Pfizer/BioNTech original + BA.4/5",6980596,6895407,4372054,885965,13876003
2024-01-27,Pfizer/BioNTech XBB.1.5,6980596,6895407,4372054,885965,13876003
2024-01-29,"Indie, Pfizer/BioNTech, Pfizer/BioNTech XBB.1.5, Pfizer/BioNTech original + BA.4/5",6980603,6895407,4372059,886075,13876010
2024-01-30,"Indie, Pfizer/BioNTech, Pfizer/BioNTech Kids XBB.1.5, Pfizer/BioNTech XBB.1.5, Pfizer/BioNTech original + BA.4/5",6980604,6895407,4372072,886181,13876011
2024-01-31,"Indie, Pfizer/BioNTech, Pfizer/BioNTech Kids XBB.1.5, Pfizer/BioNTech Mini XBB.1.5, Pfizer/BioNTech XBB.1.5, Pfizer/BioNTech original + BA.1, Pfizer/BioNTech original + BA.4/5",6980610,6895411,4372081,886290,13876021
2024-02-01,"Indie, Pfizer/BioNTech Kids XBB.1.5, Pfizer/BioNTech XBB.1.5, Pfizer/BioNTech original + BA.4/5",6980615,6895411,4372087,886370,13876026
2024-02-02,"Indie, Pfizer/BioNTech, Pfizer/BioNTech Kids XBB.1.5, Pfizer/BioNTech XBB.1.5, Pfizer/BioNTech original + BA.4/5",6980620,6895411,4372096,886466,13876031
2024-02-03,Pfizer/BioNTech XBB.1.5,6980620,6895411,4372096,886467,13876031
2024-02-04,Moderna bivalent BA.1,6980620,6895412,4372096,886467,13876032
2024-02-05,"Indie, Pfizer/BioNTech, Pfizer/BioNTech XBB.1.5, Pfizer/BioNTech original + BA.1, Pfizer/BioNTech original + BA.4/5",6980622,6895412,4372102,886509,13876034
2024-02-06,"Indie, Pfizer/BioNTech, Pfizer/BioNTech Kids XBB.1.5, Pfizer/BioNTech Mini XBB.1.5, Pfizer/BioNTech XBB.1.5, Pfizer/BioNTech original + BA.1",6980624,6895415,4372109,886554,13876039
2024-02-07,"Indie, Pfizer/BioNTech, Pfizer/BioNTech Kids XBB.1.5, Pfizer/BioNTech Mini XBB.1.5, Pfizer/BioNTech XBB.1.5, Pfizer/BioNTech original + BA.4/5",6980633,6895416,4372129,886603,13876049
2024-02-08,"Pfizer/BioNTech, Pfizer/BioNTech Kids XBB.1.5, Pfizer/BioNTech XBB.1.5",6980638,6895416,4372134,886643,13876054
2024-02-09,"Indie, Pfizer/BioNTech, Pfizer/BioNTech XBB.1.5, Pfizer/BioNTech original + BA.1, Pfizer/BioNTech original + BA.4/5",6980639,6895416,4372140,886676,13876055
2024-02-12,"Pfizer/BioNTech XBB.1.5, Pfizer/BioNTech original + BA.1, Pfizer/BioNTech original + BA.4/5",6980640,6895416,4372143,886692,13876056
2024-02-13,"Indie, Pfizer/BioNTech, Pfizer/BioNTech Kids XBB.1.5, Pfizer/BioNTech XBB.1.5, Pfizer/BioNTech original + BA.1, Pfizer/BioNTech original + BA.4/5",6980644,6895416,4372147,886730,13876060
2024-02-14,"Indie, Pfizer/BioNTech, Pfizer/BioNTech Kids, Pfizer/BioNTech Kids XBB.1.5, Pfizer/BioNTech Mini XBB.1.5, Pfizer/BioNTech XBB.1.5, Pfizer/BioNTech original + BA.1",6980646,6895417,4372157,886784,13876063
2024-02-15,"Pfizer/BioNTech, Pfizer/BioNTech Kids XBB.1.5, Pfizer/BioNTech XBB.1.5",6980650,6895417,4372158,886827,13876067
2024-02-16,"Pfizer/BioNTech, Pfizer/BioNTech Kids XBB.1.5, Pfizer/BioNTech XBB.1.5, Pfizer/BioNTech original + BA.4/5",6980650,6895417,4372162,886869,13876067
2024-02-19,"Pfizer/BioNTech, Pfizer/BioNTech XBB.1.5",6980651,6895417,4372163,886884,13876068
2024-02-20,"Indie, Pfizer/BioNTech, Pfizer/BioNTech XBB.1.5, Pfizer/BioNTech original + BA.4/5",6980652,6895418,4372164,886905,13876070
2024-02-21,"Pfizer/BioNTech, Pfizer/BioNTech Mini XBB.1.5, Pfizer/BioNTech XBB.1.5, Pfizer/BioNTech original + BA.4/5",6980654,6895418,4372168,886920,13876072
2024-02-22,"Indie, Moderna bivalent BA.1, Pfizer/BioNTech, Pfizer/BioNTech XBB.1.5",6980656,6895418,4372173,886948,13876074
2024-02-23,"Indie, Pfizer/BioNTech Kids XBB.1.5, Pfizer/BioNTech XBB.1.5",6980657,6895418,4372179,886966,13876075
2024-02-26,Pfizer/BioNTech XBB.1.5,6980658,6895418,4372181,886983,13876076
2024-02-27,"Pfizer/BioNTech, Pfizer/BioNTech Kids XBB.1.5, Pfizer/BioNTech XBB.1.5",6980658,6895418,4372183,887013,13876076
2024-02-28,"Indie, Pfizer/BioNTech, Pfizer/BioNTech Kids XBB.1.5, Pfizer/BioNTech Mini, Pfizer/BioNTech Mini XBB.1.5, Pfizer/BioNTech XBB.1.5",6980661,6895418,4372196,887043,13876079
2024-02-29,"Indie, Pfizer/BioNTech, Pfizer/BioNTech Kids XBB.1.5, Pfizer/BioNTech XBB.1.5",6980664,6895418,4372199,887059,13876082
2024-03-01,"Indie, Pfizer/BioNTech Kids XBB.1.5, Pfizer/BioNTech XBB.1.5",6980666,6895418,4372202,887077,13876084
2024-03-04,Pfizer/BioNTech XBB.1.5,6980666,6895418,4372202,887080,13876084
2024-03-05,"Indie, Pfizer/BioNTech XBB.1.5",6980666,6895418,4372203,887102,13876084
2024-03-06,"Indie, Pfizer/BioNTech Mini XBB.1.5, Pfizer/BioNTech XBB.1.5, Pfizer/BioNTech original + BA.4/5",6980669,6895418,4372211,887113,13876087
2024-03-07,"Indie, Pfizer/BioNTech, Pfizer/BioNTech XBB.1.5",6980669,6895418,4372213,887138,13876087
2024-03-08,"Pfizer/BioNTech Mini XBB.1.5, Pfizer/BioNTech XBB.1.5",6980669,6895418,4372218,887144,13876087
