date,vaccine,people_vaccinated,people_fully_vaccinated,people_boosted_1,people_boosted_2,total_vaccinations
2020-12-27,Pfizer/BioNTech,1288,0,0,0,1288
2020-12-28,Pfizer/BioNTech,3589,0,0,0,3589
2020-12-29,Pfizer/BioNTech,7055,1,0,0,7056
2020-12-30,Pfizer/BioNTech,10570,1,0,0,10571
2020-12-31,Pfizer/BioNTech,11882,1,0,0,11883
2021-01-01,"Moderna, Pfizer/BioNTech",12153,1,0,0,12154
2021-01-02,"Moderna, Pfizer/BioNTech",13442,2,0,0,13444
2021-01-03,"Moderna, Pfizer/BioNTech",14369,2,0,0,14371
2021-01-04,"Moderna, Pfizer/BioNTech",17974,3,0,0,17977
2021-01-05,"Moderna, Pfizer/BioNTech",22485,4,0,0,22489
2021-01-06,"Moderna, Pfizer/BioNTech",28327,5,0,0,28332
2021-01-07,"Moderna, Pfizer/BioNTech",36324,5,0,0,36329
2021-01-08,"Moderna, Pfizer/BioNTech",46366,6,0,0,46372
2021-01-09,"Moderna, Pfizer/BioNTech",48394,8,0,0,48402
2021-01-10,"Indie/AstraZeneca, Pfizer/BioNTech",50169,10,0,0,50179
2021-01-11,"Moderna, Pfizer/BioNTech",60027,12,0,0,60039
2021-01-12,"Moderna, Pfizer/BioNTech",73478,14,0,0,73492
2021-01-13,"Indie/Bahrat Biotech, Moderna, Pfizer/BioNTech, Čína",87011,15,0,0,87026
2021-01-14,"Moderna, Pfizer/BioNTech",102249,19,0,0,102268
2021-01-15,"Moderna, Pfizer/BioNTech",116259,20,0,0,116279
2021-01-16,"Moderna, Pfizer/BioNTech",119657,24,0,0,119681
2021-01-17,"Moderna, Pfizer/BioNTech",122272,660,0,0,122932
2021-01-18,"Moderna, Pfizer/BioNTech",134747,2484,0,0,137231
2021-01-19,"Moderna, Pfizer/BioNTech",147341,5211,0,0,152552
2021-01-20,"Moderna, Pfizer/BioNTech",161026,7873,0,0,168899
2021-01-21,"Moderna, Pfizer/BioNTech",176673,9615,0,0,186288
2021-01-22,"Moderna, Pfizer/BioNTech",191545,10660,0,0,202205
2021-01-23,"Moderna, Pfizer/BioNTech",194860,11540,0,0,206400
2021-01-24,"Moderna, Pfizer/BioNTech",197113,12412,0,0,209525
2021-01-25,"Moderna, Pfizer/BioNTech",206763,15375,0,0,222138
2021-01-26,"Moderna, Pfizer/BioNTech",217288,19358,0,0,236646
2021-01-27,"Indie/Bahrat Biotech, Moderna, Pfizer/BioNTech, Čína",226313,23887,0,0,250200
2021-01-28,"Moderna, Pfizer/BioNTech",233416,30017,0,0,263433
2021-01-29,"Indie/AstraZeneca, Moderna, Pfizer/BioNTech",239626,37920,0,0,277546
2021-01-30,"Moderna, Pfizer/BioNTech",240366,39008,0,0,279374
2021-01-31,"Moderna, Pfizer/BioNTech",241084,40190,0,0,281274
2021-02-01,"Moderna, Pfizer/BioNTech",245065,48157,0,0,293222
2021-02-02,"Moderna, Pfizer/BioNTech",249218,58394,0,0,307612
2021-02-03,"Moderna, Pfizer/BioNTech",253638,69404,0,0,323042
2021-02-04,"Moderna, Pfizer/BioNTech",258531,82387,0,0,340918
2021-02-05,"Moderna, Pfizer/BioNTech",264000,93052,0,0,357052
2021-02-06,"Moderna, Oxford/AstraZeneca, Pfizer/BioNTech, Čína",264859,95416,0,0,360275
2021-02-07,"Moderna, Oxford/AstraZeneca, Pfizer/BioNTech",265710,97912,0,0,363622
2021-02-08,"Moderna, Oxford/AstraZeneca, Pfizer/BioNTech",269799,109327,0,0,379126
2021-02-09,"Moderna, Oxford/AstraZeneca, Pfizer/BioNTech",274905,121226,0,0,396131
2021-02-10,"Moderna, Oxford/AstraZeneca, Pfizer/BioNTech",280424,134471,0,0,414895
2021-02-11,"Indie/AstraZeneca, Moderna, Oxford/AstraZeneca, Pfizer/BioNTech",286760,150672,0,0,437432
2021-02-12,"Moderna, Oxford/AstraZeneca, Pfizer/BioNTech",293588,165401,0,0,458989
2021-02-13,"Moderna, Oxford/AstraZeneca, Pfizer/BioNTech",295206,168384,0,0,463590
2021-02-14,"Moderna, Oxford/AstraZeneca, Pfizer/BioNTech",296210,169768,0,0,465978
2021-02-15,"Moderna, Oxford/AstraZeneca, Pfizer/BioNTech",302602,179131,0,0,481733
2021-02-16,"Moderna, Oxford/AstraZeneca, Pfizer/BioNTech",311314,188196,0,0,499510
2021-02-17,"Moderna, Oxford/AstraZeneca, Pfizer/BioNTech",321009,196504,0,0,517513
2021-02-18,"Moderna, Oxford/AstraZeneca, Pfizer/BioNTech",333330,204586,0,0,537916
2021-02-19,"Moderna, Oxford/AstraZeneca, Pfizer/BioNTech",345191,211956,0,0,557147
2021-02-20,"Moderna, Oxford/AstraZeneca, Pfizer/BioNTech, Čína",347201,213140,0,0,560341
2021-02-21,"Moderna, Oxford/AstraZeneca, Pfizer/BioNTech",348338,214165,0,0,562503
2021-02-22,"Moderna, Oxford/AstraZeneca, Pfizer/BioNTech",358451,220201,0,0,578652
2021-02-23,"Moderna, Oxford/AstraZeneca, Pfizer/BioNTech",371411,227183,0,0,598594
2021-02-24,"Moderna, Oxford/AstraZeneca, Pfizer/BioNTech",385286,233218,0,0,618504
2021-02-25,"Moderna, Oxford/AstraZeneca, Pfizer/BioNTech",403252,238763,0,0,642015
2021-02-26,"Moderna, Oxford/AstraZeneca, Pfizer/BioNTech",419420,244118,0,0,663538
2021-02-27,"Moderna, Oxford/AstraZeneca, Pfizer/BioNTech",422426,244677,0,0,667103
2021-02-28,"Moderna, Oxford/AstraZeneca, Pfizer/BioNTech",424782,245228,0,0,670010
2021-03-01,"Moderna, Oxford/AstraZeneca, Pfizer/BioNTech",444370,248670,0,0,693040
2021-03-02,"Indie/AstraZeneca, Moderna, Oxford/AstraZeneca, Pfizer/BioNTech",471586,252222,0,0,723808
2021-03-03,"Moderna, Oxford/AstraZeneca, Pfizer/BioNTech",502522,256730,0,0,759252
2021-03-04,"Moderna, Oxford/AstraZeneca, Pfizer/BioNTech",535773,261410,0,0,797183
2021-03-05,"Johnson&Johnson, Moderna, Oxford/AstraZeneca, Pfizer/BioNTech",564609,266834,0,0,831443
2021-03-06,"Johnson&Johnson, Moderna, Oxford/AstraZeneca, Pfizer/BioNTech",576765,267701,0,0,844466
2021-03-07,"Johnson&Johnson, Moderna, Oxford/AstraZeneca, Pfizer/BioNTech, Čína",588303,268544,0,0,856847
2021-03-08,"Johnson&Johnson, Moderna, Oxford/AstraZeneca, Pfizer/BioNTech",618025,273404,0,0,891429
2021-03-09,"Johnson&Johnson, Moderna, Oxford/AstraZeneca, Pfizer/BioNTech",654370,279784,0,0,934154
2021-03-10,"Johnson&Johnson, Moderna, Oxford/AstraZeneca, Pfizer/BioNTech",695658,286743,0,0,982401
2021-03-11,"Indie/AstraZeneca, Johnson&Johnson, Moderna, Oxford/AstraZeneca, Pfizer/BioNTech",740475,295116,0,0,1035591
2021-03-12,"Johnson&Johnson, Moderna, Oxford/AstraZeneca, Pfizer/BioNTech, Čína",779190,303608,0,0,1082798
2021-03-13,"Johnson&Johnson, Moderna, Oxford/AstraZeneca, Pfizer/BioNTech",796288,304924,0,0,1101212
2021-03-14,"Johnson&Johnson, Moderna, Oxford/AstraZeneca, Pfizer/BioNTech",808401,306080,0,0,1114481
2021-03-15,"Johnson&Johnson, Moderna, Oxford/AstraZeneca, Pfizer/BioNTech",836768,314851,0,0,1151619
2021-03-16,"Johnson&Johnson, Moderna, Oxford/AstraZeneca, Pfizer/BioNTech",875625,325384,0,0,1201009
2021-03-17,"Moderna, Oxford/AstraZeneca, Pfizer/BioNTech",913070,335894,0,0,1248964
2021-03-18,"Johnson&Johnson, Moderna, Oxford/AstraZeneca, Pfizer/BioNTech",951051,348308,0,0,1299359
2021-03-19,"Johnson&Johnson, Moderna, Oxford/AstraZeneca, Pfizer/BioNTech",985535,361915,0,0,1347450
2021-03-20,"Johnson&Johnson, Moderna, Oxford/AstraZeneca, Pfizer/BioNTech",1000701,363942,0,0,1364643
2021-03-21,"Johnson&Johnson, Moderna, Oxford/AstraZeneca, Pfizer/BioNTech, Čína",1008149,365499,0,0,1373648
2021-03-22,"Indie/AstraZeneca, Johnson&Johnson, Moderna, Oxford/AstraZeneca, Pfizer/BioNTech",1032706,377985,0,0,1410691
2021-03-23,"Johnson&Johnson, Moderna, Oxford/AstraZeneca, Pfizer/BioNTech",1059354,391350,0,0,1450704
2021-03-24,"Indie/AstraZeneca, Johnson&Johnson, Moderna, Oxford/AstraZeneca, Pfizer/BioNTech, Čína",1086234,407084,0,0,1493318
2021-03-25,"Indie/AstraZeneca, Johnson&Johnson, Moderna, Oxford/AstraZeneca, Pfizer/BioNTech",1112557,424923,0,0,1537480
2021-03-26,"Indie/AstraZeneca, Johnson&Johnson, Moderna, Oxford/AstraZeneca, Pfizer/BioNTech",1137368,442421,0,0,1579789
2021-03-27,"Johnson&Johnson, Moderna, Oxford/AstraZeneca, Pfizer/BioNTech, Čína",1145828,447263,0,0,1593091
2021-03-28,"Moderna, Oxford/AstraZeneca, Pfizer/BioNTech, Čína",1151376,451410,0,0,1602786
2021-03-29,"Johnson&Johnson, Moderna, Oxford/AstraZeneca, Pfizer/BioNTech",1170517,472134,0,0,1642651
2021-03-30,"Johnson&Johnson, Moderna, Oxford/AstraZeneca, Pfizer/BioNTech",1195209,494307,0,0,1689516
2021-03-31,"Indie/AstraZeneca, Johnson&Johnson, Moderna, Oxford/AstraZeneca, Pfizer/BioNTech, Čína",1218355,521351,0,0,1739706
2021-04-01,"Indie/AstraZeneca, Johnson&Johnson, Moderna, Oxford/AstraZeneca, Pfizer/BioNTech",1244034,553382,0,0,1797416
2021-04-02,"Indie/AstraZeneca, Johnson&Johnson, Moderna, Oxford/AstraZeneca, Pfizer/BioNTech",1251019,566176,0,0,1817195
2021-04-03,"Johnson&Johnson, Moderna, Oxford/AstraZeneca, Pfizer/BioNTech",1254673,577108,0,0,1831781
2021-04-04,"Johnson&Johnson, Moderna, Oxford/AstraZeneca, Pfizer/BioNTech",1257220,586028,0,0,1843248
2021-04-05,"Indie/AstraZeneca, Johnson&Johnson, Moderna, Oxford/AstraZeneca, Pfizer/BioNTech",1259659,593223,0,0,1852882
2021-04-06,"Indie/AstraZeneca, Johnson&Johnson, Moderna, Oxford/AstraZeneca, Pfizer/BioNTech, Čína",1275862,622483,0,0,1898345
2021-04-07,"Johnson&Johnson, Moderna, Oxford/AstraZeneca, Pfizer/BioNTech",1299343,644708,0,0,1944051
2021-04-08,"Indie/AstraZeneca, Johnson&Johnson, Moderna, Oxford/AstraZeneca, Pfizer/BioNTech",1338117,675739,0,0,2013856
2021-04-09,"Indie/AstraZeneca, Johnson&Johnson, Moderna, Oxford/AstraZeneca, Pfizer/BioNTech, Čína",1377672,705920,0,0,2083592
2021-04-10,"Johnson&Johnson, Moderna, Oxford/AstraZeneca, Pfizer/BioNTech",1393239,721223,0,0,2114462
2021-04-11,"Indie/AstraZeneca, Johnson&Johnson, Moderna, Oxford/AstraZeneca, Pfizer/BioNTech",1403031,731274,0,0,2134305
2021-04-12,"Johnson&Johnson, Moderna, Oxford/AstraZeneca, Pfizer/BioNTech, Čína",1441314,756398,0,0,2197712
2021-04-13,"Indie/AstraZeneca, Moderna, Oxford/AstraZeneca, Pfizer/BioNTech",1477590,782424,0,0,2260014
2021-04-14,"Moderna, Oxford/AstraZeneca, Pfizer/BioNTech",1516442,809780,0,0,2326222
2021-04-15,"Moderna, Oxford/AstraZeneca, Pfizer/BioNTech",1564232,835538,0,0,2399770
2021-04-16,"Moderna, Oxford/AstraZeneca, Pfizer/BioNTech",1608918,861193,0,0,2470111
2021-04-17,"Indie/AstraZeneca, Moderna, Oxford/AstraZeneca, Pfizer/BioNTech",1625639,870212,0,0,2495851
2021-04-18,"Moderna, Oxford/AstraZeneca, Pfizer/BioNTech, Čína",1638641,875196,0,0,2513837
2021-04-19,"Johnson&Johnson, Moderna, Oxford/AstraZeneca, Pfizer/BioNTech",1682594,890616,0,0,2573210
2021-04-20,"Johnson&Johnson, Moderna, Oxford/AstraZeneca, Pfizer/BioNTech, Čína",1725149,906494,0,0,2631643
2021-04-21,"Moderna, Oxford/AstraZeneca, Pfizer/BioNTech",1772873,920853,0,0,2693726
2021-04-22,"Johnson&Johnson, Moderna, Oxford/AstraZeneca, Pfizer/BioNTech",1827364,938241,0,0,2765605
2021-04-23,"Johnson&Johnson, Moderna, Oxford/AstraZeneca, Pfizer/BioNTech, Čína",1877332,950302,0,0,2827634
2021-04-24,"Johnson&Johnson, Moderna, Oxford/AstraZeneca, Pfizer/BioNTech, Čína",1895201,955566,0,0,2850767
2021-04-25,"Johnson&Johnson, Moderna, Oxford/AstraZeneca, Pfizer/BioNTech",1909901,959567,0,0,2869468
2021-04-26,"Johnson&Johnson, Moderna, Oxford/AstraZeneca, Pfizer/BioNTech, Čína",1959471,967131,0,0,2926602
2021-04-27,"Johnson&Johnson, Moderna, Oxford/AstraZeneca, Pfizer/BioNTech, Čína",2008430,979369,0,0,2987799
2021-04-28,"Indie/AstraZeneca, Johnson&Johnson, Moderna, Oxford/AstraZeneca, Pfizer/BioNTech, Čína",2067174,993385,0,0,3060559
2021-04-29,"Indie/AstraZeneca, Johnson&Johnson, Moderna, Oxford/AstraZeneca, Pfizer/BioNTech",2132762,1009294,0,0,3142056
2021-04-30,"Indie/AstraZeneca, Johnson&Johnson, Moderna, Oxford/AstraZeneca, Pfizer/BioNTech, Čína",2195036,1019283,0,0,3214319
2021-05-01,"Indie/AstraZeneca, Johnson&Johnson, Moderna, Oxford/AstraZeneca, Pfizer/BioNTech",2214428,1022749,0,0,3237177
2021-05-02,"Johnson&Johnson, Moderna, Oxford/AstraZeneca, Pfizer/BioNTech",2233373,1025041,0,0,3258414
2021-05-03,"Johnson&Johnson, Moderna, Oxford/AstraZeneca, Pfizer/BioNTech",2300586,1030123,0,0,3330709
2021-05-04,"Johnson&Johnson, Moderna, Oxford/AstraZeneca, Pfizer/BioNTech",2367113,1038489,0,0,3405602
2021-05-05,"Johnson&Johnson, Moderna, Oxford/AstraZeneca, Pfizer/BioNTech",2440298,1047929,0,0,3488227
2021-05-06,"Johnson&Johnson, Moderna, Oxford/AstraZeneca, Pfizer/BioNTech, Čína",2520712,1058674,0,0,3579386
2021-05-07,"Indie/AstraZeneca, Johnson&Johnson, Moderna, Oxford/AstraZeneca, Pfizer/BioNTech",2598019,1068813,0,0,3666832
2021-05-08,"Johnson&Johnson, Moderna, Oxford/AstraZeneca, Pfizer/BioNTech",2627560,1070611,0,0,3698171
2021-05-09,"Johnson&Johnson, Moderna, Oxford/AstraZeneca, Pfizer/BioNTech",2651797,1071835,0,0,3723632
2021-05-10,"Johnson&Johnson, Moderna, Oxford/AstraZeneca, Pfizer/BioNTech",2724577,1079083,0,0,3803660
2021-05-11,"Johnson&Johnson, Moderna, Oxford/AstraZeneca, Pfizer/BioNTech",2800701,1087914,0,0,3888615
2021-05-12,"Johnson&Johnson, Moderna, Oxford/AstraZeneca, Pfizer/BioNTech, Čína",2880614,1097055,0,0,3977669
2021-05-13,"Johnson&Johnson, Moderna, Oxford/AstraZeneca, Pfizer/BioNTech, Čína",2964645,1106239,0,0,4070884
2021-05-14,"Indie/AstraZeneca, Johnson&Johnson, Moderna, Oxford/AstraZeneca, Pfizer/BioNTech, Čína",3044204,1114066,0,0,4158270
2021-05-15,"Indie/AstraZeneca, Johnson&Johnson, Moderna, Oxford/AstraZeneca, Pfizer/BioNTech",3076174,1116353,0,0,4192527
2021-05-16,"Johnson&Johnson, Moderna, Oxford/AstraZeneca, Pfizer/BioNTech",3101987,1117643,0,0,4219630
2021-05-17,"Indie/AstraZeneca, Johnson&Johnson, Moderna, Oxford/AstraZeneca, Pfizer/BioNTech, Čína",3174511,1124397,0,0,4298908
2021-05-18,"Indie/AstraZeneca, Johnson&Johnson, Moderna, Oxford/AstraZeneca, Pfizer/BioNTech, Čína",3246486,1137515,0,0,4384001
2021-05-19,"Indie/AstraZeneca, Johnson&Johnson, Moderna, Oxford/AstraZeneca, Pfizer/BioNTech, Čína",3323975,1152679,0,0,4476654
2021-05-20,"Indie/AstraZeneca, Johnson&Johnson, Moderna, Oxford/AstraZeneca, Pfizer/BioNTech",3399461,1179727,0,0,4579188
2021-05-21,"Johnson&Johnson, Moderna, Oxford/AstraZeneca, Pfizer/BioNTech",3468315,1207526,0,0,4675841
2021-05-22,"Johnson&Johnson, Moderna, Oxford/AstraZeneca, Pfizer/BioNTech",3500792,1218771,0,0,4719563
2021-05-23,"Johnson&Johnson, Moderna, Oxford/AstraZeneca, Pfizer/BioNTech, Čína",3523241,1227806,0,0,4751047
2021-05-24,"Johnson&Johnson, Moderna, Oxford/AstraZeneca, Pfizer/BioNTech, Čína",3570461,1261455,0,0,4831916
2021-05-25,"Indie/AstraZeneca, Johnson&Johnson, Moderna, Oxford/AstraZeneca, Pfizer/BioNTech",3622386,1297283,0,0,4919669
2021-05-26,"Johnson&Johnson, Moderna, Oxford/AstraZeneca, Pfizer/BioNTech, Čína",3690145,1334816,1,0,5024961
2021-05-27,"Indie/AstraZeneca, Johnson&Johnson, Moderna, Oxford/AstraZeneca, Pfizer/BioNTech",3751584,1382148,1,0,5133732
2021-05-28,"Indie/AstraZeneca, Johnson&Johnson, Moderna, Oxford/AstraZeneca, Pfizer/BioNTech",3813338,1428732,1,0,5242070
2021-05-29,"Indie/AstraZeneca, Johnson&Johnson, Moderna, Oxford/AstraZeneca, Pfizer/BioNTech",3842621,1445878,1,0,5288499
2021-05-30,"Johnson&Johnson, Moderna, Oxford/AstraZeneca, Pfizer/BioNTech, Čína",3865042,1460345,1,0,5325387
2021-05-31,"Indie/AstraZeneca, Johnson&Johnson, Moderna, Oxford/AstraZeneca, Pfizer/BioNTech",3920791,1507852,1,0,5428643
2021-06-01,"Indie/AstraZeneca, Johnson&Johnson, Moderna, Oxford/AstraZeneca, Pfizer/BioNTech",3979915,1556709,1,0,5536624
2021-06-02,"Indie/AstraZeneca, Johnson&Johnson, Moderna, Oxford/AstraZeneca, Pfizer/BioNTech, Čína",4042892,1610695,1,0,5653587
2021-06-03,"Indie/AstraZeneca, Johnson&Johnson, Moderna, Oxford/AstraZeneca, Pfizer/BioNTech",4101151,1670875,1,0,5772026
2021-06-04,"Indie/AstraZeneca, Johnson&Johnson, Moderna, Oxford/AstraZeneca, Pfizer/BioNTech",4164297,1728245,1,0,5892542
2021-06-05,"Indie/AstraZeneca, Johnson&Johnson, Moderna, Oxford/AstraZeneca, Pfizer/BioNTech, Čína",4198510,1747169,1,0,5945679
2021-06-06,"Johnson&Johnson, Moderna, Oxford/AstraZeneca, Pfizer/BioNTech, Čína",4225484,1762338,1,0,5987822
2021-06-07,"Johnson&Johnson, Moderna, Oxford/AstraZeneca, Pfizer/BioNTech, Čína",4289182,1817959,1,0,6107141
2021-06-08,"Indie/AstraZeneca, Johnson&Johnson, Moderna, Oxford/AstraZeneca, Pfizer/BioNTech, Čína",4353198,1872944,1,0,6226142
2021-06-09,"Indie/AstraZeneca, Johnson&Johnson, Moderna, Oxford/AstraZeneca, Pfizer/BioNTech, Čína",4412423,1937595,1,0,6350018
2021-06-10,"Indie/AstraZeneca, Johnson&Johnson, Moderna, Oxford/AstraZeneca, Pfizer/BioNTech, Čína",4466299,2008872,1,0,6475171
2021-06-11,"Indie/Bahrat Biotech, Johnson&Johnson, Moderna, Oxford/AstraZeneca, Pfizer/BioNTech, Čína",4518440,2078712,1,0,6597152
2021-06-12,"Indie/AstraZeneca, Johnson&Johnson, Moderna, Oxford/AstraZeneca, Pfizer/BioNTech, Čína",4550488,2099567,1,1,6650055
2021-06-13,"Johnson&Johnson, Moderna, Oxford/AstraZeneca, Pfizer/BioNTech, Čína",4574528,2118010,1,1,6692538
2021-06-14,"Johnson&Johnson, Moderna, Oxford/AstraZeneca, Pfizer/BioNTech, Čína",4617640,2192360,1,1,6810000
2021-06-15,"Indie/AstraZeneca, Johnson&Johnson, Moderna, Oxford/AstraZeneca, Pfizer/BioNTech, Čína",4662334,2264738,1,1,6927072
2021-06-16,"Indie/AstraZeneca, Johnson&Johnson, Moderna, Oxford/AstraZeneca, Pfizer/BioNTech, Čína",4705176,2342951,1,1,7048127
2021-06-17,"Indie/AstraZeneca, Johnson&Johnson, Moderna, Oxford/AstraZeneca, Pfizer/BioNTech, Čína",4744634,2426043,1,1,7170677
2021-06-18,"Johnson&Johnson, Moderna, Oxford/AstraZeneca, Pfizer/BioNTech, Čína",4787100,2506618,1,1,7293718
2021-06-19,"Indie/AstraZeneca, Johnson&Johnson, Moderna, Oxford/AstraZeneca, Pfizer/BioNTech, Čína",4808912,2535979,1,1,7344891
2021-06-20,"Johnson&Johnson, Moderna, Oxford/AstraZeneca, Pfizer/BioNTech, Čína",4826328,2559860,1,1,7386188
2021-06-21,"Johnson&Johnson, Moderna, Oxford/AstraZeneca, Pfizer/BioNTech, Čína",4858862,2638464,1,1,7497326
2021-06-22,"Indie/AstraZeneca, Johnson&Johnson, Moderna, Oxford/AstraZeneca, Pfizer/BioNTech, Čína",4891850,2720780,1,1,7612630
2021-06-23,"Indie/AstraZeneca, Johnson&Johnson, Moderna, Oxford/AstraZeneca, Pfizer/BioNTech, Čína",4923596,2806018,1,1,7729614
2021-06-24,"Indie/AstraZeneca, Johnson&Johnson, Moderna, Oxford/AstraZeneca, Pfizer/BioNTech, Čína",4953486,2896071,1,1,7849557
2021-06-25,"Johnson&Johnson, Moderna, Oxford/AstraZeneca, Pfizer/BioNTech, Čína",4984595,2982333,1,1,7966928
2021-06-26,"Johnson&Johnson, Moderna, Oxford/AstraZeneca, Pfizer/BioNTech, Čína",5000513,3017234,1,1,8017747
2021-06-27,"Johnson&Johnson, Moderna, Oxford/AstraZeneca, Pfizer/BioNTech, Čína",5014484,3043958,1,1,8058442
2021-06-28,"Indie/AstraZeneca, Johnson&Johnson, Moderna, Oxford/AstraZeneca, Pfizer/BioNTech, Čína",5042929,3129181,1,1,8172110
2021-06-29,"Johnson&Johnson, Moderna, Oxford/AstraZeneca, Pfizer/BioNTech, Čína",5072235,3215728,1,1,8287963
2021-06-30,"Johnson&Johnson, Moderna, Oxford/AstraZeneca, Pfizer/BioNTech",5099758,3306780,2,1,8406538
2021-07-01,"Johnson&Johnson, Moderna, Oxford/AstraZeneca, Pfizer/BioNTech, Čína",5123790,3396879,2,1,8520669
2021-07-02,"Indie/AstraZeneca, Johnson&Johnson, Moderna, Oxford/AstraZeneca, Pfizer/BioNTech, Čína",5150572,3482831,2,1,8633403
2021-07-03,"Indie/AstraZeneca, Johnson&Johnson, Moderna, Oxford/AstraZeneca, Pfizer/BioNTech, Čína",5157704,3514417,2,1,8672121
2021-07-04,"Johnson&Johnson, Moderna, Oxford/AstraZeneca, Pfizer/BioNTech",5165307,3536247,2,1,8701554
2021-07-05,"Indie/AstraZeneca, Johnson&Johnson, Moderna, Oxford/AstraZeneca, Pfizer/BioNTech, Čína",5172754,3561694,2,1,8734448
2021-07-06,"Indie/AstraZeneca, Johnson&Johnson, Moderna, Oxford/AstraZeneca, Pfizer/BioNTech, Čína",5178266,3589460,2,1,8767726
2021-07-07,"Indie/AstraZeneca, Johnson&Johnson, Moderna, Oxford/AstraZeneca, Pfizer/BioNTech, Čína",5204125,3668472,2,1,8872597
2021-07-08,"Johnson&Johnson, Moderna, Oxford/AstraZeneca, Pfizer/BioNTech, Čína",5230761,3738825,2,2,8969586
2021-07-09,"Indie/AstraZeneca, Indie/Bahrat Biotech, Johnson&Johnson, Moderna, Oxford/AstraZeneca, Pfizer/BioNTech, Čína",5258733,3808184,2,2,9066917
2021-07-10,"Indie/AstraZeneca, Johnson&Johnson, Moderna, Oxford/AstraZeneca, Pfizer/BioNTech, Čína",5268141,3836881,3,2,9105022
2021-07-11,"Johnson&Johnson, Moderna, Oxford/AstraZeneca, Pfizer/BioNTech, Čína",5276709,3859781,3,2,9136490
2021-07-12,"Johnson&Johnson, Moderna, Oxford/AstraZeneca, Pfizer/BioNTech, Čína",5304284,3928866,3,2,9233150
2021-07-13,"Johnson&Johnson, Moderna, Oxford/AstraZeneca, Pfizer/BioNTech, Čína",5330516,3998767,3,2,9329283
2021-07-14,"Indie/AstraZeneca, Johnson&Johnson, Moderna, Oxford/AstraZeneca, Pfizer/BioNTech",5356381,4070782,3,2,9427163
2021-07-15,"Indie/AstraZeneca, Johnson&Johnson, Moderna, Oxford/AstraZeneca, Pfizer/BioNTech, Čína",5385596,4136820,3,2,9522416
2021-07-16,"Indie/AstraZeneca, Johnson&Johnson, Moderna, Oxford/AstraZeneca, Pfizer/BioNTech, Čína",5413576,4209581,3,2,9623157
2021-07-17,"Johnson&Johnson, Moderna, Oxford/AstraZeneca, Pfizer/BioNTech, Čína",5422400,4241082,3,2,9663482
2021-07-18,"Indie/AstraZeneca, Johnson&Johnson, Moderna, Oxford/AstraZeneca, Pfizer/BioNTech, Čína",5430860,4267105,3,2,9697965
2021-07-19,"Johnson&Johnson, Moderna, Oxford/AstraZeneca, Pfizer/BioNTech, Čína",5454250,4334136,3,3,9788386
2021-07-20,"Johnson&Johnson, Moderna, Oxford/AstraZeneca, Pfizer/BioNTech, Čína",5475702,4401217,5,3,9876919
2021-07-21,"Indie/AstraZeneca, Johnson&Johnson, Moderna, Oxford/AstraZeneca, Pfizer/BioNTech, Čína",5499197,4464714,5,3,9963911
2021-07-22,"Indie/AstraZeneca, Johnson&Johnson, Moderna, Oxford/AstraZeneca, Pfizer/BioNTech, Čína",5521596,4523390,5,3,10044986
2021-07-23,"Johnson&Johnson, Moderna, Oxford/AstraZeneca, Pfizer/BioNTech, Čína",5544875,4578201,5,3,10123076
2021-07-24,"Indie/AstraZeneca, Johnson&Johnson, Moderna, Oxford/AstraZeneca, Pfizer/BioNTech, Čína",5552265,4605896,5,3,10158161
2021-07-25,"Johnson&Johnson, Moderna, Oxford/AstraZeneca, Pfizer/BioNTech, Čína",5558934,4628048,5,3,10186982
2021-07-26,"Indie/AstraZeneca, Johnson&Johnson, Moderna, Oxford/AstraZeneca, Pfizer/BioNTech",5582520,4676754,5,3,10259274
2021-07-27,"Johnson&Johnson, Moderna, Oxford/AstraZeneca, Pfizer/BioNTech, Čína",5605313,4723449,5,3,10328762
2021-07-28,"Johnson&Johnson, Moderna, Oxford/AstraZeneca, Pfizer/BioNTech",5626637,4769520,5,7,10396157
2021-07-29,"Johnson&Johnson, Moderna, Oxford/AstraZeneca, Pfizer/BioNTech",5648004,4811549,5,7,10459553
2021-07-30,"Indie/AstraZeneca, Johnson&Johnson, Moderna, Oxford/AstraZeneca, Pfizer/BioNTech, Čína",5671332,4854170,6,7,10525502
2021-07-31,"Indie/AstraZeneca, Johnson&Johnson, Moderna, Oxford/AstraZeneca, Pfizer/BioNTech, Čína",5680315,4873746,6,7,10554061
2021-08-01,"Johnson&Johnson, Moderna, Oxford/AstraZeneca, Pfizer/BioNTech, Čína",5687076,4889935,6,7,10577011
2021-08-02,"Johnson&Johnson, Moderna, Oxford/AstraZeneca, Pfizer/BioNTech",5705758,4927541,6,7,10633299
2021-08-03,"Johnson&Johnson, Moderna, Oxford/AstraZeneca, Pfizer/BioNTech, Čína",5723456,4965714,6,7,10689170
2021-08-04,"Johnson&Johnson, Moderna, Oxford/AstraZeneca, Pfizer/BioNTech, Čína",5739614,5002537,6,7,10742151
2021-08-05,"Indie/AstraZeneca, Johnson&Johnson, Moderna, Oxford/AstraZeneca, Pfizer/BioNTech",5755697,5043077,6,7,10798774
2021-08-06,"Indie/AstraZeneca, Johnson&Johnson, Moderna, Oxford/AstraZeneca, Pfizer/BioNTech",5772548,5086446,6,7,10858994
2021-08-07,"Johnson&Johnson, Moderna, Oxford/AstraZeneca, Pfizer/BioNTech, Čína",5778189,5104652,6,7,10882841
2021-08-08,"Johnson&Johnson, Moderna, Oxford/AstraZeneca, Pfizer/BioNTech, Čína",5782577,5120442,7,7,10903019
2021-08-09,"Indie/AstraZeneca, Johnson&Johnson, Moderna, Oxford/AstraZeneca, Pfizer/BioNTech, Čína",5795238,5165563,7,8,10960801
2021-08-10,"Indie/AstraZeneca, Johnson&Johnson, Moderna, Oxford/AstraZeneca, Pfizer/BioNTech, Čína",5807129,5205196,7,8,11012325
2021-08-11,"Indie/AstraZeneca, Johnson&Johnson, Moderna, Oxford/AstraZeneca, Pfizer/BioNTech, Čína",5818528,5248380,7,8,11066908
2021-08-12,"Indie/AstraZeneca, Johnson&Johnson, Moderna, Oxford/AstraZeneca, Pfizer/BioNTech",5829975,5285556,7,8,11115531
2021-08-13,"Johnson&Johnson, Moderna, Oxford/AstraZeneca, Pfizer/BioNTech, Čína",5840734,5325958,7,8,11166692
2021-08-14,"Indie/AstraZeneca, Johnson&Johnson, Moderna, Oxford/AstraZeneca, Pfizer/BioNTech",5844096,5336699,7,8,11180795
2021-08-15,"Johnson&Johnson, Moderna, Oxford/AstraZeneca, Pfizer/BioNTech",5846698,5347105,7,8,11193803
2021-08-16,"Indie/AstraZeneca, Johnson&Johnson, Moderna, Oxford/AstraZeneca, Pfizer/BioNTech, Čína",5856511,5381221,7,8,11237732
2021-08-17,"Indie/AstraZeneca, Johnson&Johnson, Moderna, Oxford/AstraZeneca, Pfizer/BioNTech",5866124,5408379,7,8,11274503
2021-08-18,"Indie/AstraZeneca, Johnson&Johnson, Moderna, Oxford/AstraZeneca, Pfizer/BioNTech, Čína",5875526,5447326,7,8,11322852
2021-08-19,"Johnson&Johnson, Moderna, Oxford/AstraZeneca, Pfizer/BioNTech, Čína",5885225,5485717,7,8,11370942
2021-08-20,"Indie/AstraZeneca, Johnson&Johnson, Moderna, Oxford/AstraZeneca, Pfizer/BioNTech, Čína",5896646,5525966,7,8,11422612
2021-08-21,"Indie/AstraZeneca, Johnson&Johnson, Moderna, Oxford/AstraZeneca, Pfizer/BioNTech",5899386,5538776,7,8,11438162
2021-08-22,"Johnson&Johnson, Moderna, Oxford/AstraZeneca, Pfizer/BioNTech, Čína",5901741,5550772,7,8,11452513
2021-08-23,"Indie/AstraZeneca, Johnson&Johnson, Moderna, Oxford/AstraZeneca, Pfizer/BioNTech, Čína",5912294,5590091,9,8,11502385
2021-08-24,"Johnson&Johnson, Moderna, Oxford/AstraZeneca, Pfizer/BioNTech",5922184,5623359,9,8,11545543
2021-08-25,"Indie/AstraZeneca, Johnson&Johnson, Moderna, Oxford/AstraZeneca, Pfizer/BioNTech, Čína",5931078,5651802,10,8,11582880
2021-08-26,"Indie/AstraZeneca, Johnson&Johnson, Moderna, Oxford/AstraZeneca, Pfizer/BioNTech, Čína",5939548,5678004,12,10,11617552
2021-08-27,"Indie/AstraZeneca, Johnson&Johnson, Moderna, Oxford/AstraZeneca, Pfizer/BioNTech",5949890,5704047,13,10,11653937
2021-08-28,"Johnson&Johnson, Moderna, Oxford/AstraZeneca, Pfizer/BioNTech, Čína",5952644,5711153,13,10,11663797
2021-08-29,"Johnson&Johnson, Moderna, Oxford/AstraZeneca, Pfizer/BioNTech, Čína",5955066,5717795,13,10,11672861
2021-08-30,"Johnson&Johnson, Moderna, Oxford/AstraZeneca, Pfizer/BioNTech",5963609,5739718,13,10,11703327
2021-08-31,"Indie/AstraZeneca, Johnson&Johnson, Moderna, Oxford/AstraZeneca, Pfizer/BioNTech, Čína",5971309,5757874,13,10,11729183
2021-09-01,"Johnson&Johnson, Moderna, Oxford/AstraZeneca, Pfizer/BioNTech, Čína",5977261,5771921,14,10,11749182
2021-09-02,"Indie/AstraZeneca, Johnson&Johnson, Moderna, Oxford/AstraZeneca, Pfizer/BioNTech, Čína",5984120,5786346,14,10,11770466
2021-09-03,"Johnson&Johnson, Moderna, Oxford/AstraZeneca, Pfizer/BioNTech, Čína",5993691,5802118,14,10,11795809
2021-09-04,"Indie/AstraZeneca, Johnson&Johnson, Moderna, Oxford/AstraZeneca, Pfizer/BioNTech",5995780,5805707,14,10,11801487
2021-09-05,"Johnson&Johnson, Moderna, Oxford/AstraZeneca, Pfizer/BioNTech, Čína",5997834,5808566,14,10,11806400
2021-09-06,"Indie/AstraZeneca, Johnson&Johnson, Moderna, Oxford/AstraZeneca, Pfizer/BioNTech, Čína",6004091,5821146,14,10,11825237
2021-09-07,"Indie/AstraZeneca, Johnson&Johnson, Moderna, Oxford/AstraZeneca, Pfizer/BioNTech, Čína",6008496,5832269,15,10,11840765
2021-09-08,"Johnson&Johnson, Moderna, Oxford/AstraZeneca, Pfizer/BioNTech, Čína",6014191,5842164,18,10,11856355
2021-09-09,"Indie/AstraZeneca, Johnson&Johnson, Moderna, Oxford/AstraZeneca, Pfizer/BioNTech, Čína",6020896,5852260,19,10,11873156
2021-09-10,"Johnson&Johnson, Moderna, Oxford/AstraZeneca, Pfizer/BioNTech, Čína",6028623,5864484,20,10,11893107
2021-09-11,"Indie/AstraZeneca, Johnson&Johnson, Moderna, Oxford/AstraZeneca, Pfizer/BioNTech, Čína",6030511,5867010,20,11,11897521
2021-09-12,"Indie/AstraZeneca, Johnson&Johnson, Moderna, Oxford/AstraZeneca, Pfizer/BioNTech",6031638,5868659,21,11,11900297
2021-09-13,"Johnson&Johnson, Moderna, Oxford/AstraZeneca, Pfizer/BioNTech, Čína",6037099,5878993,21,11,11916092
2021-09-14,"Indie/AstraZeneca, Johnson&Johnson, Moderna, Oxford/AstraZeneca, Pfizer/BioNTech, Čína",6042516,5888028,21,11,11930544
2021-09-15,"Indie/AstraZeneca, Johnson&Johnson, Moderna, Oxford/AstraZeneca, Pfizer/BioNTech",6047750,5896581,27,11,11944331
2021-09-16,"Johnson&Johnson, Moderna, Oxford/AstraZeneca, Pfizer/BioNTech, Čína",6053132,5904876,27,11,11958008
2021-09-17,"Indie/AstraZeneca, Johnson&Johnson, Moderna, Oxford/AstraZeneca, Pfizer/BioNTech, Čína",6059718,5915133,31,11,11974851
2021-09-18,"Indie/AstraZeneca, Johnson&Johnson, Moderna, Oxford/AstraZeneca, Pfizer/BioNTech, Čína",6061460,5917513,33,11,11978973
2021-09-19,"Johnson&Johnson, Moderna, Oxford/AstraZeneca, Pfizer/BioNTech",6062415,5919089,35,11,11981504
2021-09-20,"Indie/AstraZeneca, Johnson&Johnson, Moderna, Oxford/AstraZeneca, Pfizer/BioNTech",6066456,5927317,470,11,11993773
2021-09-21,"Johnson&Johnson, Moderna, Oxford/AstraZeneca, Pfizer/BioNTech",6070711,5934877,924,11,12005588
2021-09-22,"Johnson&Johnson, Moderna, Oxford/AstraZeneca, Pfizer/BioNTech, Čína",6074917,5940428,1381,11,12015345
2021-09-23,"Johnson&Johnson, Moderna, Oxford/AstraZeneca, Pfizer/BioNTech, Čína",6079889,5946863,2394,12,12026752
2021-09-24,"Indie/AstraZeneca, Johnson&Johnson, Moderna, Oxford/AstraZeneca, Pfizer/BioNTech",6085660,5956498,2889,12,12042158
2021-09-25,"Indie/AstraZeneca, Johnson&Johnson, Moderna, Oxford/AstraZeneca, Pfizer/BioNTech",6087168,5958506,2970,12,12045674
2021-09-26,"Johnson&Johnson, Moderna, Oxford/AstraZeneca, Pfizer/BioNTech, Čína",6087921,5960154,3041,12,12048075
2021-09-27,"Indie/AstraZeneca, Johnson&Johnson, Moderna, Oxford/AstraZeneca, Pfizer/BioNTech, Čína",6091824,5966699,3790,12,12058523
2021-09-28,"Johnson&Johnson, Moderna, Oxford/AstraZeneca, Pfizer/BioNTech, Čína",6092215,5967347,3852,12,12059562
2021-09-29,"Indie/AstraZeneca, Johnson&Johnson, Moderna, Oxford/AstraZeneca, Pfizer/BioNTech, Čína",6096001,5974826,4865,12,12070827
2021-09-30,"Johnson&Johnson, Moderna, Oxford/AstraZeneca, Pfizer/BioNTech",6100534,5982558,6024,12,12083092
2021-10-01,"Indie/AstraZeneca, Johnson&Johnson, Moderna, Oxford/AstraZeneca, Pfizer/BioNTech, Čína",6104865,5990567,7893,12,12095432
2021-10-02,"Johnson&Johnson, Moderna, Oxford/AstraZeneca, Pfizer/BioNTech, Čína",6105940,5992128,8000,12,12098068
2021-10-03,"Johnson&Johnson, Moderna, Oxford/AstraZeneca, Pfizer/BioNTech",6106669,5993007,8085,12,12099676
2021-10-04,"Johnson&Johnson, Moderna, Oxford/AstraZeneca, Pfizer/BioNTech, Čína",6109760,5998600,9815,12,12108360
2021-10-05,"Johnson&Johnson, Moderna, Oxford/AstraZeneca, Pfizer/BioNTech, Čína",6112935,6003708,11948,13,12116643
2021-10-06,"Johnson&Johnson, Moderna, Oxford/AstraZeneca, Pfizer/BioNTech, Čína",6116469,6008901,14570,13,12125370
2021-10-07,"Johnson&Johnson, Moderna, Oxford/AstraZeneca, Pfizer/BioNTech",6119763,6014176,16976,13,12133939
2021-10-08,"Johnson&Johnson, Moderna, Oxford/AstraZeneca, Pfizer/BioNTech, Čína",6124578,6020842,20907,13,12145420
2021-10-09,"Indie/AstraZeneca, Johnson&Johnson, Moderna, Oxford/AstraZeneca, Pfizer/BioNTech",6125827,6022520,21372,13,12148347
2021-10-10,"Johnson&Johnson, Moderna, Oxford/AstraZeneca, Pfizer/BioNTech",6126781,6023364,21613,13,12150145
2021-10-11,"Indie/AstraZeneca, Johnson&Johnson, Moderna, Oxford/AstraZeneca, Pfizer/BioNTech, Čína",6129717,6027802,24274,13,12157519
2021-10-12,"Johnson&Johnson, Moderna, Oxford/AstraZeneca, Pfizer/BioNTech, Čína",6132674,6031814,27724,13,12164488
2021-10-13,"Johnson&Johnson, Moderna, Oxford/AstraZeneca, Pfizer/BioNTech, Čína",6136222,6036028,32101,13,12172250
2021-10-14,"Johnson&Johnson, Moderna, Oxford/AstraZeneca, Pfizer/BioNTech",6139900,6040985,36868,13,12180885
2021-10-15,"Johnson&Johnson, Moderna, Oxford/AstraZeneca, Pfizer/BioNTech, Čína",6145154,6047155,41964,13,12192309
2021-10-16,"Johnson&Johnson, Moderna, Oxford/AstraZeneca, Pfizer/BioNTech",6146580,6048696,43049,13,12195276
2021-10-17,"Johnson&Johnson, Moderna, Oxford/AstraZeneca, Pfizer/BioNTech, Čína",6147918,6049760,43612,13,12197678
2021-10-18,"Johnson&Johnson, Moderna, Oxford/AstraZeneca, Pfizer/BioNTech, Čína",6152053,6053884,50787,13,12205937
2021-10-19,"Johnson&Johnson, Moderna, Oxford/AstraZeneca, Pfizer/BioNTech",6155652,6056005,61729,13,12211657
2021-10-20,"Indie/AstraZeneca, Johnson&Johnson, Moderna, Oxford/AstraZeneca, Pfizer/BioNTech, Čína",6160565,6060480,76727,13,12221045
2021-10-21,"Johnson&Johnson, Moderna, Oxford/AstraZeneca, Pfizer/BioNTech, Čína",6168347,6066096,94314,13,12234443
2021-10-22,"Indie/AstraZeneca, Johnson&Johnson, Moderna, Oxford/AstraZeneca, Pfizer/BioNTech",6178828,6072605,113153,13,12251433
2021-10-23,"Indie/AstraZeneca, Johnson&Johnson, Moderna, Oxford/AstraZeneca, Pfizer/BioNTech, Čína",6182518,6074825,116820,13,12257343
2021-10-24,"Indie/AstraZeneca, Johnson&Johnson, Moderna, Oxford/AstraZeneca, Pfizer/BioNTech",6185213,6076615,119319,13,12261828
2021-10-25,"Indie/AstraZeneca, Johnson&Johnson, Moderna, Oxford/AstraZeneca, Pfizer/BioNTech, Čína",6195737,6082450,139161,13,12278187
2021-10-26,"Johnson&Johnson, Moderna, Oxford/AstraZeneca, Pfizer/BioNTech, Čína",6207755,6089012,161667,13,12296767
2021-10-27,"Johnson&Johnson, Moderna, Oxford/AstraZeneca, Pfizer/BioNTech, Čína",6222378,6096433,188065,14,12318811
2021-10-28,"Johnson&Johnson, Moderna, Oxford/AstraZeneca, Pfizer/BioNTech",6225825,6098138,192318,14,12323963
2021-10-29,"Johnson&Johnson, Moderna, Oxford/AstraZeneca, Pfizer/BioNTech, Čína",6240273,6106141,211387,14,12346414
2021-10-30,"Johnson&Johnson, Moderna, Oxford/AstraZeneca, Pfizer/BioNTech",6244816,6109071,215237,14,12353887
2021-10-31,"Johnson&Johnson, Moderna, Oxford/AstraZeneca, Pfizer/BioNTech",6248588,6111554,218940,14,12360142
2021-11-01,"Johnson&Johnson, Moderna, Oxford/AstraZeneca, Pfizer/BioNTech",6263797,6119242,240855,14,12383039
2021-11-02,"Johnson&Johnson, Moderna, Oxford/AstraZeneca, Pfizer/BioNTech, Čína",6279247,6126808,266341,14,12406055
2021-11-03,"Johnson&Johnson, Moderna, Oxford/AstraZeneca, Pfizer/BioNTech, Čína",6296444,6134112,296599,14,12430556
2021-11-04,"Johnson&Johnson, Moderna, Oxford/AstraZeneca, Pfizer/BioNTech, Čína",6314795,6142296,327740,14,12457091
2021-11-05,"Johnson&Johnson, Moderna, Oxford/AstraZeneca, Pfizer/BioNTech",6337603,6153596,358691,14,12491199
2021-11-06,"Indie/AstraZeneca, Johnson&Johnson, Moderna, Oxford/AstraZeneca, Pfizer/BioNTech, Čína",6344124,6156666,365509,14,12500790
2021-11-07,"Johnson&Johnson, Moderna, Oxford/AstraZeneca, Pfizer/BioNTech",6348161,6159111,370171,15,12507272
2021-11-08,"Johnson&Johnson, Moderna, Oxford/AstraZeneca, Pfizer/BioNTech, Čína",6364437,6166754,395422,15,12531191
2021-11-09,"Johnson&Johnson, Moderna, Oxford/AstraZeneca, Pfizer/BioNTech",6379264,6174075,423607,15,12553339
2021-11-10,"Johnson&Johnson, Moderna, Oxford/AstraZeneca, Pfizer/BioNTech, Čína",6395018,6181475,452344,15,12576493
2021-11-11,"Johnson&Johnson, Moderna, Oxford/AstraZeneca, Pfizer/BioNTech, Čína",6410504,6190599,480010,16,12601103
2021-11-12,"Johnson&Johnson, Moderna, Oxford/AstraZeneca, Pfizer/BioNTech",6430319,6203412,507538,16,12633731
2021-11-13,"Johnson&Johnson, Moderna, Oxford/AstraZeneca, Pfizer/BioNTech",6435720,6207303,513286,16,12643023
2021-11-14,"Johnson&Johnson, Moderna, Oxford/AstraZeneca, Pfizer/BioNTech, Čína",6439630,6210322,516937,16,12649952
2021-11-15,"Johnson&Johnson, Moderna, Oxford/AstraZeneca, Pfizer/BioNTech, Čína",6454728,6221047,539499,16,12675775
2021-11-16,"Johnson&Johnson, Moderna, Oxford/AstraZeneca, Pfizer/BioNTech, Čína",6472259,6233045,566565,16,12705304
2021-11-17,"Johnson&Johnson, Moderna, Oxford/AstraZeneca, Pfizer/BioNTech, Čína",6476517,6236631,571087,16,12713148
2021-11-18,"Johnson&Johnson, Moderna, Oxford/AstraZeneca, Pfizer/BioNTech, Čína",6495933,6248339,596813,16,12744272
2021-11-19,"Johnson&Johnson, Moderna, Oxford/AstraZeneca, Pfizer/BioNTech",6520554,6265330,622268,16,12785884
2021-11-20,"Johnson&Johnson, Moderna, Oxford/AstraZeneca, Pfizer/BioNTech",6529133,6270326,627857,16,12799459
2021-11-21,"Johnson&Johnson, Moderna, Oxford/AstraZeneca, Pfizer/BioNTech",6535900,6274114,630857,16,12810014
2021-11-22,"Johnson&Johnson, Moderna, Oxford/AstraZeneca, Pfizer/BioNTech, Čína",6554416,6288254,653461,16,12842670
2021-11-23,"Johnson&Johnson, Moderna, Oxford/AstraZeneca, Pfizer/BioNTech, Čína",6573488,6301531,682135,16,12875019
2021-11-24,"Johnson&Johnson, Moderna, Oxford/AstraZeneca, Pfizer/BioNTech, Čína",6592502,6317400,711231,16,12909902
2021-11-25,"Johnson&Johnson, Moderna, Oxford/AstraZeneca, Pfizer/BioNTech",6611655,6332446,744711,16,12944101
2021-11-26,"Johnson&Johnson, Moderna, Oxford/AstraZeneca, Pfizer/BioNTech, Pfizer/BioNTech Kids",6633321,6351599,779524,17,12984920
2021-11-27,"Johnson&Johnson, Moderna, Oxford/AstraZeneca, Pfizer/BioNTech",6640803,6357170,787490,17,12997973
2021-11-28,"Johnson&Johnson, Moderna, Oxford/AstraZeneca, Pfizer/BioNTech",6644138,6360318,794496,17,13004456
2021-11-29,"Johnson&Johnson, Moderna, Oxford/AstraZeneca, Pfizer/BioNTech, Pfizer/BioNTech Kids, Čína",6659351,6373986,833558,18,13033337
2021-11-30,"Johnson&Johnson, Moderna, Oxford/AstraZeneca, Pfizer/BioNTech, Pfizer/BioNTech Kids",6672566,6385233,884832,19,13057799
2021-12-01,"Johnson&Johnson, Moderna, Oxford/AstraZeneca, Pfizer/BioNTech, Pfizer/BioNTech Kids, Čína",6686626,6397707,949019,20,13084333
2021-12-02,"Johnson&Johnson, Moderna, Oxford/AstraZeneca, Pfizer/BioNTech, Pfizer/BioNTech Kids, Čína",6697283,6410217,1022166,21,13107500
2021-12-03,"Indie/AstraZeneca, Johnson&Johnson, Moderna, Oxford/AstraZeneca, Pfizer/BioNTech",6706934,6425816,1098051,23,13132750
2021-12-04,"Indie/AstraZeneca, Johnson&Johnson, Moderna, Pfizer/BioNTech, Pfizer/BioNTech Kids",6709498,6429783,1124555,23,13139281
2021-12-05,"Johnson&Johnson, Moderna, Oxford/AstraZeneca, Pfizer/BioNTech, Pfizer/BioNTech Kids",6710860,6432130,1143617,23,13142990
2021-12-06,"Johnson&Johnson, Moderna, Oxford/AstraZeneca, Pfizer/BioNTech, Pfizer/BioNTech Kids, Čína",6719017,6443675,1210464,23,13162692
2021-12-07,"Johnson&Johnson, Moderna, Oxford/AstraZeneca, Pfizer/BioNTech, Pfizer/BioNTech Kids",6726913,6455696,1288522,23,13182609
2021-12-08,"Johnson&Johnson, Moderna, Oxford/AstraZeneca, Pfizer/BioNTech, Pfizer/BioNTech Kids, Čína",6735165,6461636,1370419,24,13196801
2021-12-09,"Johnson&Johnson, Moderna, Oxford/AstraZeneca, Pfizer/BioNTech, Pfizer/BioNTech Kids",6742291,6474471,1451429,24,13216762
2021-12-10,"Johnson&Johnson, Moderna, Oxford/AstraZeneca, Pfizer/BioNTech, Pfizer/BioNTech Kids",6749226,6492297,1527930,25,13241523
2021-12-11,"Johnson&Johnson, Moderna, Oxford/AstraZeneca, Pfizer/BioNTech, Pfizer/BioNTech Kids",6750883,6497568,1553977,25,13248451
2021-12-12,"Johnson&Johnson, Moderna, Oxford/AstraZeneca, Pfizer/BioNTech, Pfizer/BioNTech Kids",6752196,6502014,1570025,25,13254210
2021-12-13,"Johnson&Johnson, Moderna, Oxford/AstraZeneca, Pfizer/BioNTech, Pfizer/BioNTech Kids",6758555,6515340,1630688,26,13273895
2021-12-14,"Johnson&Johnson, Moderna, Oxford/AstraZeneca, Pfizer/BioNTech, Pfizer/BioNTech Kids",6764768,6529021,1704106,28,13293789
2021-12-15,"Johnson&Johnson, Moderna, Oxford/AstraZeneca, Pfizer/BioNTech, Pfizer/BioNTech Kids, Čína",6770979,6542629,1777867,29,13313608
2021-12-16,"Indie/Bahrat Biotech, Johnson&Johnson, Moderna, Oxford/AstraZeneca, Pfizer/BioNTech, Pfizer/BioNTech Kids, Čína",6777921,6557477,1852726,29,13335398
2021-12-17,"Johnson&Johnson, Moderna, Oxford/AstraZeneca, Pfizer/BioNTech, Pfizer/BioNTech Kids",6786288,6574764,1926853,29,13361052
2021-12-18,"Johnson&Johnson, Moderna, Oxford/AstraZeneca, Pfizer/BioNTech, Pfizer/BioNTech Kids",6788902,6580227,1952514,29,13369129
2021-12-19,"Johnson&Johnson, Moderna, Pfizer/BioNTech, Pfizer/BioNTech Kids",6790677,6582737,1970670,29,13373414
2021-12-20,"Johnson&Johnson, Moderna, Oxford/AstraZeneca, Pfizer/BioNTech, Pfizer/BioNTech Kids, Čína",6796537,6596808,2035960,29,13393345
2021-12-21,"Johnson&Johnson, Moderna, Oxford/AstraZeneca, Pfizer/BioNTech, Pfizer/BioNTech Kids, Čína",6803200,6608831,2105375,31,13412031
2021-12-22,"Indie/AstraZeneca, Johnson&Johnson, Moderna, Oxford/AstraZeneca, Pfizer/BioNTech, Pfizer/BioNTech Kids",6808247,6621895,2163246,31,13430142
2021-12-23,"Johnson&Johnson, Moderna, Oxford/AstraZeneca, Pfizer/BioNTech, Pfizer/BioNTech Kids",6811124,6627512,2190810,31,13438636
2021-12-24,"Johnson&Johnson, Moderna, Oxford/AstraZeneca, Pfizer/BioNTech",6811171,6627622,2191240,31,13438793
2021-12-25,"Moderna, Pfizer/BioNTech, Pfizer/BioNTech Kids",6811174,6627640,2191264,31,13438814
2021-12-26,"Moderna, Pfizer/BioNTech, Pfizer/BioNTech Kids",6811277,6627844,2192264,31,13439121
2021-12-27,"Johnson&Johnson, Moderna, Pfizer/BioNTech, Pfizer/BioNTech Kids",6815144,6637593,2241848,31,13452737
2021-12-28,"Johnson&Johnson, Moderna, Oxford/AstraZeneca, Pfizer/BioNTech, Pfizer/BioNTech Kids",6820388,6645599,2300357,31,13465987
2021-12-29,"Johnson&Johnson, Moderna, Oxford/AstraZeneca, Pfizer/BioNTech, Pfizer/BioNTech Kids",6824670,6653328,2357050,31,13477998
2021-12-30,"Johnson&Johnson, Moderna, Pfizer/BioNTech, Pfizer/BioNTech Kids",6828974,6658768,2400752,31,13487742
2021-12-31,"Johnson&Johnson, Moderna, Pfizer/BioNTech, Pfizer/BioNTech Kids",6829485,6660199,2409804,31,13489684
2022-01-01,"Moderna, Pfizer/BioNTech, Pfizer/BioNTech Kids",6829493,6660217,2409840,31,13489710
2022-01-02,"Johnson&Johnson, Moderna, Oxford/AstraZeneca, Pfizer/BioNTech, Pfizer/BioNTech Kids",6830349,6661598,2422915,31,13491947
2022-01-03,"Johnson&Johnson, Moderna, Oxford/AstraZeneca, Pfizer/BioNTech, Pfizer/BioNTech Kids",6834487,6670511,2482150,31,13504998
2022-01-04,"Johnson&Johnson, Moderna, Oxford/AstraZeneca, Pfizer/BioNTech, Pfizer/BioNTech Kids",6839574,6678272,2558787,31,13517846
2022-01-05,"Johnson&Johnson, Moderna, Oxford/AstraZeneca, Pfizer/BioNTech, Pfizer/BioNTech Kids, Čína",6845400,6686256,2639611,31,13531656
2022-01-06,"Johnson&Johnson, Moderna, Oxford/AstraZeneca, Pfizer/BioNTech, Pfizer/BioNTech Kids",6851992,6694660,2726679,32,13546652
2022-01-07,"Johnson&Johnson, Moderna, Oxford/AstraZeneca, Pfizer/BioNTech, Pfizer/BioNTech Kids",6859881,6705017,2820613,32,13564898
2022-01-08,"Johnson&Johnson, Moderna, Oxford/AstraZeneca, Pfizer/BioNTech, Pfizer/BioNTech Kids",6862359,6707796,2849884,32,13570155
2022-01-09,"Indie/AstraZeneca, Johnson&Johnson, Moderna, Pfizer/BioNTech, Pfizer/BioNTech Kids",6863442,6709497,2867163,32,13572939
2022-01-10,"Johnson&Johnson, Moderna, Oxford/AstraZeneca, Pfizer/BioNTech, Pfizer/BioNTech Kids",6867954,6715692,2936126,33,13583646
2022-01-11,"Johnson&Johnson, Moderna, Oxford/AstraZeneca, Pfizer/BioNTech, Pfizer/BioNTech Kids",6873408,6722451,3012095,35,13595859
2022-01-12,"Johnson&Johnson, Moderna, Oxford/AstraZeneca, Pfizer/BioNTech, Pfizer/BioNTech Kids",6879369,6728097,3087830,35,13607466
2022-01-13,"Johnson&Johnson, Moderna, Oxford/AstraZeneca, Pfizer/BioNTech, Pfizer/BioNTech Kids",6885256,6732876,3162758,36,13618132
2022-01-14,"Johnson&Johnson, Moderna, Oxford/AstraZeneca, Pfizer/BioNTech, Pfizer/BioNTech Kids",6891560,6736509,3245804,37,13628069
2022-01-15,"Johnson&Johnson, Moderna, Oxford/AstraZeneca, Pfizer/BioNTech, Pfizer/BioNTech Kids",6892840,6737168,3268482,37,13630008
2022-01-16,"Johnson&Johnson, Moderna, Oxford/AstraZeneca, Pfizer/BioNTech, Pfizer/BioNTech Kids",6893530,6737606,3280277,37,13631136
2022-01-17,"Johnson&Johnson, Moderna, Oxford/AstraZeneca, Pfizer/BioNTech, Pfizer/BioNTech Kids",6897089,6741569,3326867,38,13638658
2022-01-18,"Johnson&Johnson, Moderna, Oxford/AstraZeneca, Pfizer/BioNTech, Pfizer/BioNTech Kids",6900945,6746528,3375936,40,13647473
2022-01-19,"Johnson&Johnson, Moderna, Oxford/AstraZeneca, Pfizer/BioNTech, Pfizer/BioNTech Kids, Čína",6905015,6750462,3420616,41,13655477
2022-01-20,"Johnson&Johnson, Moderna, Oxford/AstraZeneca, Pfizer/BioNTech, Pfizer/BioNTech Kids",6908617,6754924,3467514,42,13663541
2022-01-21,"Johnson&Johnson, Moderna, Oxford/AstraZeneca, Pfizer/BioNTech, Pfizer/BioNTech Kids, Čína",6912618,6757457,3523006,42,13670075
2022-01-22,"Johnson&Johnson, Moderna, Pfizer/BioNTech, Pfizer/BioNTech Kids, Čína",6913399,6757901,3532803,42,13671300
2022-01-23,"Johnson&Johnson, Moderna, Pfizer/BioNTech, Pfizer/BioNTech Kids",6913961,6758536,3538175,42,13672497
2022-01-24,"Johnson&Johnson, Moderna, Oxford/AstraZeneca, Pfizer/BioNTech, Pfizer/BioNTech Kids",6916241,6761975,3570640,42,13678216
2022-01-25,"Johnson&Johnson, Moderna, Oxford/AstraZeneca, Pfizer/BioNTech, Pfizer/BioNTech Kids",6918601,6765972,3601749,42,13684573
2022-01-26,"Johnson&Johnson, Moderna, Oxford/AstraZeneca, Pfizer/BioNTech, Pfizer/BioNTech Kids",6920987,6770543,3634461,42,13691530
2022-01-27,"Johnson&Johnson, Moderna, Oxford/AstraZeneca, Pfizer/BioNTech, Pfizer/BioNTech Kids",6923315,6775359,3667262,43,13698674
2022-01-28,"Johnson&Johnson, Moderna, Oxford/AstraZeneca, Pfizer/BioNTech, Pfizer/BioNTech Kids",6926235,6781528,3714834,43,13707763
2022-01-29,"Johnson&Johnson, Moderna, Oxford/AstraZeneca, Pfizer/BioNTech, Pfizer/BioNTech Kids",6926839,6783180,3724681,43,13710019
2022-01-30,"Johnson&Johnson, Moderna, Pfizer/BioNTech, Pfizer/BioNTech Kids",6927068,6783964,3728528,43,13711032
2022-01-31,"Johnson&Johnson, Moderna, Pfizer/BioNTech, Pfizer/BioNTech Kids",6928612,6787901,3753366,45,13716513
2022-02-01,"Johnson&Johnson, Moderna, Pfizer/BioNTech, Pfizer/BioNTech Kids",6930209,6791938,3773907,45,13722147
2022-02-02,"Johnson&Johnson, Moderna, Oxford/AstraZeneca, Pfizer/BioNTech, Pfizer/BioNTech Kids",6931777,6796458,3794142,46,13728235
2022-02-03,"Johnson&Johnson, Moderna, Pfizer/BioNTech, Pfizer/BioNTech Kids",6933155,6800942,3814805,46,13734097
2022-02-04,"Johnson&Johnson, Moderna, Oxford/AstraZeneca, Pfizer/BioNTech, Pfizer/BioNTech Kids",6934761,6806059,3844561,46,13740820
2022-02-05,"Johnson&Johnson, Moderna, Pfizer/BioNTech, Pfizer/BioNTech Kids",6934935,6806671,3849467,46,13741606
2022-02-06,"Johnson&Johnson, Moderna, Pfizer/BioNTech, Pfizer/BioNTech Kids",6935031,6806991,3851353,46,13742022
2022-02-07,"Indie/AstraZeneca, Johnson&Johnson, Moderna, Pfizer/BioNTech, Pfizer/BioNTech Kids",6935738,6810205,3863942,46,13745943
2022-02-08,"Johnson&Johnson, Moderna, Pfizer/BioNTech, Pfizer/BioNTech Kids",6936534,6813402,3876055,46,13749936
2022-02-09,"Johnson&Johnson, Moderna, Oxford/AstraZeneca, Pfizer/BioNTech, Pfizer/BioNTech Kids",6937357,6816777,3888031,46,13754134
2022-02-10,"Johnson&Johnson, Moderna, Pfizer/BioNTech, Pfizer/BioNTech Kids",6938170,6819913,3900182,46,13758083
2022-02-11,"Johnson&Johnson, Moderna, Pfizer/BioNTech, Pfizer/BioNTech Kids",6939125,6823836,3919117,46,13762961
2022-02-12,"Johnson&Johnson, Moderna, Pfizer/BioNTech, Pfizer/BioNTech Kids",6939239,6824259,3921481,46,13763498
2022-02-13,"Johnson&Johnson, Moderna, Pfizer/BioNTech, Pfizer/BioNTech Kids",6939277,6824697,3922913,46,13763974
2022-02-14,"Johnson&Johnson, Moderna, Pfizer/BioNTech, Pfizer/BioNTech Kids",6939739,6826814,3931004,46,13766553
2022-02-15,"Johnson&Johnson, Moderna, Oxford/AstraZeneca, Pfizer/BioNTech, Pfizer/BioNTech Kids",6940293,6829025,3938382,46,13769318
2022-02-16,"Johnson&Johnson, Moderna, Pfizer/BioNTech, Pfizer/BioNTech Kids",6940890,6831127,3946377,46,13772017
2022-02-17,"Johnson&Johnson, Moderna, Pfizer/BioNTech, Pfizer/BioNTech Kids",6941488,6833475,3954744,47,13774963
2022-02-18,"Johnson&Johnson, Moderna, Oxford/AstraZeneca, Pfizer/BioNTech, Pfizer/BioNTech Kids",6942133,6836533,3968554,47,13778666
2022-02-19,"Johnson&Johnson, Moderna, Pfizer/BioNTech, Pfizer/BioNTech Kids",6942214,6836817,3970509,47,13779031
2022-02-20,"Johnson&Johnson, Moderna, Oxford/AstraZeneca, Pfizer/BioNTech, Pfizer/BioNTech Kids",6942255,6836967,3971249,48,13779222
2022-02-21,"Johnson&Johnson, Moderna, Oxford/AstraZeneca, Pfizer/BioNTech, Pfizer/BioNTech Kids",6942622,6838671,3977152,48,13781293
2022-02-22,"Johnson&Johnson, Moderna, Oxford/AstraZeneca, Pfizer/BioNTech, Pfizer/BioNTech Kids",6943016,6840373,3982751,48,13783389
2022-02-23,"Johnson&Johnson, Moderna, Pfizer/BioNTech, Pfizer/BioNTech Kids",6943475,6842016,3988530,48,13785491
2022-02-24,"Johnson&Johnson, Moderna, Pfizer/BioNTech, Pfizer/BioNTech Kids",6943884,6843648,3994628,48,13787532
2022-02-25,"Johnson&Johnson, Moderna, Pfizer/BioNTech, Pfizer/BioNTech Kids",6944468,6845737,4005751,48,13790205
2022-02-26,"Johnson&Johnson, Moderna, Pfizer/BioNTech, Pfizer/BioNTech Kids",6944528,6845898,4007389,48,13790426
2022-02-27,"Johnson&Johnson, Moderna, Pfizer/BioNTech, Pfizer/BioNTech Kids",6944559,6845975,4008009,48,13790534
2022-02-28,"Johnson&Johnson, Moderna, Pfizer/BioNTech, Pfizer/BioNTech Kids",6944806,6846954,4012738,48,13791760
2022-03-01,"Johnson&Johnson, Moderna, Pfizer/BioNTech, Pfizer/BioNTech Kids",6945115,6847739,4015717,48,13792854
2022-03-02,"Johnson&Johnson, Moderna, Novavax, Pfizer/BioNTech, Pfizer/BioNTech Kids",6945488,6848648,4019513,48,13794136
2022-03-03,"Johnson&Johnson, Moderna, Novavax, Pfizer/BioNTech, Pfizer/BioNTech Kids",6945825,6849591,4023219,48,13795416
2022-03-04,"Johnson&Johnson, Moderna, Novavax, Pfizer/BioNTech, Pfizer/BioNTech Kids",6946460,6850813,4030437,49,13797273
2022-03-05,"Johnson&Johnson, Moderna, Novavax, Pfizer/BioNTech, Pfizer/BioNTech Kids",6946541,6850906,4031055,49,13797447
2022-03-06,"Moderna, Novavax, Oxford/AstraZeneca, Pfizer/BioNTech, Pfizer/BioNTech Kids",6946554,6850924,4031252,49,13797478
2022-03-07,"Johnson&Johnson, Moderna, Novavax, Pfizer/BioNTech, Pfizer/BioNTech Kids",6946889,6851483,4033991,49,13798372
2022-03-08,"Johnson&Johnson, Moderna, Novavax, Oxford/AstraZeneca, Pfizer/BioNTech, Pfizer/BioNTech Kids",6947224,6852027,4036525,49,13799251
2022-03-09,"Johnson&Johnson, Moderna, Novavax, Pfizer/BioNTech, Pfizer/BioNTech Kids",6947613,6852624,4039824,49,13800237
2022-03-10,"Johnson&Johnson, Moderna, Novavax, Pfizer/BioNTech, Pfizer/BioNTech Kids",6948026,6853301,4042927,49,13801327
2022-03-11,"Johnson&Johnson, Moderna, Novavax, Pfizer/BioNTech, Pfizer/BioNTech Kids",6948777,6854212,4049269,49,13802989
2022-03-12,"Johnson&Johnson, Moderna, Novavax, Pfizer/BioNTech, Pfizer/BioNTech Kids",6948849,6854317,4050164,49,13803166
2022-03-13,"Johnson&Johnson, Moderna, Novavax, Pfizer/BioNTech, Pfizer/BioNTech Kids",6948862,6854340,4050351,49,13803202
2022-03-14,"Johnson&Johnson, Moderna, Novavax, Pfizer/BioNTech, Pfizer/BioNTech Kids",6949129,6854726,4053115,49,13803855
2022-03-15,"Johnson&Johnson, Moderna, Novavax, Pfizer/BioNTech, Pfizer/BioNTech Kids",6949414,6855163,4055736,49,13804577
2022-03-16,"Johnson&Johnson, Moderna, Novavax, Oxford/AstraZeneca, Pfizer/BioNTech, Pfizer/BioNTech Kids",6949734,6855708,4058657,49,13805442
2022-03-17,"Johnson&Johnson, Moderna, Novavax, Oxford/AstraZeneca, Pfizer/BioNTech, Pfizer/BioNTech Kids",6950030,6856140,4061752,49,13806170
2022-03-18,"Johnson&Johnson, Moderna, Novavax, Pfizer/BioNTech, Pfizer/BioNTech Kids",6950727,6856938,4068474,49,13807665
2022-03-19,"Moderna, Novavax, Pfizer/BioNTech, Pfizer/BioNTech Kids",6950783,6856983,4068921,49,13807766
2022-03-20,"Moderna, Novavax, Pfizer/BioNTech, Pfizer/BioNTech Kids",6950801,6856996,4069101,49,13807797
2022-03-21,"Johnson&Johnson, Moderna, Novavax, Pfizer/BioNTech, Pfizer/BioNTech Kids",6950990,6857323,4071568,49,13808313
2022-03-22,"Johnson&Johnson, Moderna, Novavax, Pfizer/BioNTech, Pfizer/BioNTech Kids",6951236,6857726,4073827,49,13808962
2022-03-23,"Johnson&Johnson, Moderna, Novavax, Pfizer/BioNTech, Pfizer/BioNTech Kids",6951574,6858166,4076660,49,13809740
2022-03-24,"Johnson&Johnson, Moderna, Novavax, Pfizer/BioNTech, Pfizer/BioNTech Kids",6951886,6858639,4079819,50,13810525
2022-03-25,"Johnson&Johnson, Moderna, Novavax, Pfizer/BioNTech, Pfizer/BioNTech Kids",6952383,6859452,4086403,50,13811835
2022-03-26,"Johnson&Johnson, Moderna, Novavax, Pfizer/BioNTech, Pfizer/BioNTech Kids",6952436,6859531,4086797,50,13811967
2022-03-27,"Moderna, Novavax, Pfizer/BioNTech, Pfizer/BioNTech Kids",6952452,6859548,4086912,50,13812000
2022-03-28,"Johnson&Johnson, Moderna, Novavax, Pfizer/BioNTech, Pfizer/BioNTech Kids",6952607,6859928,4089244,50,13812535
2022-03-29,"Johnson&Johnson, Moderna, Novavax, Pfizer/BioNTech, Pfizer/BioNTech Kids",6952870,6860334,4091542,50,13813204
2022-03-30,"Johnson&Johnson, Moderna, Novavax, Pfizer/BioNTech, Pfizer/BioNTech Kids",6953177,6860827,4094374,50,13814004
2022-03-31,"Johnson&Johnson, Moderna, Novavax, Pfizer/BioNTech, Pfizer/BioNTech Kids",6953475,6861320,4097675,50,13814795
2022-04-01,"Johnson&Johnson, Moderna, Novavax, Pfizer/BioNTech, Pfizer/BioNTech Kids",6954083,6862080,4103577,50,13816163
2022-04-02,"Moderna, Novavax, Pfizer/BioNTech, Pfizer/BioNTech Kids",6954140,6862165,4104392,50,13816305
2022-04-03,"Moderna, Novavax, Pfizer/BioNTech, Pfizer/BioNTech Kids",6954153,6862194,4104561,50,13816347
2022-04-04,"Johnson&Johnson, Moderna, Novavax, Pfizer/BioNTech, Pfizer/BioNTech Kids",6954333,6862477,4106397,50,13816810
2022-04-05,"Johnson&Johnson, Moderna, Novavax, Pfizer/BioNTech, Pfizer/BioNTech Kids",6954524,6862715,4108011,50,13817239
2022-04-06,"Johnson&Johnson, Moderna, Novavax, Pfizer/BioNTech, Pfizer/BioNTech Kids",6954743,6863061,4110754,50,13817804
2022-04-07,"Johnson&Johnson, Moderna, Novavax, Pfizer/BioNTech, Pfizer/BioNTech Kids",6954967,6863481,4113591,50,13818448
2022-04-08,"Johnson&Johnson, Moderna, Novavax, Pfizer/BioNTech, Pfizer/BioNTech Kids",6955422,6864206,4119630,50,13819628
2022-04-09,"Johnson&Johnson, Moderna, Novavax, Pfizer/BioNTech, Pfizer/BioNTech Kids",6955482,6864278,4120155,50,13819760
2022-04-10,"Moderna, Novavax, Pfizer/BioNTech, Pfizer/BioNTech Kids",6955496,6864288,4120276,50,13819784
2022-04-11,"Johnson&Johnson, Moderna, Novavax, Pfizer/BioNTech, Pfizer/BioNTech Kids",6955659,6864520,4122130,50,13820179
2022-04-12,"Johnson&Johnson, Moderna, Novavax, Pfizer/BioNTech, Pfizer/BioNTech Kids",6955905,6864822,4124043,52,13820727
2022-04-13,"Johnson&Johnson, Moderna, Novavax, Pfizer/BioNTech, Pfizer/BioNTech Kids",6956146,6865176,4127168,52,13821322
2022-04-14,"Johnson&Johnson, Moderna, Novavax, Pfizer/BioNTech, Pfizer/BioNTech Kids",6956409,6865563,4130897,52,13821972
2022-04-15,"Moderna, Novavax, Pfizer/BioNTech, Pfizer/BioNTech Kids",6956425,6865594,4131043,52,13822019
2022-04-16,"Johnson&Johnson, Moderna, Novavax, Pfizer/BioNTech, Pfizer/BioNTech Kids",6956445,6865629,4131260,52,13822074
2022-04-17,"Moderna, Novavax, Pfizer/BioNTech",6956446,6865630,4131311,52,13822076
2022-04-18,"Johnson&Johnson, Moderna, Novavax, Pfizer/BioNTech, Pfizer/BioNTech Kids",6956462,6865649,4131321,52,13822111
2022-04-19,"Johnson&Johnson, Moderna, Novavax, Pfizer/BioNTech, Pfizer/BioNTech Kids",6956602,6865988,4133107,52,13822590
2022-04-20,"Johnson&Johnson, Moderna, Novavax, Pfizer/BioNTech, Pfizer/BioNTech Kids, Čína",6956824,6866378,4135614,52,13823202
2022-04-21,"Johnson&Johnson, Moderna, Novavax, Pfizer/BioNTech, Pfizer/BioNTech Kids",6957042,6866803,4138027,52,13823845
2022-04-22,"Johnson&Johnson, Moderna, Novavax, Pfizer/BioNTech, Pfizer/BioNTech Kids",6957508,6867631,4143625,52,13825139
2022-04-23,"Moderna, Novavax, Pfizer/BioNTech, Pfizer/BioNTech Kids",6957539,6867710,4144414,52,13825249
2022-04-24,"Moderna, Novavax, Pfizer/BioNTech, Pfizer/BioNTech Kids",6957544,6867721,4144543,52,13825265
2022-04-25,"Johnson&Johnson, Moderna, Novavax, Pfizer/BioNTech, Pfizer/BioNTech Kids",6957700,6867931,4146387,52,13825631
2022-04-26,"Johnson&Johnson, Moderna, Novavax, Pfizer/BioNTech, Pfizer/BioNTech Kids",6957840,6868195,4147955,52,13826035
2022-04-27,"Johnson&Johnson, Moderna, Novavax, Pfizer/BioNTech, Pfizer/BioNTech Kids",6958109,6868528,4150402,52,13826637
2022-04-28,"Johnson&Johnson, Moderna, Novavax, Pfizer/BioNTech, Pfizer/BioNTech Kids",6958303,6868818,4152823,52,13827121
2022-04-29,"Johnson&Johnson, Moderna, Novavax, Pfizer/BioNTech, Pfizer/BioNTech Kids",6958743,6869408,4157603,52,13828151
2022-04-30,"Moderna, Novavax, Pfizer/BioNTech, Pfizer/BioNTech Kids",6958789,6869475,4158180,52,13828264
2022-05-01,"Moderna, Novavax, Oxford/AstraZeneca, Pfizer/BioNTech, Pfizer/BioNTech Kids",6958794,6869485,4158277,52,13828279
2022-05-02,"Johnson&Johnson, Moderna, Novavax, Pfizer/BioNTech, Pfizer/BioNTech Kids",6958934,6869667,4159561,52,13828601
2022-05-03,"Johnson&Johnson, Moderna, Novavax, Pfizer/BioNTech, Pfizer/BioNTech Kids",6959091,6869923,4160955,52,13829014
2022-05-04,"Johnson&Johnson, Moderna, Novavax, Pfizer/BioNTech, Pfizer/BioNTech Kids",6959297,6870198,4163084,52,13829495
2022-05-05,"Johnson&Johnson, Moderna, Novavax, Pfizer/BioNTech, Pfizer/BioNTech Kids",6959505,6870489,4165215,52,13829994
2022-05-06,"Johnson&Johnson, Moderna, Novavax, Pfizer/BioNTech, Pfizer/BioNTech Kids",6959883,6870831,4170163,53,13830714
2022-05-07,"Moderna, Novavax, Pfizer/BioNTech, Pfizer/BioNTech Kids",6959910,6870858,4170505,54,13830768
2022-05-08,"Moderna, Pfizer/BioNTech, Pfizer/BioNTech Kids",6959912,6870867,4170549,54,13830779
2022-05-09,"Johnson&Johnson, Moderna, Novavax, Pfizer/BioNTech, Pfizer/BioNTech Kids",6960020,6870957,4171837,54,13830977
2022-05-10,"Johnson&Johnson, Moderna, Novavax, Pfizer/BioNTech, Pfizer/BioNTech Kids",6960175,6871194,4173451,54,13831369
2022-05-11,"Johnson&Johnson, Moderna, Novavax, Oxford/AstraZeneca, Pfizer/BioNTech, Pfizer/BioNTech Kids",6960396,6871462,4175762,54,13831858
2022-05-12,"Johnson&Johnson, Moderna, Novavax, Pfizer/BioNTech, Pfizer/BioNTech Kids",6960606,6871742,4177892,54,13832348
2022-05-13,"Johnson&Johnson, Moderna, Novavax, Pfizer/BioNTech, Pfizer/BioNTech Kids",6960953,6872242,4182109,54,13833195
2022-05-14,"Johnson&Johnson, Moderna, Novavax, Pfizer/BioNTech, Pfizer/BioNTech Kids",6960994,6872282,4182696,54,13833276
2022-05-15,"Johnson&Johnson, Moderna, Novavax, Pfizer/BioNTech, Pfizer/BioNTech Kids",6961009,6872293,4182798,55,13833302
2022-05-16,"Johnson&Johnson, Moderna, Novavax, Pfizer/BioNTech, Pfizer/BioNTech Kids",6961119,6872413,4184135,55,13833532
2022-05-17,"Johnson&Johnson, Moderna, Novavax, Pfizer/BioNTech, Pfizer/BioNTech Kids",6961261,6872571,4185548,55,13833832
2022-05-18,"Indie/AstraZeneca, Johnson&Johnson, Moderna, Novavax, Pfizer/BioNTech, Pfizer/BioNTech Kids",6961497,6872904,4187566,56,13834401
2022-05-19,"Johnson&Johnson, Moderna, Novavax, Pfizer/BioNTech, Pfizer/BioNTech Kids",6961692,6873156,4189398,56,13834848
2022-05-20,"Johnson&Johnson, Moderna, Novavax, Pfizer/BioNTech, Pfizer/BioNTech Kids",6961997,6873710,4193411,59,13835707
2022-05-21,"Johnson&Johnson, Moderna, Novavax, Pfizer/BioNTech, Pfizer/BioNTech Kids",6962036,6873739,4193683,59,13835775
2022-05-22,"Johnson&Johnson, Moderna, Pfizer/BioNTech, Pfizer/BioNTech Kids",6962046,6873748,4193826,59,13835794
2022-05-23,"Johnson&Johnson, Moderna, Novavax, Pfizer/BioNTech, Pfizer/BioNTech Kids",6962168,6873903,4195149,59,13836071
2022-05-24,"Johnson&Johnson, Moderna, Novavax, Pfizer/BioNTech, Pfizer/BioNTech Kids",6962299,6874078,4196399,59,13836377
2022-05-25,"Indie/AstraZeneca, Johnson&Johnson, Moderna, Novavax, Oxford/AstraZeneca, Pfizer/BioNTech, Pfizer/BioNTech Kids",6962481,6874327,4198770,59,13836808
2022-05-26,"Johnson&Johnson, Moderna, Novavax, Pfizer/BioNTech, Pfizer/BioNTech Kids",6962634,6874553,4200430,59,13837187
2022-05-27,"Johnson&Johnson, Moderna, Novavax, Pfizer/BioNTech, Pfizer/BioNTech Kids",6962906,6875021,4204186,60,13837927
2022-05-28,"Moderna, Novavax, Pfizer/BioNTech, Pfizer/BioNTech Kids",6962944,6875070,4204576,60,13838014
2022-05-29,"Moderna, Novavax, Pfizer/BioNTech, Pfizer/BioNTech Kids",6962953,6875074,4204692,60,13838027
2022-05-30,"Johnson&Johnson, Moderna, Novavax, Oxford/AstraZeneca, Pfizer/BioNTech, Pfizer/BioNTech Kids",6963045,6875238,4205771,60,13838283
2022-05-31,"Johnson&Johnson, Moderna, Novavax, Pfizer/BioNTech, Pfizer/BioNTech Kids",6963194,6875438,4207028,61,13838632
2022-06-01,"Johnson&Johnson, Moderna, Novavax, Pfizer/BioNTech, Pfizer/BioNTech Kids",6963334,6875668,4208464,61,13839002
2022-06-02,"Moderna, Novavax, Pfizer/BioNTech, Pfizer/BioNTech Kids",6963464,6875913,4209804,61,13839377
2022-06-03,"Johnson&Johnson, Moderna, Novavax, Pfizer/BioNTech, Pfizer/BioNTech Kids",6963725,6876373,4212724,62,13840098
2022-06-04,"Johnson&Johnson, Moderna, Novavax, Pfizer/BioNTech, Pfizer/BioNTech Kids",6963759,6876413,4213129,62,13840172
2022-06-05,"Moderna, Novavax, Pfizer/BioNTech, Pfizer/BioNTech Kids",6963766,6876419,4213235,62,13840185
2022-06-06,"Johnson&Johnson, Moderna, Novavax, Pfizer/BioNTech, Pfizer/BioNTech Kids",6963860,6876563,4214354,63,13840423
2022-06-07,"Johnson&Johnson, Moderna, Novavax, Pfizer/BioNTech, Pfizer/BioNTech Kids",6963947,6876722,4215213,63,13840669
2022-06-08,"Johnson&Johnson, Moderna, Novavax, Pfizer/BioNTech, Pfizer/BioNTech Kids",6964083,6876970,4216708,63,13841053
2022-06-09,"Johnson&Johnson, Moderna, Novavax, Pfizer/BioNTech, Pfizer/BioNTech Kids",6964184,6877172,4217914,63,13841356
2022-06-10,"Johnson&Johnson, Moderna, Novavax, Pfizer/BioNTech, Pfizer/BioNTech Kids",6964369,6877513,4220198,64,13841882
2022-06-11,"Moderna, Novavax, Pfizer/BioNTech, Pfizer/BioNTech Kids",6964383,6877552,4220376,64,13841935
2022-06-12,"Moderna, Novavax, Pfizer/BioNTech, Pfizer/BioNTech Kids",6964389,6877575,4220458,64,13841964
2022-06-13,"Johnson&Johnson, Moderna, Novavax, Oxford/AstraZeneca, Pfizer/BioNTech, Pfizer/BioNTech Kids",6964454,6877700,4221307,65,13842154
2022-06-14,"Johnson&Johnson, Moderna, Novavax, Pfizer/BioNTech, Pfizer/BioNTech Kids",6964534,6877848,4222109,66,13842382
2022-06-15,"Johnson&Johnson, Moderna, Novavax, Pfizer/BioNTech, Pfizer/BioNTech Kids",6964618,6878043,4223271,68,13842661
2022-06-16,"Johnson&Johnson, Moderna, Novavax, Pfizer/BioNTech, Pfizer/BioNTech Kids",6964684,6878220,4224230,68,13842904
2022-06-17,"Johnson&Johnson, Moderna, Novavax, Pfizer/BioNTech, Pfizer/BioNTech Kids, Čína",6964838,6878508,4226398,68,13843346
2022-06-18,"Moderna, Novavax, Pfizer/BioNTech, Pfizer/BioNTech Kids",6964850,6878547,4226508,68,13843397
2022-06-19,"Moderna, Pfizer/BioNTech, Pfizer/BioNTech Kids",6964854,6878555,4226567,68,13843409
2022-06-20,"Johnson&Johnson, Moderna, Novavax, Pfizer/BioNTech, Pfizer/BioNTech Kids",6964921,6878679,4227281,71,13843600
2022-06-21,"Johnson&Johnson, Moderna, Novavax, Pfizer/BioNTech, Pfizer/BioNTech Kids",6964984,6878805,4228059,72,13843789
2022-06-22,"Johnson&Johnson, Moderna, Novavax, Pfizer/BioNTech, Pfizer/BioNTech Kids",6965081,6878989,4229191,74,13844070
2022-06-23,"Johnson&Johnson, Moderna, Novavax, Pfizer/BioNTech, Pfizer/BioNTech Kids",6965141,6879157,4230184,74,13844298
2022-06-24,"Johnson&Johnson, Moderna, Novavax, Pfizer/BioNTech, Pfizer/BioNTech Kids",6965303,6879508,4232087,74,13844811
2022-06-25,"Moderna, Novavax, Pfizer/BioNTech, Pfizer/BioNTech Kids",6965322,6879561,4232437,74,13844883
2022-06-26,"Moderna, Pfizer/BioNTech, Pfizer/BioNTech Kids",6965324,6879572,4232504,74,13844896
2022-06-27,"Johnson&Johnson, Moderna, Novavax, Pfizer/BioNTech, Pfizer/BioNTech Kids",6965397,6879688,4233342,74,13845085
2022-06-28,"Johnson&Johnson, Moderna, Novavax, Pfizer/BioNTech, Pfizer/BioNTech Kids",6965473,6879807,4234165,74,13845280
2022-06-29,"Johnson&Johnson, Moderna, Novavax, Pfizer/BioNTech, Pfizer/BioNTech Kids",6965597,6879993,4235493,74,13845590
2022-06-30,"Johnson&Johnson, Moderna, Novavax, Pfizer/BioNTech, Pfizer/BioNTech Kids",6965697,6880150,4236675,75,13845847
2022-07-01,"Johnson&Johnson, Moderna, Novavax, Oxford/AstraZeneca, Pfizer/BioNTech, Pfizer/BioNTech Kids",6965880,6880400,4238740,77,13846280
2022-07-02,"Moderna, Novavax, Pfizer/BioNTech, Pfizer/BioNTech Kids",6965894,6880407,4238881,77,13846301
2022-07-03,"Moderna, Pfizer/BioNTech, Pfizer/BioNTech Kids",6965898,6880417,4238945,77,13846315
2022-07-04,"Johnson&Johnson, Moderna, Novavax, Pfizer/BioNTech, Pfizer/BioNTech Kids",6965984,6880485,4239737,77,13846469
2022-07-05,"Moderna, Novavax, Pfizer/BioNTech, Pfizer/BioNTech Kids",6965995,6880487,4239773,80,13846482
2022-07-06,"Moderna, Pfizer/BioNTech",6966003,6880495,4239811,80,13846498
2022-07-07,"Johnson&Johnson, Moderna, Novavax, Pfizer/BioNTech, Pfizer/BioNTech Kids",6966111,6880598,4240798,81,13846709
2022-07-08,"Indie/AstraZeneca, Johnson&Johnson, Moderna, Novavax, Oxford/AstraZeneca, Pfizer/BioNTech, Pfizer/BioNTech Kids",6966275,6880794,4242945,90,13847069
2022-07-09,"Johnson&Johnson, Moderna, Novavax, Pfizer/BioNTech, Pfizer/BioNTech Kids",6966285,6880803,4243065,90,13847088
2022-07-10,"Moderna, Pfizer/BioNTech, Pfizer/BioNTech Kids",6966289,6880813,4243153,90,13847102
2022-07-11,"Johnson&Johnson, Moderna, Novavax, Pfizer/BioNTech, Pfizer/BioNTech Kids",6966389,6880905,4244251,101,13847294
2022-07-12,"Johnson&Johnson, Moderna, Novavax, Pfizer/BioNTech, Pfizer/BioNTech Kids",6966492,6881001,4245320,104,13847493
2022-07-13,"Johnson&Johnson, Moderna, Novavax, Pfizer/BioNTech, Pfizer/BioNTech Kids",6966667,6881130,4247207,108,13847797
2022-07-14,"Johnson&Johnson, Moderna, Novavax, Pfizer/BioNTech, Pfizer/BioNTech Kids",6966801,6881228,4248529,113,13848029
2022-07-15,"Johnson&Johnson, Moderna, Novavax, Pfizer/BioNTech, Pfizer/BioNTech Kids",6967060,6881440,4251766,157,13848500
2022-07-16,"Johnson&Johnson, Moderna, Novavax, Pfizer/BioNTech, Pfizer/BioNTech Kids",6967097,6881472,4252169,159,13848569
2022-07-17,"Moderna, Pfizer/BioNTech, Pfizer/BioNTech Kids, Čína",6967103,6881479,4252266,159,13848582
2022-07-18,"Johnson&Johnson, Moderna, Novavax, Oxford/AstraZeneca, Pfizer/BioNTech, Pfizer/BioNTech Kids",6967241,6881582,4253311,2126,13848823
2022-07-19,"Johnson&Johnson, Moderna, Novavax, Pfizer/BioNTech, Pfizer/BioNTech Kids",6967337,6881651,4254331,5173,13848988
2022-07-20,"Johnson&Johnson, Moderna, Novavax, Pfizer/BioNTech, Pfizer/BioNTech Kids",6967439,6881761,4256081,8987,13849200
2022-07-21,"Johnson&Johnson, Moderna, Novavax, Pfizer/BioNTech, Pfizer/BioNTech Kids",6967558,6881845,4257435,13216,13849403
2022-07-22,"Johnson&Johnson, Moderna, Novavax, Oxford/AstraZeneca, Pfizer/BioNTech, Pfizer/BioNTech Kids",6967769,6882061,4260262,21040,13849830
2022-07-23,"Johnson&Johnson, Moderna, Novavax, Pfizer/BioNTech, Pfizer/BioNTech Kids",6967793,6882077,4260391,21402,13849870
2022-07-24,"Moderna, Pfizer/BioNTech, Pfizer/BioNTech Kids",6967798,6882087,4260455,21623,13849885
2022-07-25,"Johnson&Johnson, Moderna, Novavax, Pfizer/BioNTech, Pfizer/BioNTech Kids",6967892,6882168,4261447,25690,13850060
2022-07-26,"Johnson&Johnson, Moderna, Novavax, Pfizer/BioNTech, Pfizer/BioNTech Kids",6968000,6882243,4262632,31098,13850243
2022-07-27,"Johnson&Johnson, Moderna, Novavax, Pfizer/BioNTech, Pfizer/BioNTech Kids",6968128,6882332,4264372,37545,13850460
2022-07-28,"Johnson&Johnson, Moderna, Novavax, Pfizer/BioNTech, Pfizer/BioNTech Kids",6968247,6882461,4265890,43119,13850708
2022-07-29,"Johnson&Johnson, Moderna, Novavax, Pfizer/BioNTech, Pfizer/BioNTech Kids",6968489,6882675,4268463,49565,13851164
2022-07-30,"Johnson&Johnson, Moderna, Novavax, Pfizer/BioNTech, Pfizer/BioNTech Kids",6968505,6882690,4268654,50272,13851195
2022-07-31,"Johnson&Johnson, Moderna, Pfizer/BioNTech, Pfizer/BioNTech Kids",6968518,6882695,4268742,50383,13851213
2022-08-01,"Johnson&Johnson, Moderna, Novavax, Pfizer/BioNTech, Pfizer/BioNTech Kids",6968613,6882786,4269660,53069,13851399
2022-08-02,"Johnson&Johnson, Moderna, Novavax, Pfizer/BioNTech, Pfizer/BioNTech Kids",6968727,6882874,4270725,57321,13851601
2022-08-03,"Johnson&Johnson, Moderna, Novavax, Pfizer/BioNTech, Pfizer/BioNTech Kids",6968866,6883012,4272063,61869,13851878
2022-08-04,"Johnson&Johnson, Moderna, Novavax, Pfizer/BioNTech, Pfizer/BioNTech Kids",6969012,6883173,4273514,67008,13852185
2022-08-05,"Johnson&Johnson, Moderna, Novavax, Pfizer/BioNTech, Pfizer/BioNTech Kids",6969249,6883425,4275545,72638,13852674
2022-08-06,"Johnson&Johnson, Moderna, Novavax, Pfizer/BioNTech, Pfizer/BioNTech Kids",6969265,6883453,4275843,72866,13852718
2022-08-07,"Moderna, Pfizer/BioNTech, Pfizer/BioNTech Kids",6969269,6883457,4275909,72947,13852726
2022-08-08,"Johnson&Johnson, Moderna, Novavax, Pfizer/BioNTech, Pfizer/BioNTech Kids",6969370,6883570,4276688,75889,13852940
2022-08-09,"Johnson&Johnson, Moderna, Novavax, Pfizer/BioNTech, Pfizer/BioNTech Kids",6969479,6883654,4277778,80429,13853133
2022-08-10,"Johnson&Johnson, Moderna, Novavax, Pfizer/BioNTech, Pfizer/BioNTech Kids",6969603,6883762,4278927,85203,13853365
2022-08-11,"Johnson&Johnson, Moderna, Novavax, Pfizer/BioNTech, Pfizer/BioNTech Kids",6969710,6883895,4280084,90085,13853605
2022-08-12,"Johnson&Johnson, Moderna, Novavax, Pfizer/BioNTech, Pfizer/BioNTech Kids",6969855,6884107,4281893,95540,13853962
2022-08-13,"Johnson&Johnson, Moderna, Pfizer/BioNTech, Pfizer/BioNTech Kids",6969870,6884136,4281988,95728,13854006
2022-08-14,"Moderna, Pfizer/BioNTech, Pfizer/BioNTech Kids",6969873,6884140,4282039,95767,13854013
2022-08-15,"Johnson&Johnson, Moderna, Novavax, Pfizer/BioNTech, Pfizer/BioNTech Kids",6969965,6884259,4282838,98851,13854224
2022-08-16,"Johnson&Johnson, Moderna, Novavax, Pfizer/BioNTech, Pfizer/BioNTech Kids",6970062,6884368,4283765,103134,13854430
2022-08-17,"Johnson&Johnson, Moderna, Novavax, Pfizer/BioNTech, Pfizer/BioNTech Kids, Čína",6970150,6884495,4284794,108520,13854645
2022-08-18,"Johnson&Johnson, Moderna, Novavax, Pfizer/BioNTech, Pfizer/BioNTech Kids",6970258,6884638,4285978,114481,13854896
2022-08-19,"Johnson&Johnson, Moderna, Novavax, Pfizer/BioNTech, Pfizer/BioNTech Kids",6970434,6884856,4287811,121536,13855290
2022-08-20,"Moderna, Novavax, Oxford/AstraZeneca, Pfizer/BioNTech, Pfizer/BioNTech Kids",6970445,6884867,4287982,122432,13855312
2022-08-21,"Moderna, Pfizer/BioNTech, Pfizer/BioNTech Kids",6970448,6884877,4288033,122649,13855325
2022-08-22,"Johnson&Johnson, Moderna, Novavax, Oxford/AstraZeneca, Pfizer/BioNTech, Pfizer/BioNTech Kids",6970536,6884981,4288809,126468,13855517
2022-08-23,"Johnson&Johnson, Moderna, Novavax, Pfizer/BioNTech, Pfizer/BioNTech Kids",6970668,6885118,4289737,131175,13855786
2022-08-24,"Johnson&Johnson, Moderna, Novavax, Pfizer/BioNTech, Pfizer/BioNTech Kids",6970764,6885252,4290807,136611,13856016
2022-08-25,"Johnson&Johnson, Moderna, Novavax, Pfizer/BioNTech, Pfizer/BioNTech Kids",6970880,6885364,4292010,142789,13856244
2022-08-26,"Johnson&Johnson, Moderna, Novavax, Pfizer/BioNTech, Pfizer/BioNTech Kids",6971046,6885597,4293691,149514,13856643
2022-08-27,"Johnson&Johnson, Moderna, Novavax, Pfizer/BioNTech, Pfizer/BioNTech Kids",6971082,6885626,4293915,149860,13856708
2022-08-28,"Moderna, Novavax, Pfizer/BioNTech, Pfizer/BioNTech Kids",6971090,6885637,4293960,149945,13856727
2022-08-29,"Johnson&Johnson, Moderna, Novavax, Pfizer/BioNTech, Pfizer/BioNTech Kids",6971166,6885736,4294736,153431,13856902
2022-08-30,"Johnson&Johnson, Moderna, Novavax, Pfizer/BioNTech, Pfizer/BioNTech Kids",6971260,6885837,4295649,158415,13857097
2022-08-31,"Johnson&Johnson, Moderna, Novavax, Pfizer/BioNTech, Pfizer/BioNTech Kids",6971382,6885976,4296639,163009,13857358
2022-09-01,"Johnson&Johnson, Moderna, Novavax, Pfizer/BioNTech, Pfizer/BioNTech Kids",6971492,6886092,4297598,168734,13857584
2022-09-02,"Johnson&Johnson, Moderna, Novavax, Pfizer/BioNTech, Pfizer/BioNTech Kids",6971667,6886287,4298952,174946,13857954
2022-09-03,"Johnson&Johnson, Moderna, Novavax, Pfizer/BioNTech, Pfizer/BioNTech Kids",6971682,6886303,4299032,175054,13857985
2022-09-04,"Moderna, Pfizer/BioNTech, Pfizer/BioNTech Kids",6971687,6886304,4299064,175088,13857991
2022-09-05,"Johnson&Johnson, Moderna, Novavax, Pfizer/BioNTech, Pfizer/BioNTech Kids",6971764,6886402,4299796,178922,13858166
2022-09-06,"Johnson&Johnson, Moderna, Novavax, Pfizer/BioNTech, Pfizer/BioNTech Kids",6971840,6886494,4300522,183677,13858334
2022-09-07,"Johnson&Johnson, Moderna, Novavax, Oxford/AstraZeneca, Pfizer/BioNTech, Pfizer/BioNTech Kids, Pfizer/BioNTech original + BA.1",6971920,6886584,4301420,189456,13858504
2022-09-08,"Johnson&Johnson, Moderna, Novavax, Pfizer/BioNTech, Pfizer/BioNTech Kids, Pfizer/BioNTech original + BA.1",6972011,6886680,4302419,195421,13858691
2022-09-09,"Johnson&Johnson, Moderna, Novavax, Pfizer/BioNTech, Pfizer/BioNTech Kids, Pfizer/BioNTech original + BA.1, Pfizer/BioNTech original + BA.4/5",6972160,6886825,4303589,201147,13858985
2022-09-10,"Moderna, Novavax, Pfizer/BioNTech, Pfizer/BioNTech Kids, Pfizer/BioNTech original + BA.1",6972171,6886840,4303675,201293,13859011
2022-09-11,"Moderna, Pfizer/BioNTech, Pfizer/BioNTech Kids, Pfizer/BioNTech original + BA.1",6972179,6886843,4303698,201331,13859022
2022-09-12,"Johnson&Johnson, Moderna, Moderna bivalent BA.1, Novavax, Pfizer/BioNTech, Pfizer/BioNTech Kids, Pfizer/BioNTech original + BA.1, Pfizer/BioNTech original + BA.4/5",6972275,6886940,4304302,204708,13859215
2022-09-13,"Johnson&Johnson, Moderna, Novavax, Pfizer/BioNTech, Pfizer/BioNTech Kids, Pfizer/BioNTech original + BA.1",6972363,6887033,4305024,209950,13859396
2022-09-14,"Johnson&Johnson, Moderna, Novavax, Pfizer/BioNTech, Pfizer/BioNTech Kids, Pfizer/BioNTech original + BA.1, Pfizer/BioNTech original + BA.4/5",6972457,6887143,4305851,216191,13859600
2022-09-15,"Johnson&Johnson, Moderna, Novavax, Oxford/AstraZeneca, Pfizer/BioNTech, Pfizer/BioNTech Kids, Pfizer/BioNTech original + BA.1, Pfizer/BioNTech original + BA.4/5",6972560,6887239,4306852,223567,13859799
2022-09-16,"Johnson&Johnson, Moderna, Moderna bivalent BA.1, Novavax, Pfizer/BioNTech, Pfizer/BioNTech Kids, Pfizer/BioNTech original + BA.1, Pfizer/BioNTech original + BA.4/5",6972710,6887418,4308227,232811,13860128
2022-09-17,"Johnson&Johnson, Moderna, Pfizer/BioNTech, Pfizer/BioNTech Kids, Pfizer/BioNTech original + BA.1",6972718,6887438,4308419,233647,13860156
2022-09-18,"Johnson&Johnson, Moderna, Novavax, Pfizer/BioNTech, Pfizer/BioNTech Kids, Pfizer/BioNTech original + BA.1, Pfizer/BioNTech original + BA.4/5",6972723,6887447,4308496,233879,13860170
2022-09-19,"Johnson&Johnson, Moderna, Moderna bivalent BA.1, Novavax, Pfizer/BioNTech, Pfizer/BioNTech Kids, Pfizer/BioNTech original + BA.1, Pfizer/BioNTech original + BA.4/5",6972787,6887508,4309137,239444,13860295
2022-09-20,"Johnson&Johnson, Moderna, Novavax, Pfizer/BioNTech, Pfizer/BioNTech Kids, Pfizer/BioNTech original + BA.1, Pfizer/BioNTech original + BA.4/5",6972878,6887582,4310053,247584,13860460
2022-09-21,"Moderna, Moderna bivalent BA.1, Novavax, Oxford/AstraZeneca, Pfizer/BioNTech, Pfizer/BioNTech Kids, Pfizer/BioNTech original + BA.1, Pfizer/BioNTech original + BA.4/5",6972963,6887682,4311103,257126,13860645
2022-09-22,"Johnson&Johnson, Moderna, Moderna bivalent BA.1, Novavax, Pfizer/BioNTech, Pfizer/BioNTech Kids, Pfizer/BioNTech original + BA.1, Pfizer/BioNTech original + BA.4/5",6973026,6887773,4312003,266536,13860799
2022-09-23,"Johnson&Johnson, Moderna, Moderna bivalent BA.1, Novavax, Pfizer/BioNTech, Pfizer/BioNTech Kids, Pfizer/BioNTech original + BA.1, Pfizer/BioNTech original + BA.4/5",6973149,6887925,4313219,277241,13861074
2022-09-24,"Moderna, Moderna bivalent BA.1, Novavax, Pfizer/BioNTech, Pfizer/BioNTech Kids, Pfizer/BioNTech original + BA.1, Pfizer/BioNTech original + BA.4/5",6973154,6887941,4313311,277618,13861095
2022-09-25,"Moderna, Pfizer/BioNTech, Pfizer/BioNTech original + BA.1, Pfizer/BioNTech original + BA.4/5",6973156,6887942,4313336,277763,13861098
2022-09-26,"Johnson&Johnson, Moderna, Moderna bivalent BA.1, Novavax, Pfizer/BioNTech, Pfizer/BioNTech Kids, Pfizer/BioNTech original + BA.1, Pfizer/BioNTech original + BA.4/5",6973190,6888012,4314033,284325,13861202
2022-09-27,"Johnson&Johnson, Moderna, Moderna bivalent BA.1, Novavax, Oxford/AstraZeneca, Pfizer/BioNTech, Pfizer/BioNTech Kids, Pfizer/BioNTech original + BA.1, Pfizer/BioNTech original + BA.4/5",6973269,6888117,4314901,293081,13861386
2022-09-28,"Moderna, Pfizer/BioNTech, Pfizer/BioNTech Kids, Pfizer/BioNTech original + BA.1, Pfizer/BioNTech original + BA.4/5",6973272,6888118,4314914,293148,13861390
2022-09-29,"Johnson&Johnson, Moderna, Moderna bivalent BA.1, Novavax, Pfizer/BioNTech, Pfizer/BioNTech Kids, Pfizer/BioNTech original + BA.1, Pfizer/BioNTech original + BA.4/5",6973333,6888210,4315860,302409,13861543
2022-09-30,"Johnson&Johnson, Moderna, Moderna bivalent BA.1, Novavax, Pfizer/BioNTech, Pfizer/BioNTech Kids, Pfizer/BioNTech original + BA.1, Pfizer/BioNTech original + BA.4/5",6973461,6888375,4317249,313898,13861836
2022-10-01,"Moderna, Moderna bivalent BA.1, Pfizer/BioNTech, Pfizer/BioNTech Kids, Pfizer/BioNTech original + BA.1, Pfizer/BioNTech original + BA.4/5",6973469,6888386,4317343,314456,13861855
2022-10-02,"Moderna bivalent BA.1, Novavax, Pfizer/BioNTech, Pfizer/BioNTech original + BA.4/5",6973472,6888387,4317419,314993,13861859
2022-10-03,"Johnson&Johnson, Moderna, Moderna bivalent BA.1, Novavax, Pfizer/BioNTech, Pfizer/BioNTech Kids, Pfizer/BioNTech original + BA.1, Pfizer/BioNTech original + BA.4/5",6973559,6888473,4318185,322933,13862032
2022-10-04,"Johnson&Johnson, Moderna, Moderna bivalent BA.1, Novavax, Pfizer/BioNTech, Pfizer/BioNTech Kids, Pfizer/BioNTech original + BA.1, Pfizer/BioNTech original + BA.4/5",6973640,6888569,4319027,333066,13862209
2022-10-05,"Johnson&Johnson, Moderna, Moderna bivalent BA.1, Novavax, Pfizer/BioNTech, Pfizer/BioNTech Kids, Pfizer/BioNTech original + BA.1, Pfizer/BioNTech original + BA.4/5",6973705,6888660,4320067,344929,13862365
2022-10-06,"Johnson&Johnson, Moderna, Moderna bivalent BA.1, Novavax, Pfizer/BioNTech, Pfizer/BioNTech Kids, Pfizer/BioNTech original + BA.1, Pfizer/BioNTech original + BA.4/5",6973796,6888793,4321256,358257,13862589
2022-10-07,"Johnson&Johnson, Moderna, Moderna bivalent BA.1, Novavax, Pfizer/BioNTech, Pfizer/BioNTech Kids, Pfizer/BioNTech original + BA.1, Pfizer/BioNTech original + BA.4/5",6973936,6888954,4322876,375193,13862890
2022-10-08,"Moderna bivalent BA.1, Novavax, Pfizer/BioNTech, Pfizer/BioNTech Kids, Pfizer/BioNTech original + BA.1, Pfizer/BioNTech original + BA.4/5",6973952,6888961,4323011,376143,13862913
2022-10-09,"Moderna bivalent BA.1, Pfizer/BioNTech, Pfizer/BioNTech original + BA.1, Pfizer/BioNTech original + BA.4/5",6973952,6888962,4323040,376297,13862914
2022-10-10,"Johnson&Johnson, Moderna, Moderna bivalent BA.1, Novavax, Pfizer/BioNTech, Pfizer/BioNTech Kids, Pfizer/BioNTech original + BA.1, Pfizer/BioNTech original + BA.4/5",6973992,6889031,4323802,385545,13863023
2022-10-11,"Johnson&Johnson, Moderna, Moderna bivalent BA.1, Novavax, Pfizer/BioNTech, Pfizer/BioNTech Kids, Pfizer/BioNTech original + BA.1, Pfizer/BioNTech original + BA.4/5",6974058,6889132,4324885,398225,13863190
2022-10-12,"Moderna, Moderna bivalent BA.1, Novavax, Pfizer/BioNTech, Pfizer/BioNTech Kids, Pfizer/BioNTech original + BA.1, Pfizer/BioNTech original + BA.4/5",6974150,6889228,4326152,412007,13863378
2022-10-13,"Johnson&Johnson, Moderna, Moderna bivalent BA.1, Novavax, Pfizer/BioNTech, Pfizer/BioNTech Kids, Pfizer/BioNTech original + BA.1, Pfizer/BioNTech original + BA.4/5",6974234,6889325,4327479,426929,13863559
2022-10-14,"Johnson&Johnson, Moderna, Moderna bivalent BA.1, Novavax, Pfizer/BioNTech, Pfizer/BioNTech Kids, Pfizer/BioNTech original + BA.1, Pfizer/BioNTech original + BA.4/5",6974367,6889469,4329429,445667,13863836
2022-10-15,"Moderna bivalent BA.1, Pfizer/BioNTech, Pfizer/BioNTech Kids, Pfizer/BioNTech original + BA.1, Pfizer/BioNTech original + BA.4/5",6974381,6889480,4329590,446907,13863861
2022-10-16,"Moderna, Moderna bivalent BA.1, Novavax, Pfizer/BioNTech, Pfizer/BioNTech Kids, Pfizer/BioNTech original + BA.1, Pfizer/BioNTech original + BA.4/5",6974382,6889483,4329619,447081,13863865
2022-10-17,"Johnson&Johnson, Moderna, Moderna bivalent BA.1, Novavax, Pfizer/BioNTech, Pfizer/BioNTech Kids, Pfizer/BioNTech original + BA.1, Pfizer/BioNTech original + BA.4/5",6974432,6889536,4330467,455794,13863968
2022-10-18,"Johnson&Johnson, Moderna, Moderna bivalent BA.1, Novavax, Pfizer/BioNTech, Pfizer/BioNTech Kids, Pfizer/BioNTech original + BA.1, Pfizer/BioNTech original + BA.4/5",6974495,6889598,4331588,468320,13864093
2022-10-19,"Johnson&Johnson, Moderna, Moderna bivalent BA.1, Novavax, Pfizer/BioNTech, Pfizer/BioNTech Kids, Pfizer/BioNTech original + BA.1, Pfizer/BioNTech original + BA.4/5",6974546,6889655,4332815,481803,13864201
2022-10-20,"Johnson&Johnson, Moderna, Moderna bivalent BA.1, Novavax, Pfizer/BioNTech, Pfizer/BioNTech Kids, Pfizer/BioNTech original + BA.1, Pfizer/BioNTech original + BA.4/5",6974614,6889722,4334135,497164,13864336
2022-10-21,"Johnson&Johnson, Moderna, Moderna bivalent BA.1, Novavax, Pfizer/BioNTech, Pfizer/BioNTech Kids, Pfizer/BioNTech original + BA.1, Pfizer/BioNTech original + BA.4/5",6974733,6889830,4335965,515930,13864563
2022-10-22,"Johnson&Johnson, Moderna, Moderna bivalent BA.1, Novavax, Pfizer/BioNTech, Pfizer/BioNTech Kids, Pfizer/BioNTech original + BA.1, Pfizer/BioNTech original + BA.4/5",6974751,6889845,4336109,517456,13864596
2022-10-23,"Moderna, Moderna bivalent BA.1, Novavax, Pfizer/BioNTech, Pfizer/BioNTech Kids, Pfizer/BioNTech original + BA.1, Pfizer/BioNTech original + BA.4/5",6974753,6889849,4336136,517619,13864602
2022-10-24,"Johnson&Johnson, Moderna, Moderna bivalent BA.1, Novavax, Pfizer/BioNTech, Pfizer/BioNTech Kids, Pfizer/BioNTech original + BA.1, Pfizer/BioNTech original + BA.4/5",6974782,6889900,4336889,526200,13864682
2022-10-25,"Johnson&Johnson, Moderna, Moderna bivalent BA.1, Novavax, Pfizer/BioNTech, Pfizer/BioNTech Kids, Pfizer/BioNTech original + BA.1, Pfizer/BioNTech original + BA.4/5",6974846,6889977,4337866,538048,13864823
2022-10-26,"Johnson&Johnson, Moderna, Moderna bivalent BA.1, Novavax, Pfizer/BioNTech, Pfizer/BioNTech Kids, Pfizer/BioNTech original + BA.1, Pfizer/BioNTech original + BA.4/5",6974900,6890033,4338951,550402,13864933
2022-10-27,"Johnson&Johnson, Moderna, Moderna bivalent BA.1, Novavax, Pfizer/BioNTech, Pfizer/BioNTech Kids, Pfizer/BioNTech original + BA.1, Pfizer/BioNTech original + BA.4/5",6974934,6890119,4340196,563785,13865053
2022-10-28,"Moderna, Pfizer/BioNTech, Pfizer/BioNTech original + BA.1, Pfizer/BioNTech original + BA.4/5",6974934,6890123,4340234,564244,13865057
2022-10-29,"Johnson&Johnson, Moderna, Moderna bivalent BA.1, Novavax, Pfizer/BioNTech, Pfizer/BioNTech Kids, Pfizer/BioNTech original + BA.1, Pfizer/BioNTech original + BA.4/5",6974940,6890138,4340363,565153,13865078
2022-10-30,"Moderna, Moderna bivalent BA.1, Pfizer/BioNTech, Pfizer/BioNTech Kids, Pfizer/BioNTech original + BA.4/5",6974942,6890141,4340383,565585,13865083
2022-10-31,"Johnson&Johnson, Moderna, Moderna bivalent BA.1, Novavax, Pfizer/BioNTech, Pfizer/BioNTech Kids, Pfizer/BioNTech original + BA.1, Pfizer/BioNTech original + BA.4/5",6974994,6890226,4341014,572499,13865220
2022-11-01,"Johnson&Johnson, Moderna, Moderna bivalent BA.1, Novavax, Pfizer/BioNTech, Pfizer/BioNTech Kids, Pfizer/BioNTech original + BA.1, Pfizer/BioNTech original + BA.4/5",6975037,6890279,4341814,582612,13865316
2022-11-02,"Johnson&Johnson, Moderna, Moderna bivalent BA.1, Novavax, Pfizer/BioNTech, Pfizer/BioNTech Kids, Pfizer/BioNTech original + BA.1, Pfizer/BioNTech original + BA.4/5",6975071,6890353,4342663,593332,13865424
2022-11-03,"Johnson&Johnson, Moderna, Moderna bivalent BA.1, Novavax, Pfizer/BioNTech, Pfizer/BioNTech Kids, Pfizer/BioNTech original + BA.1, Pfizer/BioNTech original + BA.4/5",6975111,6890434,4343545,605010,13865545
2022-11-04,"Johnson&Johnson, Moderna, Moderna bivalent BA.1, Novavax, Pfizer/BioNTech, Pfizer/BioNTech Kids, Pfizer/BioNTech original + BA.1, Pfizer/BioNTech original + BA.4/5",6975235,6890582,4344901,620213,13865817
2022-11-05,"Moderna bivalent BA.1, Novavax, Pfizer/BioNTech, Pfizer/BioNTech Kids, Pfizer/BioNTech original + BA.1, Pfizer/BioNTech original + BA.4/5",6975243,6890593,4344996,621040,13865836
2022-11-06,"Moderna bivalent BA.1, Novavax, Pfizer/BioNTech, Pfizer/BioNTech original + BA.1, Pfizer/BioNTech original + BA.4/5",6975245,6890593,4345022,621170,13865838
2022-11-07,"Johnson&Johnson, Moderna, Moderna bivalent BA.1, Novavax, Pfizer/BioNTech, Pfizer/BioNTech Kids, Pfizer/BioNTech original + BA.1, Pfizer/BioNTech original + BA.4/5",6975283,6890651,4345575,627859,13865934
2022-11-08,"Johnson&Johnson, Moderna, Moderna bivalent BA.1, Novavax, Pfizer/BioNTech, Pfizer/BioNTech Kids, Pfizer/BioNTech original + BA.1, Pfizer/BioNTech original + BA.4/5",6975330,6890715,4346251,637340,13866045
2022-11-09,"Johnson&Johnson, Moderna, Moderna bivalent BA.1, Novavax, Pfizer/BioNTech, Pfizer/BioNTech Kids, Pfizer/BioNTech original + BA.1, Pfizer/BioNTech original + BA.4/5",6975372,6890764,4346981,645976,13866136
2022-11-10,"Johnson&Johnson, Moderna, Moderna bivalent BA.1, Novavax, Pfizer/BioNTech, Pfizer/BioNTech Kids, Pfizer/BioNTech original + BA.1, Pfizer/BioNTech original + BA.4/5",6975427,6890825,4347700,655045,13866252
2022-11-11,"Johnson&Johnson, Moderna, Moderna bivalent BA.1, Novavax, Pfizer/BioNTech, Pfizer/BioNTech Kids, Pfizer/BioNTech original + BA.1, Pfizer/BioNTech original + BA.4/5",6975511,6890950,4348651,665972,13866461
2022-11-12,"Johnson&Johnson, Moderna bivalent BA.1, Novavax, Pfizer/BioNTech, Pfizer/BioNTech Kids, Pfizer/BioNTech original + BA.4/5",6975517,6890957,4348688,666210,13866474
2022-11-13,"Moderna, Novavax, Pfizer/BioNTech original + BA.4/5",6975517,6890959,4348709,666309,13866476
2022-11-14,"Johnson&Johnson, Moderna, Moderna bivalent BA.1, Novavax, Pfizer/BioNTech, Pfizer/BioNTech Kids, Pfizer/BioNTech original + BA.1, Pfizer/BioNTech original + BA.4/5",6975556,6891009,4349076,671261,13866565
2022-11-15,"Johnson&Johnson, Moderna, Moderna bivalent BA.1, Novavax, Pfizer/BioNTech, Pfizer/BioNTech Kids, Pfizer/BioNTech original + BA.1, Pfizer/BioNTech original + BA.4/5",6975608,6891071,4349659,678732,13866679
2022-11-16,"Johnson&Johnson, Moderna, Moderna bivalent BA.1, Novavax, Pfizer/BioNTech, Pfizer/BioNTech Kids, Pfizer/BioNTech original + BA.1, Pfizer/BioNTech original + BA.4/5",6975657,6891147,4350299,686797,13866804
2022-11-17,"Moderna, Moderna bivalent BA.1, Pfizer/BioNTech, Pfizer/BioNTech original + BA.1, Pfizer/BioNTech original + BA.4/5",6975658,6891148,4350315,687000,13866806
2022-11-18,"Johnson&Johnson, Moderna, Moderna bivalent BA.1, Novavax, Pfizer/BioNTech, Pfizer/BioNTech Kids, Pfizer/BioNTech original + BA.1, Pfizer/BioNTech original + BA.4/5",6975711,6891195,4350845,693250,13866906
2022-11-19,"Johnson&Johnson, Moderna bivalent BA.1, Novavax, Pfizer/BioNTech, Pfizer/BioNTech Kids, Pfizer/BioNTech original + BA.4/5",6975713,6891198,4350875,693561,13866911
2022-11-20,"Moderna bivalent BA.1, Pfizer/BioNTech, Pfizer/BioNTech original + BA.1, Pfizer/BioNTech original + BA.4/5",6975716,6891199,4350902,693851,13866915
2022-11-21,"Johnson&Johnson, Moderna, Moderna bivalent BA.1, Novavax, Pfizer/BioNTech, Pfizer/BioNTech Kids, Pfizer/BioNTech original + BA.1, Pfizer/BioNTech original + BA.4/5",6975754,6891244,4351202,697915,13866998
2022-11-22,"Johnson&Johnson, Moderna, Moderna bivalent BA.1, Novavax, Pfizer/BioNTech, Pfizer/BioNTech Kids, Pfizer/BioNTech original + BA.1, Pfizer/BioNTech original + BA.4/5",6975796,6891316,4351633,703591,13867112
2022-11-23,"Johnson&Johnson, Moderna, Moderna bivalent BA.1, Novavax, Pfizer/BioNTech, Pfizer/BioNTech Kids, Pfizer/BioNTech original + BA.1, Pfizer/BioNTech original + BA.4/5",6975826,6891354,4352094,709062,13867180
2022-11-24,"Johnson&Johnson, Moderna, Moderna bivalent BA.1, Novavax, Pfizer/BioNTech, Pfizer/BioNTech Kids, Pfizer/BioNTech original + BA.1, Pfizer/BioNTech original + BA.4/5",6975867,6891394,4352572,715291,13867261
